  -0.1589851E-05   0.3920514E+02   0.1386143E+04   0.2530987E-06   0.2764060E-06   0.5110065E+06   0.4090398E+00
  -0.1377871E-05   0.1348913E+03   0.4769237E+04   0.2461602E-06   0.2631289E-06   0.5110065E+06   0.4381169E+00
  -0.1165891E-05   0.2485013E+03   0.8786047E+04   0.2449445E-06   0.2314649E-06   0.5110064E+06   0.3802593E+00
  -0.9539105E-06   0.4353281E+03   0.1539152E+05   0.2418594E-06   0.2448920E-06   0.5110064E+06   0.4192789E+00
  -0.7419304E-06   0.6831498E+03   0.2415355E+05   0.2443625E-06   0.2396820E-06   0.5110064E+06   0.4104562E+00
  -0.5299503E-06   0.9892044E+03   0.3497446E+05   0.2433310E-06   0.2382871E-06   0.5110064E+06   0.4071823E+00
  -0.3179702E-06   0.1183179E+04   0.4183264E+05   0.2454563E-06   0.2497577E-06   0.5110064E+06   0.4220931E+00
  -0.1059901E-06   0.1307850E+04   0.4624054E+05   0.2549853E-06   0.2441164E-06   0.5110064E+06   0.4140786E+00
   0.1059901E-06   0.1343978E+04   0.4751789E+05   0.2389547E-06   0.2439911E-06   0.5110064E+06   0.4141615E+00
   0.3179702E-06   0.1207622E+04   0.4269686E+05   0.2336124E-06   0.2468228E-06   0.5110064E+06   0.3976410E+00
   0.5299503E-06   0.9321965E+03   0.3295887E+05   0.2450192E-06   0.2361687E-06   0.5110064E+06   0.3927271E+00
   0.7419304E-06   0.6380892E+03   0.2256037E+05   0.2485572E-06   0.2366777E-06   0.5110064E+06   0.4154996E+00
   0.9539105E-06   0.4213525E+03   0.1489740E+05   0.2394033E-06   0.2440814E-06   0.5110064E+06   0.3867473E+00
   0.1165891E-05   0.2508591E+03   0.8869409E+04   0.2305727E-06   0.2461965E-06   0.5110064E+06   0.3862785E+00
   0.1377871E-05   0.1434344E+03   0.5071288E+04   0.2226468E-06   0.2684155E-06   0.5110064E+06   0.3928448E+00
   0.1589851E-05   0.4115943E+02   0.1455239E+04   0.2735243E-06   0.2562688E-06   0.5110064E+06   0.3774833E+00
