  -0.1164448E-02   0.2444682E+02   0.1180113E+01   0.2035768E-06   0.2054204E-06   0.1513008E+08   0.5286802E+04
  -0.1009188E-02   0.1648737E+03   0.7958895E+01   0.4311252E-06   0.4110954E-06   0.1512335E+08   0.3758438E+04
  -0.8539284E-03   0.3893622E+03   0.1879555E+02   0.6483179E-06   0.6171869E-06   0.1512629E+08   0.3617433E+04
  -0.6986687E-03   0.5609102E+03   0.2707663E+02   0.8144251E-06   0.8923361E-06   0.1514206E+08   0.2887291E+04
  -0.5434090E-03   0.7486435E+03   0.3613902E+02   0.1001361E-05   0.1012094E-05   0.1516255E+08   0.1807134E+04
  -0.3881493E-03   0.8352737E+03   0.4032089E+02   0.9434810E-06   0.9775423E-06   0.1518505E+08   0.1137184E+04
  -0.2328896E-03   0.9392221E+03   0.4533876E+02   0.8404113E-06   0.8723478E-06   0.1520565E+08   0.8150409E+03
  -0.7762985E-04   0.9906730E+03   0.4782243E+02   0.7222086E-06   0.7818997E-06   0.1522733E+08   0.6250497E+03
   0.7762985E-04   0.1026228E+04   0.4953876E+02   0.7320311E-06   0.7841410E-06   0.1524786E+08   0.5280700E+03
   0.2328896E-03   0.9695162E+03   0.4680113E+02   0.7974904E-06   0.7776106E-06   0.1526639E+08   0.4805453E+03
   0.3881493E-03   0.9360080E+03   0.4518360E+02   0.8696340E-06   0.8326957E-06   0.1528437E+08   0.6876734E+03
   0.5434090E-03   0.8322522E+03   0.4017503E+02   0.9823986E-06   0.9968562E-06   0.1530299E+08   0.1319568E+04
   0.6986687E-03   0.6944217E+03   0.3352159E+02   0.1133338E-05   0.1104382E-05   0.1532063E+08   0.2264931E+04
   0.8539284E-03   0.5369188E+03   0.2591850E+02   0.1108032E-05   0.1045245E-05   0.1533706E+08   0.4394315E+04
   0.1009188E-02   0.2995515E+03   0.1446015E+02   0.9257941E-06   0.1044586E-05   0.1534733E+08   0.7211915E+04
   0.1164448E-02   0.5169837E+02   0.2495618E+01   0.5375975E-06   0.5868724E-06   0.1535363E+08   0.7437363E+04
