! Impact-T input file

!Npcol Nprow
4 1

!Dt Ntstep Nbunch
5e-13 1000000 1

!Dim Np Flagmap Flagerr Flagdiag Flagimg Zimage
6 10000 1 0 2 1 0.02

!Nx Ny Nz Flagbc Xrad Yrad Perdlen
16 16 16 1 0.015 0.015 45.0

!Flagdist Rstartflg Flagsbstp Nemission Temission
16 0 0 400 1.4e-11

!sigx(m) sigpx muxpx xscale pxscale xmu1(m) xmu2
0.0006 0.0 0.0 1.0 1.0 0.0 0.0

!sigy(m) sigpy muxpy yscale pyscale ymu1(m) ymu2
0.0006 0.0 0.0 1.0 1.0 0.0 0.0

!sigz(m) sigpz muxpz zscale pzscale zmu1(m) zmu2
1.27e-06 0.0 0.0 1.0 1.0 0.0 0.0

!Bcurr Bkenergy Bmass Bcharge Bfreq Tini
0.714 1.0 511005.0 -1.0 2856000000.0 0.0
0 0 0 -4 0.0 0.0 0.25 5e-13 /!name:change_timestep_1
!**************************1.5 cell gun ************************
0.15 0 0 105 0.0 47000000.0 2856000000.0 293.54 201 0.15 0.0 0.0 0.0 0.0 0.0 0.0 /!name:GUN
0.49308 0 0 105 0.0 0.0 0.0 0.0 102 0.15 0.0 0.0 0.0 0.0 0.0 0.243 /!name:SOL1
0 1 41 -2 0.0 0.0 0.977844 /!name:WRITE_BEAM_41_BEGL0
!!!0 0 0 -8  0 -1 0.977844    /!name:'sc_off'
0.072 0 0 0 1.387 0.15 /!name:drift_1
!
!**************************** L0A begin **************************
0.026 0 0 0 1.459 0.15 /!name:drift_2
0 -1 0 -6 1 1 1.485 4.527856 0.0116 0.0292 0.035 /!name:wakefield_1
!to get 63.6MeV
0.052464 0 0 105 1.485 25905612.0 2856000000.0 258.5 4 0.15 0.0 0.0 0.0 0.0 0.0 0.0 /!name:L0A_entrance
2.937928 0 0 105 1.537464 29913224.7 2856000000.0 288.5 5 0.15 0.0 0.0 0.0 0.0 0.0 0.0 /!name:L0A_body_1
2.937928 0 0 105 1.537464 29913224.7 2856000000.0 348.5 6 0.15 0.0 0.0 0.0 0.0 0.0 0.0 /!name:L0A_body_2
0.052464 0 0 105 4.475392 25905612.0 2856000000.0 258.5 7 0.15 0.0 0.0 0.0 0.0 0.0 0.0 /!name:L0A_exit
0.026 0 0 0 4.527856 0.15 /!name:drift_3
!***************************** L0A exit ***************************
! Space charge switches
!!!0 0 0 -8 0 1 4.527856 / name:SC_ON
!!!0 0 0 -5 0 0 4.527856 / name:SC_2D_to_3D
!
0 1 42 -2 0.0 0.0 4.554244 /!name:WRITE_BEAM_42_L0BBEG
0.199 0 0 0 4.553856 0.15 /!name:drift_4
!! -----------QA01-----------------
0.204 0 0 1 4.752856 1.8524 0.108 0.016 0.0 0.0 0.0 0.0 0.0 /!name:QA01
0.124 0 0 0 4.956856 0.15 /!name:drift_5
!
! -----------QA02-----------------
0.204 0 0 1 5.080856 -1.8267 0.108 0.016 0.0 0.0 0.0 0.0 0.0 /!name:QA02
0.0179 0 0 0 5.284856 0.15 /!name:drift_6
!
!***************************** L0B begin ***************************
0.026 0 0 0 5.302756 0.15 /!name:drift_7
0 -1 0 -6 1 1 5.328756 8.371612 0.0116 0.0292 0.035 /!name:wakefield_2
!to get 135MeV
0.052464 0 0 105 5.328756 32055209.0 2856000000.0 400.5 4 0.15 0.0 0.0 0.0 0.0 0.0 0.0 /!name:L0B_entrance
2.937928 0 0 105 5.38122 37014168.0 2856000000.0 430.5 5 0.15 0.0 0.0 0.0 0.0 0.0 0.0 /!name:L0B_body_1
2.937928 0 0 105 5.38122 37014168.0 2856000000.0 490.5 6 0.15 0.0 0.0 0.0 0.0 0.0 0.0 /!name:L0B_body_2
0.052464 0 0 105 8.319148 32055209.0 2856000000.0 400.5 7 0.15 0.0 0.0 0.0 0.0 0.0 0.0 /!name:L0B_exit
0.026 0 0 0 8.371612 0.15 /!name:drift_8
!***************************** L0B exit ****************************
!
0.0 0 0 0 8.397612 0.15 /!name:drift_9
0 1 43 -2 0.0 0.0 8.398442 /!name:WRITE_BEAM_43_ENDL0
!
!QE01/BPM6
0.1912 0 0 1 8.397612 0.1872 0.108 0.016 0.0 0.0 0.0 0.0 0.0 /!name:QE01
0 1 44 -2 0.0 0.0 8.548049 /!name:WRITE_BEAM_44_QE01
0.203913 0 0 0 8.588812 0.15 /!name:drift_10
!
!QE02/BPM7
0.204 0 0 1 8.792725 0.1661 0.108 0.016 0.0 0.0 0.0 0.0 0.0 /!name:QE02
!
0.07933 0 0 0 8.996725 0.15 /!name:drift_11
!
!LH begins
1.6098 0 0 0 9.076055 0.15 /!name:drift_12
!LH ends
!
0.122901 0 0 0 10.685855 0.15 /!name:drift_13
!
!TCAV0
0.668024 0 0 0 10.808756 0.15 /!name:drift_14
0.00074 0 0 0 11.47678 0.15 /!name:drift_15
!
!QE03
0.178 0 0 1 11.47752 -2.6409 0.108 0.016 0.0 0.0 0.0 0.0 0.0 /!name:QE03
0.1269 0 0 0 11.65552 0.15 /!name:drift_16
!
!XC/YC07
0.0 0 0 0 11.78242 0.15 /!name:drift_17
0.088499 0 0 0 11.78242 0.15 /!name:drift_18
!
!QE04
0.204 0 0 1 11.870919 2.98 0.108 0.016 0.0 0.0 0.0 0.0 0.0 /!name:QE04
0.095688 0 0 0 12.074919 0.15 /!name:drift_19
!
!WS01
0.0 0 0 0 12.170607 0.15 /!name:drift_20
!
0.151968 0 0 0 12.170607 0.15 /!name:drift_21
!OTR1
!
1.761761 0 0 0 12.322575 0.15 /!name:OTR1
!
!WS02
0.0 0 0 0 14.084336 0.15 /!name:drift_23
0.151968 0 0 0 14.084336 0.15 /!name:drift_24
!
!OTR2
0.16381 0 0 0 14.236304 0.15 /!name:OTR2
0 1 45 -2 0.0 0.0 14.236304 /!name:WRITE_BEAM_45_OTR2
!
!BPM10
0.0 0 0 0 14.400114 0.15 /!name:drift_26
1.59793 0 0 0 14.400114 0.15 /!name:drift_27
!
!WS03
0.151968 0 0 0 15.998044 0.15 /!name:WS03
!
!OTR3
!
0.102806 0 0 0 16.15 0.15 /!name:OTR3
!
!QM01 and BPM11
0.204 0 0 1 16.2528 -6.772664 0.108 0.016 0.0 0.0 0.0 0.0 0.0 /!name:quadrupole_7
0.099872 0 0 0 16.4568 0.15 /!name:drift_30
!
!XC08/YC08
0.18333 0 0 0 16.556672 0.15 /!name:drift_31
!
!VV04
!all above same as MAD and similar to yuandao. 
0 0 0 -99 2.0 0.0 2.0 /!name:stop_1





