   0.00000000E+00   0.35004965E-01  -0.90360469E-06   0.99123237E-03   0.39991716E-05   0.50011994E-03  -0.68900513E-09   0.49573459E-06
   0.36600000E-09   0.14449844E+00  -0.87220205E-06   0.98422660E-03   0.30645566E-04   0.34685793E-01   0.34133708E-04   0.58265422E-06
   0.37100000E-09   0.14599640E+00  -0.87052376E-06   0.98232738E-03   0.30645566E-04   0.34685793E-01   0.34067822E-04   0.58265422E-06
   0.37600000E-09   0.14749436E+00  -0.86884548E-06   0.98042817E-03   0.30645566E-04   0.34685793E-01   0.34001937E-04   0.58265422E-06
   0.38100000E-09   0.14899232E+00  -0.86716720E-06   0.97852896E-03   0.30645566E-04   0.34685793E-01   0.33936051E-04   0.58265422E-06
   0.38600000E-09   0.15049028E+00  -0.86548892E-06   0.97662974E-03   0.30645566E-04   0.34685793E-01   0.33870166E-04   0.58265422E-06
   0.39100000E-09   0.15198825E+00  -0.86381064E-06   0.97473053E-03   0.30645566E-04   0.34685793E-01   0.33804281E-04   0.58265422E-06
   0.39600000E-09   0.15348621E+00  -0.86213236E-06   0.97283132E-03   0.30645566E-04   0.34685793E-01   0.33738395E-04   0.58265422E-06
   0.40100000E-09   0.15498417E+00  -0.86045408E-06   0.97093211E-03   0.30645566E-04   0.34685793E-01   0.33672510E-04   0.58265422E-06
   0.40600000E-09   0.15648213E+00  -0.85877579E-06   0.96903291E-03   0.30645566E-04   0.34685793E-01   0.33606624E-04   0.58265422E-06
   0.41100000E-09   0.15798009E+00  -0.85709751E-06   0.96713370E-03   0.30645566E-04   0.34685793E-01   0.33540739E-04   0.58265421E-06
   0.41600000E-09   0.15947805E+00  -0.85541923E-06   0.96523450E-03   0.30645566E-04   0.34685793E-01   0.33474854E-04   0.58265421E-06
   0.42100000E-09   0.16097601E+00  -0.85374095E-06   0.96333529E-03   0.30645566E-04   0.34685793E-01   0.33408968E-04   0.58265421E-06
   0.42600000E-09   0.16247397E+00  -0.85206267E-06   0.96143609E-03   0.30645566E-04   0.34685793E-01   0.33343083E-04   0.58265421E-06
   0.43100000E-09   0.16397193E+00  -0.85038439E-06   0.95953689E-03   0.30645566E-04   0.34685793E-01   0.33277197E-04   0.58265421E-06
   0.43600000E-09   0.16546989E+00  -0.84870611E-06   0.95763769E-03   0.30645566E-04   0.34685793E-01   0.33211312E-04   0.58265421E-06
   0.44100000E-09   0.16696785E+00  -0.84702782E-06   0.95573849E-03   0.30645566E-04   0.34685793E-01   0.33145427E-04   0.58265421E-06
   0.44600000E-09   0.16846581E+00  -0.84534954E-06   0.95383929E-03   0.30645566E-04   0.34685793E-01   0.33079541E-04   0.58265421E-06
   0.45100000E-09   0.16996377E+00  -0.84367126E-06   0.95194009E-03   0.30645566E-04   0.34685793E-01   0.33013656E-04   0.58265421E-06
   0.45600000E-09   0.17146173E+00  -0.84199298E-06   0.95004089E-03   0.30645566E-04   0.34685793E-01   0.32947770E-04   0.58265421E-06
   0.46100000E-09   0.17295969E+00  -0.84031470E-06   0.94814170E-03   0.30645566E-04   0.34685793E-01   0.32881885E-04   0.58265420E-06
   0.46600000E-09   0.17445765E+00  -0.83863642E-06   0.94624250E-03   0.30645566E-04   0.34685793E-01   0.32816000E-04   0.58265420E-06
   0.47100000E-09   0.17595561E+00  -0.83695814E-06   0.94434331E-03   0.30645566E-04   0.34685793E-01   0.32750114E-04   0.58265420E-06
   0.47600000E-09   0.17745357E+00  -0.83527985E-06   0.94244412E-03   0.30645566E-04   0.34685793E-01   0.32684229E-04   0.58265420E-06
   0.48100000E-09   0.17895153E+00  -0.83360157E-06   0.94054493E-03   0.30645566E-04   0.34685793E-01   0.32618343E-04   0.58265420E-06
   0.48600000E-09   0.18044949E+00  -0.83192329E-06   0.93864574E-03   0.30645566E-04   0.34685793E-01   0.32552458E-04   0.58265420E-06
   0.49100000E-09   0.18194745E+00  -0.83024501E-06   0.93674655E-03   0.30645566E-04   0.34685793E-01   0.32486572E-04   0.58265420E-06
   0.49600000E-09   0.18344541E+00  -0.82856673E-06   0.93484737E-03   0.30645566E-04   0.34685793E-01   0.32420687E-04   0.58265420E-06
   0.50100000E-09   0.18494337E+00  -0.82688845E-06   0.93294818E-03   0.30645566E-04   0.34685793E-01   0.32354802E-04   0.58265420E-06
   0.50600000E-09   0.18644133E+00  -0.82521017E-06   0.93104900E-03   0.30645566E-04   0.34685793E-01   0.32288916E-04   0.58265420E-06
   0.51100000E-09   0.18793929E+00  -0.82353188E-06   0.92914982E-03   0.30645566E-04   0.34685793E-01   0.32223031E-04   0.58265419E-06
   0.51600000E-09   0.18943726E+00  -0.82185360E-06   0.92725063E-03   0.30645566E-04   0.34685793E-01   0.32157145E-04   0.58265419E-06
   0.52100000E-09   0.19093522E+00  -0.82017532E-06   0.92535145E-03   0.30645566E-04   0.34685793E-01   0.32091260E-04   0.58265419E-06
   0.52600000E-09   0.19243318E+00  -0.81849704E-06   0.92345228E-03   0.30645566E-04   0.34685793E-01   0.32025375E-04   0.58265419E-06
   0.53100000E-09   0.19393114E+00  -0.81681876E-06   0.92155310E-03   0.30645566E-04   0.34685793E-01   0.31959489E-04   0.58265419E-06
   0.53600000E-09   0.19542910E+00  -0.81514048E-06   0.91965392E-03   0.30645566E-04   0.34685793E-01   0.31893604E-04   0.58265419E-06
   0.54100000E-09   0.19692706E+00  -0.81346220E-06   0.91775475E-03   0.30645566E-04   0.34685793E-01   0.31827718E-04   0.58265419E-06
   0.54600000E-09   0.19842502E+00  -0.81178391E-06   0.91585557E-03   0.30645566E-04   0.34685793E-01   0.31761833E-04   0.58265419E-06
   0.55100000E-09   0.19992298E+00  -0.81010563E-06   0.91395640E-03   0.30645566E-04   0.34685793E-01   0.31695948E-04   0.58265419E-06
   0.55600000E-09   0.20142094E+00  -0.80842735E-06   0.91205723E-03   0.30645566E-04   0.34685793E-01   0.31630062E-04   0.58265418E-06
   0.56100000E-09   0.20291890E+00  -0.80674907E-06   0.91015806E-03   0.30645566E-04   0.34685793E-01   0.31564177E-04   0.58265418E-06
   0.56600000E-09   0.20441686E+00  -0.80507079E-06   0.90825889E-03   0.30645566E-04   0.34685793E-01   0.31498291E-04   0.58265418E-06
   0.57100000E-09   0.20591482E+00  -0.80339251E-06   0.90635973E-03   0.30645566E-04   0.34685793E-01   0.31432406E-04   0.58265418E-06
   0.57600000E-09   0.20741278E+00  -0.80171423E-06   0.90446056E-03   0.30645566E-04   0.34685793E-01   0.31366521E-04   0.58265418E-06
   0.58100000E-09   0.20891074E+00  -0.80003594E-06   0.90256140E-03   0.30645566E-04   0.34685793E-01   0.31300635E-04   0.58265418E-06
   0.58600000E-09   0.21040870E+00  -0.79835766E-06   0.90066223E-03   0.30645566E-04   0.34685793E-01   0.31234750E-04   0.58265418E-06
   0.59100000E-09   0.21190666E+00  -0.79667938E-06   0.89876307E-03   0.30645566E-04   0.34685793E-01   0.31168864E-04   0.58265418E-06
   0.59600000E-09   0.21340462E+00  -0.79500110E-06   0.89686391E-03   0.30645566E-04   0.34685793E-01   0.31102979E-04   0.58265418E-06
   0.60100000E-09   0.21490258E+00  -0.79332282E-06   0.89496475E-03   0.30645566E-04   0.34685793E-01   0.31037094E-04   0.58265418E-06
   0.60600000E-09   0.21640054E+00  -0.79164454E-06   0.89306560E-03   0.30645566E-04   0.34685793E-01   0.30971208E-04   0.58265417E-06
   0.61100000E-09   0.21789850E+00  -0.78996626E-06   0.89116644E-03   0.30645566E-04   0.34685793E-01   0.30905323E-04   0.58265417E-06
   0.61600000E-09   0.21939646E+00  -0.78828797E-06   0.88926729E-03   0.30645566E-04   0.34685793E-01   0.30839437E-04   0.58265417E-06
   0.62100000E-09   0.22089442E+00  -0.78660969E-06   0.88736813E-03   0.30645566E-04   0.34685793E-01   0.30773552E-04   0.58265417E-06
   0.62600000E-09   0.22239238E+00  -0.78493141E-06   0.88546898E-03   0.30645566E-04   0.34685793E-01   0.30707667E-04   0.58265417E-06
   0.63100000E-09   0.22389034E+00  -0.78325313E-06   0.88356983E-03   0.30645566E-04   0.34685793E-01   0.30641781E-04   0.58265417E-06
   0.63600000E-09   0.22538830E+00  -0.78157485E-06   0.88167068E-03   0.30645566E-04   0.34685793E-01   0.30575896E-04   0.58265417E-06
   0.64100000E-09   0.22688627E+00  -0.77989657E-06   0.87977154E-03   0.30645566E-04   0.34685793E-01   0.30510010E-04   0.58265417E-06
   0.64600000E-09   0.22838423E+00  -0.77821829E-06   0.87787239E-03   0.30645566E-04   0.34685793E-01   0.30444125E-04   0.58265417E-06
   0.65100000E-09   0.22988219E+00  -0.77654000E-06   0.87597325E-03   0.30645566E-04   0.34685793E-01   0.30378240E-04   0.58265417E-06
   0.65600000E-09   0.23138015E+00  -0.77486172E-06   0.87407410E-03   0.30645566E-04   0.34685793E-01   0.30312354E-04   0.58265416E-06
   0.66100000E-09   0.23287811E+00  -0.77318344E-06   0.87217496E-03   0.30645566E-04   0.34685793E-01   0.30246469E-04   0.58265416E-06
   0.66600000E-09   0.23437607E+00  -0.77150516E-06   0.87027582E-03   0.30645566E-04   0.34685793E-01   0.30180583E-04   0.58265416E-06
   0.67100000E-09   0.23587403E+00  -0.76982688E-06   0.86837669E-03   0.30645566E-04   0.34685793E-01   0.30114698E-04   0.58265416E-06
   0.67600000E-09   0.23737199E+00  -0.76814860E-06   0.86647755E-03   0.30645566E-04   0.34685793E-01   0.30048813E-04   0.58265416E-06
   0.68100000E-09   0.23886995E+00  -0.76647032E-06   0.86457841E-03   0.30645566E-04   0.34685793E-01   0.29982927E-04   0.58265416E-06
   0.68600000E-09   0.24036791E+00  -0.76479203E-06   0.86267928E-03   0.30645566E-04   0.34685793E-01   0.29917042E-04   0.58265416E-06
   0.69100000E-09   0.24186587E+00  -0.76311375E-06   0.86078015E-03   0.30645566E-04   0.34685793E-01   0.29851156E-04   0.58265416E-06
   0.69600000E-09   0.24336383E+00  -0.76143547E-06   0.85888102E-03   0.30645566E-04   0.34685793E-01   0.29785271E-04   0.58265416E-06
   0.70100000E-09   0.24486179E+00  -0.75975719E-06   0.85698189E-03   0.30645566E-04   0.34685793E-01   0.29719386E-04   0.58265415E-06
   0.70600000E-09   0.24635975E+00  -0.75807891E-06   0.85508277E-03   0.30645566E-04   0.34685793E-01   0.29653500E-04   0.58265415E-06
   0.71100000E-09   0.24785771E+00  -0.75640063E-06   0.85318364E-03   0.30645566E-04   0.34685793E-01   0.29587615E-04   0.58265415E-06
   0.71600000E-09   0.24935567E+00  -0.75472235E-06   0.85128452E-03   0.30645566E-04   0.34685793E-01   0.29521729E-04   0.58265415E-06
   0.72100000E-09   0.25085363E+00  -0.75304406E-06   0.84938539E-03   0.30645566E-04   0.34685793E-01   0.29455844E-04   0.58265415E-06
   0.72600000E-09   0.25235159E+00  -0.75136578E-06   0.84748627E-03   0.30645566E-04   0.34685793E-01   0.29389959E-04   0.58265415E-06
   0.73100000E-09   0.25384955E+00  -0.74968750E-06   0.84558716E-03   0.30645566E-04   0.34685793E-01   0.29324073E-04   0.58265415E-06
   0.73600000E-09   0.25534751E+00  -0.74800922E-06   0.84368804E-03   0.30645566E-04   0.34685793E-01   0.29258188E-04   0.58265415E-06
   0.74100000E-09   0.25684547E+00  -0.74633094E-06   0.84178892E-03   0.30645566E-04   0.34685793E-01   0.29192302E-04   0.58265415E-06
   0.74600000E-09   0.25834343E+00  -0.74465266E-06   0.83988981E-03   0.30645566E-04   0.34685793E-01   0.29126417E-04   0.58265415E-06
   0.75100000E-09   0.25984139E+00  -0.74297438E-06   0.83799070E-03   0.30645566E-04   0.34685793E-01   0.29060532E-04   0.58265414E-06
   0.75600000E-09   0.26133935E+00  -0.74129609E-06   0.83609159E-03   0.30645566E-04   0.34685793E-01   0.28994646E-04   0.58265414E-06
   0.76100000E-09   0.26283731E+00  -0.73961781E-06   0.83419248E-03   0.30645566E-04   0.34685793E-01   0.28928761E-04   0.58265414E-06
   0.76600000E-09   0.26433528E+00  -0.73793953E-06   0.83229337E-03   0.30645566E-04   0.34685793E-01   0.28862875E-04   0.58265414E-06
   0.77100000E-09   0.26583324E+00  -0.73626125E-06   0.83039427E-03   0.30645566E-04   0.34685793E-01   0.28796990E-04   0.58265414E-06
   0.77600000E-09   0.26733120E+00  -0.73458297E-06   0.82849517E-03   0.30645566E-04   0.34685793E-01   0.28731104E-04   0.58265414E-06
   0.78100000E-09   0.26882916E+00  -0.73290469E-06   0.82659607E-03   0.30645566E-04   0.34685793E-01   0.28665219E-04   0.58265414E-06
   0.78600000E-09   0.27032712E+00  -0.73122641E-06   0.82469697E-03   0.30645566E-04   0.34685793E-01   0.28599334E-04   0.58265414E-06
   0.79100000E-09   0.27182508E+00  -0.72954812E-06   0.82279787E-03   0.30645566E-04   0.34685793E-01   0.28533448E-04   0.58265414E-06
   0.79600000E-09   0.27332304E+00  -0.72786984E-06   0.82089877E-03   0.30645566E-04   0.34685793E-01   0.28467563E-04   0.58265414E-06
   0.80100000E-09   0.27482100E+00  -0.72619156E-06   0.81899968E-03   0.30645566E-04   0.34685793E-01   0.28401677E-04   0.58265413E-06
   0.80600000E-09   0.27631896E+00  -0.72451328E-06   0.81710059E-03   0.30645566E-04   0.34685793E-01   0.28335792E-04   0.58265413E-06
   0.81100000E-09   0.27781692E+00  -0.72283500E-06   0.81520150E-03   0.30645566E-04   0.34685793E-01   0.28269907E-04   0.58265413E-06
   0.81600000E-09   0.27931488E+00  -0.72115672E-06   0.81330241E-03   0.30645566E-04   0.34685793E-01   0.28204021E-04   0.58265413E-06
   0.82100000E-09   0.28081284E+00  -0.71947844E-06   0.81140332E-03   0.30645566E-04   0.34685793E-01   0.28138136E-04   0.58265413E-06
   0.82600000E-09   0.28231080E+00  -0.71780015E-06   0.80950424E-03   0.30645566E-04   0.34685793E-01   0.28072250E-04   0.58265413E-06
   0.83100000E-09   0.28380876E+00  -0.71612187E-06   0.80760516E-03   0.30645566E-04   0.34685793E-01   0.28006365E-04   0.58265413E-06
   0.83600000E-09   0.28530672E+00  -0.71444359E-06   0.80570608E-03   0.30645566E-04   0.34685793E-01   0.27940480E-04   0.58265413E-06
   0.84100000E-09   0.28680468E+00  -0.71276531E-06   0.80380700E-03   0.30645566E-04   0.34685793E-01   0.27874594E-04   0.58265413E-06
   0.84600000E-09   0.28830264E+00  -0.71108703E-06   0.80190792E-03   0.30645566E-04   0.34685793E-01   0.27808709E-04   0.58265413E-06
   0.85100000E-09   0.28980060E+00  -0.70940875E-06   0.80000885E-03   0.30645566E-04   0.34685793E-01   0.27742823E-04   0.58265412E-06
   0.85600000E-09   0.29129856E+00  -0.70773047E-06   0.79810977E-03   0.30645566E-04   0.34685793E-01   0.27676938E-04   0.58265412E-06
   0.86100000E-09   0.29279652E+00  -0.70605218E-06   0.79621070E-03   0.30645566E-04   0.34685793E-01   0.27611053E-04   0.58265412E-06
   0.86600000E-09   0.29429448E+00  -0.70437390E-06   0.79431163E-03   0.30645566E-04   0.34685793E-01   0.27545167E-04   0.58265412E-06
   0.87100000E-09   0.29579244E+00  -0.70269562E-06   0.79241257E-03   0.30645566E-04   0.34685793E-01   0.27479282E-04   0.58265412E-06
   0.87600000E-09   0.29729040E+00  -0.70101734E-06   0.79051350E-03   0.30645566E-04   0.34685793E-01   0.27413396E-04   0.58265412E-06
   0.88100000E-09   0.29878836E+00  -0.69933906E-06   0.78861444E-03   0.30645566E-04   0.34685793E-01   0.27347511E-04   0.58265412E-06
   0.88600000E-09   0.30028633E+00  -0.69766078E-06   0.78671538E-03   0.30645566E-04   0.34685793E-01   0.27281626E-04   0.58265412E-06
   0.89100000E-09   0.30178429E+00  -0.69598249E-06   0.78481632E-03   0.30645566E-04   0.34685793E-01   0.27215740E-04   0.58265412E-06
   0.89600000E-09   0.30328225E+00  -0.69430421E-06   0.78291726E-03   0.30645566E-04   0.34685793E-01   0.27149855E-04   0.58265411E-06
   0.90100000E-09   0.30478021E+00  -0.69262593E-06   0.78101821E-03   0.30645566E-04   0.34685793E-01   0.27083969E-04   0.58265411E-06
   0.90600000E-09   0.30627817E+00  -0.69094765E-06   0.77911916E-03   0.30645566E-04   0.34685793E-01   0.27018084E-04   0.58265411E-06
   0.91100000E-09   0.30777613E+00  -0.68926937E-06   0.77722011E-03   0.30645566E-04   0.34685793E-01   0.26952199E-04   0.58265411E-06
   0.91600000E-09   0.30927409E+00  -0.68759109E-06   0.77532106E-03   0.30645566E-04   0.34685793E-01   0.26886313E-04   0.58265411E-06
   0.92100000E-09   0.31077205E+00  -0.68591281E-06   0.77342201E-03   0.30645566E-04   0.34685793E-01   0.26820428E-04   0.58265411E-06
   0.92600000E-09   0.31227001E+00  -0.68423452E-06   0.77152297E-03   0.30645566E-04   0.34685793E-01   0.26754542E-04   0.58265411E-06
   0.93100000E-09   0.31376797E+00  -0.68255624E-06   0.76962393E-03   0.30645566E-04   0.34685793E-01   0.26688657E-04   0.58265411E-06
   0.93600000E-09   0.31526593E+00  -0.68087796E-06   0.76772489E-03   0.30645566E-04   0.34685793E-01   0.26622772E-04   0.58265411E-06
   0.94100000E-09   0.31676389E+00  -0.67919968E-06   0.76582585E-03   0.30645566E-04   0.34685793E-01   0.26556886E-04   0.58265411E-06
   0.94600000E-09   0.31826185E+00  -0.67752140E-06   0.76392682E-03   0.30645566E-04   0.34685793E-01   0.26491001E-04   0.58265410E-06
   0.95100000E-09   0.31975981E+00  -0.67584312E-06   0.76202779E-03   0.30645566E-04   0.34685793E-01   0.26425115E-04   0.58265410E-06
   0.95600000E-09   0.32125777E+00  -0.67416484E-06   0.76012876E-03   0.30645566E-04   0.34685793E-01   0.26359230E-04   0.58265410E-06
   0.96100000E-09   0.32275573E+00  -0.67248655E-06   0.75822973E-03   0.30645566E-04   0.34685793E-01   0.26293345E-04   0.58265410E-06
   0.96600000E-09   0.32425369E+00  -0.67080827E-06   0.75633071E-03   0.30645566E-04   0.34685793E-01   0.26227459E-04   0.58265410E-06
   0.97100000E-09   0.32575165E+00  -0.66912999E-06   0.75443168E-03   0.30645566E-04   0.34685793E-01   0.26161574E-04   0.58265410E-06
   0.97600000E-09   0.32724961E+00  -0.66745171E-06   0.75253266E-03   0.30645566E-04   0.34685793E-01   0.26095688E-04   0.58265410E-06
   0.98100000E-09   0.32874757E+00  -0.66577343E-06   0.75063364E-03   0.30645566E-04   0.34685793E-01   0.26029803E-04   0.58265410E-06
   0.98600000E-09   0.33024553E+00  -0.66409515E-06   0.74873463E-03   0.30645566E-04   0.34685793E-01   0.25963918E-04   0.58265410E-06
   0.99100000E-09   0.33174349E+00  -0.66241687E-06   0.74683562E-03   0.30645566E-04   0.34685793E-01   0.25898032E-04   0.58265410E-06
   0.99600000E-09   0.33324145E+00  -0.66073858E-06   0.74493661E-03   0.30645566E-04   0.34685793E-01   0.25832147E-04   0.58265409E-06
   0.10010000E-08   0.33473941E+00  -0.65906030E-06   0.74303760E-03   0.30645566E-04   0.34685793E-01   0.25766261E-04   0.58265409E-06
   0.10060000E-08   0.33623737E+00  -0.65738202E-06   0.74113859E-03   0.30645566E-04   0.34685793E-01   0.25700376E-04   0.58265409E-06
   0.10110000E-08   0.33773534E+00  -0.65570374E-06   0.73923959E-03   0.30645566E-04   0.34685793E-01   0.25634491E-04   0.58265409E-06
   0.10160000E-08   0.33923330E+00  -0.65402546E-06   0.73734059E-03   0.30645566E-04   0.34685793E-01   0.25568605E-04   0.58265409E-06
   0.10210000E-08   0.34073126E+00  -0.65234718E-06   0.73544159E-03   0.30645566E-04   0.34685793E-01   0.25502720E-04   0.58265409E-06
   0.10260000E-08   0.34222922E+00  -0.65066890E-06   0.73354259E-03   0.30645566E-04   0.34685793E-01   0.25436834E-04   0.58265409E-06
   0.10310000E-08   0.34372718E+00  -0.64899061E-06   0.73164360E-03   0.30645566E-04   0.34685793E-01   0.25370949E-04   0.58265409E-06
   0.10360000E-08   0.34522514E+00  -0.64731233E-06   0.72974461E-03   0.30645566E-04   0.34685793E-01   0.25305064E-04   0.58265409E-06
   0.10410000E-08   0.34672310E+00  -0.64563405E-06   0.72784562E-03   0.30645566E-04   0.34685793E-01   0.25239178E-04   0.58265408E-06
   0.10460000E-08   0.34822106E+00  -0.64395577E-06   0.72594664E-03   0.30645566E-04   0.34685793E-01   0.25173293E-04   0.58265408E-06
   0.10510000E-08   0.34971902E+00  -0.64227749E-06   0.72404765E-03   0.30645566E-04   0.34685793E-01   0.25107407E-04   0.58265408E-06
   0.10560000E-08   0.35121698E+00  -0.64059921E-06   0.72214867E-03   0.30645566E-04   0.34685793E-01   0.25041522E-04   0.58265408E-06
   0.10610000E-08   0.35271494E+00  -0.63892093E-06   0.72024970E-03   0.30645566E-04   0.34685793E-01   0.24975636E-04   0.58265408E-06
   0.10660000E-08   0.35421290E+00  -0.63724264E-06   0.71835072E-03   0.30645566E-04   0.34685793E-01   0.24909751E-04   0.58265408E-06
   0.10710000E-08   0.35571086E+00  -0.63556436E-06   0.71645175E-03   0.30645566E-04   0.34685793E-01   0.24843866E-04   0.58265408E-06
   0.10760000E-08   0.35720882E+00  -0.63388608E-06   0.71455278E-03   0.30645566E-04   0.34685793E-01   0.24777980E-04   0.58265408E-06
   0.10810000E-08   0.35870678E+00  -0.63220780E-06   0.71265382E-03   0.30645566E-04   0.34685793E-01   0.24712095E-04   0.58265408E-06
   0.10860000E-08   0.36020474E+00  -0.63052952E-06   0.71075485E-03   0.30645566E-04   0.34685793E-01   0.24646209E-04   0.58265408E-06
   0.10910000E-08   0.36170270E+00  -0.62885124E-06   0.70885589E-03   0.30645566E-04   0.34685793E-01   0.24580324E-04   0.58265407E-06
   0.10960000E-08   0.36320066E+00  -0.62717296E-06   0.70695693E-03   0.30645566E-04   0.34685793E-01   0.24514439E-04   0.58265407E-06
   0.11010000E-08   0.36469862E+00  -0.62549467E-06   0.70505798E-03   0.30645566E-04   0.34685793E-01   0.24448553E-04   0.58265407E-06
   0.11060000E-08   0.36619658E+00  -0.62381639E-06   0.70315903E-03   0.30645566E-04   0.34685793E-01   0.24382668E-04   0.58265407E-06
   0.11110000E-08   0.36769454E+00  -0.62213811E-06   0.70126008E-03   0.30645566E-04   0.34685793E-01   0.24316782E-04   0.58265407E-06
   0.11160000E-08   0.36919250E+00  -0.62045983E-06   0.69936113E-03   0.30645566E-04   0.34685793E-01   0.24250897E-04   0.58265407E-06
   0.11210000E-08   0.37069046E+00  -0.61878155E-06   0.69746219E-03   0.30645566E-04   0.34685793E-01   0.24185012E-04   0.58265407E-06
   0.11260000E-08   0.37218842E+00  -0.61710327E-06   0.69556325E-03   0.30645566E-04   0.34685793E-01   0.24119126E-04   0.58265407E-06
   0.11310000E-08   0.37368638E+00  -0.61542499E-06   0.69366431E-03   0.30645566E-04   0.34685793E-01   0.24053241E-04   0.58265407E-06
   0.11360000E-08   0.37518435E+00  -0.61374670E-06   0.69176538E-03   0.30645566E-04   0.34685793E-01   0.23987355E-04   0.58265407E-06
   0.11410000E-08   0.37668231E+00  -0.61206842E-06   0.68986645E-03   0.30645566E-04   0.34685793E-01   0.23921470E-04   0.58265406E-06
   0.11460000E-08   0.37818027E+00  -0.61039014E-06   0.68796752E-03   0.30645566E-04   0.34685793E-01   0.23855585E-04   0.58265406E-06
   0.11510000E-08   0.37967823E+00  -0.60871186E-06   0.68606860E-03   0.30645566E-04   0.34685793E-01   0.23789699E-04   0.58265406E-06
   0.11560000E-08   0.38117619E+00  -0.60703358E-06   0.68416967E-03   0.30645566E-04   0.34685793E-01   0.23723814E-04   0.58265406E-06
   0.11610000E-08   0.38267415E+00  -0.60535530E-06   0.68227076E-03   0.30645566E-04   0.34685793E-01   0.23657928E-04   0.58265406E-06
   0.11660000E-08   0.38417211E+00  -0.60367702E-06   0.68037184E-03   0.30645566E-04   0.34685793E-01   0.23592043E-04   0.58265406E-06
   0.11710000E-08   0.38567007E+00  -0.60199873E-06   0.67847293E-03   0.30645566E-04   0.34685793E-01   0.23526158E-04   0.58265406E-06
   0.11760000E-08   0.38716803E+00  -0.60032045E-06   0.67657402E-03   0.30645566E-04   0.34685793E-01   0.23460272E-04   0.58265406E-06
   0.11810000E-08   0.38866599E+00  -0.59864217E-06   0.67467512E-03   0.30645566E-04   0.34685793E-01   0.23394387E-04   0.58265406E-06
   0.11860000E-08   0.39016395E+00  -0.59696389E-06   0.67277621E-03   0.30645566E-04   0.34685793E-01   0.23328501E-04   0.58265406E-06
   0.11910000E-08   0.39166191E+00  -0.59528561E-06   0.67087731E-03   0.30645566E-04   0.34685793E-01   0.23262616E-04   0.58265405E-06
   0.11960000E-08   0.39315987E+00  -0.59360733E-06   0.66897842E-03   0.30645566E-04   0.34685793E-01   0.23196731E-04   0.58265405E-06
   0.12010000E-08   0.39465783E+00  -0.59192905E-06   0.66707953E-03   0.30645566E-04   0.34685793E-01   0.23130845E-04   0.58265405E-06
   0.12060000E-08   0.39615579E+00  -0.59025076E-06   0.66518064E-03   0.30645566E-04   0.34685793E-01   0.23064960E-04   0.58265405E-06
   0.12110000E-08   0.39765375E+00  -0.58857248E-06   0.66328175E-03   0.30645566E-04   0.34685793E-01   0.22999074E-04   0.58265405E-06
   0.12160000E-08   0.39915171E+00  -0.58689420E-06   0.66138287E-03   0.30645566E-04   0.34685793E-01   0.22933189E-04   0.58265405E-06
   0.12210000E-08   0.40064967E+00  -0.58521592E-06   0.65948399E-03   0.30645566E-04   0.34685793E-01   0.22867304E-04   0.58265405E-06
   0.12260000E-08   0.40214763E+00  -0.58353764E-06   0.65758512E-03   0.30645566E-04   0.34685793E-01   0.22801418E-04   0.58265405E-06
   0.12310000E-08   0.40364559E+00  -0.58185936E-06   0.65568625E-03   0.30645566E-04   0.34685793E-01   0.22735533E-04   0.58265405E-06
   0.12360000E-08   0.40514355E+00  -0.58018108E-06   0.65378738E-03   0.30645566E-04   0.34685793E-01   0.22669647E-04   0.58265405E-06
   0.12410000E-08   0.40664151E+00  -0.57850279E-06   0.65188852E-03   0.30645566E-04   0.34685793E-01   0.22603762E-04   0.58265404E-06
   0.12460000E-08   0.40813947E+00  -0.57682451E-06   0.64998966E-03   0.30645566E-04   0.34685793E-01   0.22537877E-04   0.58265404E-06
   0.12510000E-08   0.40963743E+00  -0.57514623E-06   0.64809080E-03   0.30645566E-04   0.34685793E-01   0.22471991E-04   0.58265404E-06
   0.12560000E-08   0.41113539E+00  -0.57346795E-06   0.64619195E-03   0.30645566E-04   0.34685793E-01   0.22406106E-04   0.58265404E-06
   0.12610000E-08   0.41263336E+00  -0.57178967E-06   0.64429310E-03   0.30645566E-04   0.34685793E-01   0.22340220E-04   0.58265404E-06
   0.12660000E-08   0.41413132E+00  -0.57011139E-06   0.64239426E-03   0.30645566E-04   0.34685793E-01   0.22274335E-04   0.58265404E-06
   0.12710000E-08   0.41562928E+00  -0.56843311E-06   0.64049542E-03   0.30645566E-04   0.34685793E-01   0.22208450E-04   0.58265404E-06
   0.12760000E-08   0.41712724E+00  -0.56675482E-06   0.63859658E-03   0.30645566E-04   0.34685793E-01   0.22142564E-04   0.58265404E-06
   0.12810000E-08   0.41862520E+00  -0.56507654E-06   0.63669774E-03   0.30645566E-04   0.34685793E-01   0.22076679E-04   0.58265404E-06
   0.12860000E-08   0.42012316E+00  -0.56339826E-06   0.63479892E-03   0.30645566E-04   0.34685793E-01   0.22010793E-04   0.58265403E-06
   0.12910000E-08   0.42162112E+00  -0.56171998E-06   0.63290009E-03   0.30645566E-04   0.34685793E-01   0.21944908E-04   0.58265403E-06
   0.12960000E-08   0.42311908E+00  -0.56004170E-06   0.63100127E-03   0.30645566E-04   0.34685793E-01   0.21879023E-04   0.58265403E-06
   0.13010000E-08   0.42461704E+00  -0.55836342E-06   0.62910245E-03   0.30645566E-04   0.34685793E-01   0.21813137E-04   0.58265403E-06
   0.13060000E-08   0.42611500E+00  -0.55668514E-06   0.62720364E-03   0.30645566E-04   0.34685793E-01   0.21747252E-04   0.58265403E-06
   0.13110000E-08   0.42761296E+00  -0.55500685E-06   0.62530483E-03   0.30645566E-04   0.34685793E-01   0.21681366E-04   0.58265403E-06
   0.13160000E-08   0.42911092E+00  -0.55332857E-06   0.62340602E-03   0.30645566E-04   0.34685793E-01   0.21615481E-04   0.58265403E-06
   0.13210000E-08   0.43060888E+00  -0.55165029E-06   0.62150722E-03   0.30645566E-04   0.34685793E-01   0.21549596E-04   0.58265403E-06
   0.13260000E-08   0.43210684E+00  -0.54997201E-06   0.61960843E-03   0.30645566E-04   0.34685793E-01   0.21483710E-04   0.58265403E-06
   0.13310000E-08   0.43360480E+00  -0.54829373E-06   0.61770964E-03   0.30645566E-04   0.34685793E-01   0.21417825E-04   0.58265403E-06
   0.13360000E-08   0.43510276E+00  -0.54661545E-06   0.61581085E-03   0.30645566E-04   0.34685793E-01   0.21351939E-04   0.58265402E-06
   0.13410000E-08   0.43660072E+00  -0.54493717E-06   0.61391206E-03   0.30645566E-04   0.34685793E-01   0.21286054E-04   0.58265402E-06
   0.13460000E-08   0.43809868E+00  -0.54325888E-06   0.61201328E-03   0.30645566E-04   0.34685793E-01   0.21220169E-04   0.58265402E-06
   0.13510000E-08   0.43959664E+00  -0.54158060E-06   0.61011451E-03   0.30645566E-04   0.34685793E-01   0.21154283E-04   0.58265402E-06
   0.13560000E-08   0.44109460E+00  -0.53990232E-06   0.60821574E-03   0.30645566E-04   0.34685793E-01   0.21088398E-04   0.58265402E-06
   0.13610000E-08   0.44259256E+00  -0.53822404E-06   0.60631697E-03   0.30645566E-04   0.34685793E-01   0.21022512E-04   0.58265402E-06
   0.13660000E-08   0.44409052E+00  -0.53654576E-06   0.60441821E-03   0.30645566E-04   0.34685793E-01   0.20956627E-04   0.58265402E-06
   0.13710000E-08   0.44558848E+00  -0.53486748E-06   0.60251946E-03   0.30645566E-04   0.34685793E-01   0.20890741E-04   0.58265402E-06
   0.13760000E-08   0.44708644E+00  -0.53318920E-06   0.60062071E-03   0.30645566E-04   0.34685793E-01   0.20824856E-04   0.58265402E-06
   0.13810000E-08   0.44858440E+00  -0.53151091E-06   0.59872196E-03   0.30645566E-04   0.34685793E-01   0.20758971E-04   0.58265402E-06
   0.13860000E-08   0.45008237E+00  -0.52983263E-06   0.59682322E-03   0.30645566E-04   0.34685793E-01   0.20693085E-04   0.58265401E-06
   0.13910000E-08   0.45158033E+00  -0.52815435E-06   0.59492448E-03   0.30645566E-04   0.34685793E-01   0.20627200E-04   0.58265401E-06
   0.13960000E-08   0.45307829E+00  -0.52647607E-06   0.59302575E-03   0.30645566E-04   0.34685793E-01   0.20561314E-04   0.58265401E-06
   0.14010000E-08   0.45457625E+00  -0.52479779E-06   0.59112702E-03   0.30645566E-04   0.34685793E-01   0.20495429E-04   0.58265401E-06
   0.14060000E-08   0.45607421E+00  -0.52311951E-06   0.58922829E-03   0.30645566E-04   0.34685793E-01   0.20429544E-04   0.58265401E-06
   0.14110000E-08   0.45757217E+00  -0.52144123E-06   0.58732958E-03   0.30645566E-04   0.34685793E-01   0.20363658E-04   0.58265401E-06
   0.14160000E-08   0.45907013E+00  -0.51976294E-06   0.58543086E-03   0.30645566E-04   0.34685793E-01   0.20297773E-04   0.58265401E-06
   0.14210000E-08   0.46056809E+00  -0.51808466E-06   0.58353216E-03   0.30645566E-04   0.34685793E-01   0.20231887E-04   0.58265401E-06
   0.14260000E-08   0.46206605E+00  -0.51640638E-06   0.58163345E-03   0.30645566E-04   0.34685793E-01   0.20166002E-04   0.58265401E-06
   0.14310000E-08   0.46356401E+00  -0.51472810E-06   0.57973476E-03   0.30645566E-04   0.34685793E-01   0.20100117E-04   0.58265401E-06
   0.14360000E-08   0.46506197E+00  -0.51304982E-06   0.57783606E-03   0.30645566E-04   0.34685793E-01   0.20034231E-04   0.58265400E-06
   0.14410000E-08   0.46655993E+00  -0.51137154E-06   0.57593738E-03   0.30645566E-04   0.34685793E-01   0.19968346E-04   0.58265400E-06
   0.14460000E-08   0.46805789E+00  -0.50969326E-06   0.57403869E-03   0.30645566E-04   0.34685793E-01   0.19902460E-04   0.58265400E-06
   0.14510000E-08   0.46955585E+00  -0.50801497E-06   0.57214002E-03   0.30645566E-04   0.34685793E-01   0.19836575E-04   0.58265400E-06
   0.14560000E-08   0.47105381E+00  -0.50633669E-06   0.57024135E-03   0.30645566E-04   0.34685793E-01   0.19770690E-04   0.58265400E-06
   0.14610000E-08   0.47255177E+00  -0.50465841E-06   0.56834268E-03   0.30645566E-04   0.34685793E-01   0.19704804E-04   0.58265400E-06
   0.14660000E-08   0.47404973E+00  -0.50298013E-06   0.56644402E-03   0.30645566E-04   0.34685793E-01   0.19638919E-04   0.58265400E-06
   0.14710000E-08   0.47554769E+00  -0.50130185E-06   0.56454537E-03   0.30645566E-04   0.34685793E-01   0.19573033E-04   0.58265400E-06
   0.14760000E-08   0.47704565E+00  -0.49962357E-06   0.56264672E-03   0.30645566E-04   0.34685793E-01   0.19507148E-04   0.58265400E-06
   0.14810000E-08   0.47854361E+00  -0.49794529E-06   0.56074808E-03   0.30645566E-04   0.34685793E-01   0.19441263E-04   0.58265400E-06
   0.14860000E-08   0.48004157E+00  -0.49626700E-06   0.55884944E-03   0.30645566E-04   0.34685793E-01   0.19375377E-04   0.58265399E-06
   0.14910000E-08   0.48153953E+00  -0.49458872E-06   0.55695081E-03   0.30645566E-04   0.34685793E-01   0.19309492E-04   0.58265399E-06
   0.14960000E-08   0.48303749E+00  -0.49291044E-06   0.55505218E-03   0.30645566E-04   0.34685793E-01   0.19243606E-04   0.58265399E-06
   0.15010000E-08   0.48453545E+00  -0.49123216E-06   0.55315356E-03   0.30645566E-04   0.34685793E-01   0.19177721E-04   0.58265399E-06
   0.15060000E-08   0.48603342E+00  -0.48955388E-06   0.55125495E-03   0.30645566E-04   0.34685793E-01   0.19111836E-04   0.58265399E-06
   0.15110000E-08   0.48753138E+00  -0.48787560E-06   0.54935634E-03   0.30645566E-04   0.34685793E-01   0.19045950E-04   0.58265399E-06
   0.15160000E-08   0.48902934E+00  -0.48619732E-06   0.54745774E-03   0.30645566E-04   0.34685793E-01   0.18980065E-04   0.58265399E-06
   0.15210000E-08   0.49052730E+00  -0.48451903E-06   0.54555915E-03   0.30645566E-04   0.34685793E-01   0.18914179E-04   0.58265399E-06
   0.15260000E-08   0.49202526E+00  -0.48284075E-06   0.54366056E-03   0.30645566E-04   0.34685793E-01   0.18848294E-04   0.58265399E-06
   0.15310000E-08   0.49352322E+00  -0.48116247E-06   0.54176198E-03   0.30645566E-04   0.34685793E-01   0.18782409E-04   0.58265398E-06
   0.15360000E-08   0.49502118E+00  -0.47948419E-06   0.53986340E-03   0.30645566E-04   0.34685793E-01   0.18716523E-04   0.58265398E-06
   0.15410000E-08   0.49651914E+00  -0.47780591E-06   0.53796483E-03   0.30645566E-04   0.34685793E-01   0.18650638E-04   0.58265398E-06
   0.15460000E-08   0.49801710E+00  -0.47612763E-06   0.53606627E-03   0.30645566E-04   0.34685793E-01   0.18584752E-04   0.58265398E-06
   0.15510000E-08   0.49951506E+00  -0.47444935E-06   0.53416771E-03   0.30645566E-04   0.34685793E-01   0.18518867E-04   0.58265398E-06
   0.15560000E-08   0.50101302E+00  -0.47277106E-06   0.53226916E-03   0.30645566E-04   0.34685793E-01   0.18452982E-04   0.58265398E-06
   0.15610000E-08   0.50251098E+00  -0.47109278E-06   0.53037062E-03   0.30645566E-04   0.34685793E-01   0.18387096E-04   0.58265398E-06
   0.15660000E-08   0.50400894E+00  -0.46941450E-06   0.52847208E-03   0.30645566E-04   0.34685793E-01   0.18321211E-04   0.58265398E-06
   0.15710000E-08   0.50550690E+00  -0.46773622E-06   0.52657355E-03   0.30645566E-04   0.34685793E-01   0.18255325E-04   0.58265398E-06
   0.15760000E-08   0.50700486E+00  -0.46605794E-06   0.52467503E-03   0.30645566E-04   0.34685793E-01   0.18189440E-04   0.58265398E-06
   0.15810000E-08   0.50850282E+00  -0.46437966E-06   0.52277651E-03   0.30645566E-04   0.34685793E-01   0.18123555E-04   0.58265397E-06
   0.15860000E-08   0.51000078E+00  -0.46270138E-06   0.52087801E-03   0.30645566E-04   0.34685793E-01   0.18057669E-04   0.58265397E-06
   0.15910000E-08   0.51149874E+00  -0.46102309E-06   0.51897951E-03   0.30645566E-04   0.34685793E-01   0.17991784E-04   0.58265397E-06
   0.15960000E-08   0.51299670E+00  -0.45934481E-06   0.51708101E-03   0.30645566E-04   0.34685793E-01   0.17925898E-04   0.58265397E-06
   0.16010000E-08   0.51449466E+00  -0.45766653E-06   0.51518253E-03   0.30645566E-04   0.34685793E-01   0.17860013E-04   0.58265397E-06
   0.16060000E-08   0.51599262E+00  -0.45598825E-06   0.51328405E-03   0.30645566E-04   0.34685793E-01   0.17794128E-04   0.58265397E-06
   0.16110000E-08   0.51749058E+00  -0.45430997E-06   0.51138558E-03   0.30645566E-04   0.34685793E-01   0.17728242E-04   0.58265397E-06
   0.16160000E-08   0.51898854E+00  -0.45263169E-06   0.50948711E-03   0.30645566E-04   0.34685793E-01   0.17662357E-04   0.58265397E-06
   0.16210000E-08   0.52048650E+00  -0.45095341E-06   0.50758866E-03   0.30645566E-04   0.34685793E-01   0.17596471E-04   0.58265397E-06
   0.16260000E-08   0.52198446E+00  -0.44927512E-06   0.50569021E-03   0.30645566E-04   0.34685793E-01   0.17530586E-04   0.58265397E-06
   0.16310000E-08   0.52348243E+00  -0.44759684E-06   0.50379177E-03   0.30645566E-04   0.34685793E-01   0.17464701E-04   0.58265396E-06
   0.16360000E-08   0.52498039E+00  -0.44591856E-06   0.50189334E-03   0.30645566E-04   0.34685793E-01   0.17398815E-04   0.58265396E-06
   0.16410000E-08   0.52647835E+00  -0.44424028E-06   0.49999491E-03   0.30645566E-04   0.34685793E-01   0.17332930E-04   0.58265396E-06
   0.16460000E-08   0.52797631E+00  -0.44256200E-06   0.49809650E-03   0.30645566E-04   0.34685793E-01   0.17267044E-04   0.58265396E-06
   0.16510000E-08   0.52947427E+00  -0.44088372E-06   0.49619809E-03   0.30645566E-04   0.34685793E-01   0.17201159E-04   0.58265396E-06
   0.16560000E-08   0.53097223E+00  -0.43920544E-06   0.49429969E-03   0.30645566E-04   0.34685793E-01   0.17135273E-04   0.58265396E-06
   0.16610000E-08   0.53247019E+00  -0.43752715E-06   0.49240130E-03   0.30645566E-04   0.34685793E-01   0.17069388E-04   0.58265396E-06
   0.16660000E-08   0.53396815E+00  -0.43584887E-06   0.49050291E-03   0.30645566E-04   0.34685793E-01   0.17003503E-04   0.58265396E-06
   0.16710000E-08   0.53546611E+00  -0.43417059E-06   0.48860454E-03   0.30645566E-04   0.34685793E-01   0.16937617E-04   0.58265396E-06
   0.16760000E-08   0.53696407E+00  -0.43249231E-06   0.48670618E-03   0.30645566E-04   0.34685793E-01   0.16871732E-04   0.58265396E-06
   0.16810000E-08   0.53846203E+00  -0.43081403E-06   0.48480782E-03   0.30645566E-04   0.34685793E-01   0.16805846E-04   0.58265395E-06
   0.16860000E-08   0.53995999E+00  -0.42913575E-06   0.48290947E-03   0.30645566E-04   0.34685793E-01   0.16739961E-04   0.58265395E-06
   0.16910000E-08   0.54145795E+00  -0.42745747E-06   0.48101113E-03   0.30645566E-04   0.34685793E-01   0.16674076E-04   0.58265395E-06
   0.16960000E-08   0.54295591E+00  -0.42577918E-06   0.47911280E-03   0.30645566E-04   0.34685793E-01   0.16608190E-04   0.58265395E-06
   0.17010000E-08   0.54445387E+00  -0.42410090E-06   0.47721448E-03   0.30645566E-04   0.34685793E-01   0.16542305E-04   0.58265395E-06
   0.17060000E-08   0.54595183E+00  -0.42242262E-06   0.47531617E-03   0.30645566E-04   0.34685793E-01   0.16476419E-04   0.58265395E-06
   0.17110000E-08   0.54744979E+00  -0.42074434E-06   0.47341787E-03   0.30645566E-04   0.34685793E-01   0.16410534E-04   0.58265395E-06
   0.17160000E-08   0.54894775E+00  -0.41906606E-06   0.47151958E-03   0.30645566E-04   0.34685793E-01   0.16344649E-04   0.58265395E-06
   0.17210000E-08   0.55044571E+00  -0.41738778E-06   0.46962130E-03   0.30645566E-04   0.34685793E-01   0.16278763E-04   0.58265395E-06
   0.17260000E-08   0.55194367E+00  -0.41570950E-06   0.46772303E-03   0.30645566E-04   0.34685793E-01   0.16212878E-04   0.58265395E-06
   0.17310000E-08   0.55344163E+00  -0.41403121E-06   0.46582476E-03   0.30645566E-04   0.34685793E-01   0.16146992E-04   0.58265394E-06
   0.17360000E-08   0.55493959E+00  -0.41235293E-06   0.46392651E-03   0.30645566E-04   0.34685793E-01   0.16081107E-04   0.58265394E-06
   0.17410000E-08   0.55643755E+00  -0.41067465E-06   0.46202827E-03   0.30645566E-04   0.34685793E-01   0.16015222E-04   0.58265394E-06
   0.17460000E-08   0.55793551E+00  -0.40899637E-06   0.46013004E-03   0.30645566E-04   0.34685793E-01   0.15949336E-04   0.58265394E-06
   0.17510000E-08   0.55943347E+00  -0.40731809E-06   0.45823182E-03   0.30645566E-04   0.34685793E-01   0.15883451E-04   0.58265394E-06
   0.17560000E-08   0.56093144E+00  -0.40563981E-06   0.45633361E-03   0.30645566E-04   0.34685793E-01   0.15817565E-04   0.58265394E-06
   0.17610000E-08   0.56242940E+00  -0.40396153E-06   0.45443541E-03   0.30645566E-04   0.34685793E-01   0.15751680E-04   0.58265394E-06
   0.17660000E-08   0.56392736E+00  -0.40228324E-06   0.45253722E-03   0.30645566E-04   0.34685793E-01   0.15685795E-04   0.58265394E-06
   0.17710000E-08   0.56542532E+00  -0.40060496E-06   0.45063904E-03   0.30645566E-04   0.34685793E-01   0.15619909E-04   0.58265394E-06
   0.17760000E-08   0.56692328E+00  -0.39892668E-06   0.44874087E-03   0.30645566E-04   0.34685793E-01   0.15554024E-04   0.58265394E-06
   0.17810000E-08   0.56842124E+00  -0.39724840E-06   0.44684272E-03   0.30645566E-04   0.34685793E-01   0.15488138E-04   0.58265393E-06
   0.17860000E-08   0.56991920E+00  -0.39557012E-06   0.44494458E-03   0.30645566E-04   0.34685793E-01   0.15422253E-04   0.58265393E-06
   0.17910000E-08   0.57141716E+00  -0.39389184E-06   0.44304644E-03   0.30645566E-04   0.34685793E-01   0.15356368E-04   0.58265393E-06
   0.17960000E-08   0.57291512E+00  -0.39221356E-06   0.44114832E-03   0.30645566E-04   0.34685793E-01   0.15290482E-04   0.58265393E-06
   0.18010000E-08   0.57441308E+00  -0.39053527E-06   0.43925021E-03   0.30645566E-04   0.34685793E-01   0.15224597E-04   0.58265393E-06
   0.18060000E-08   0.57591104E+00  -0.38885699E-06   0.43735212E-03   0.30645566E-04   0.34685793E-01   0.15158711E-04   0.58265393E-06
   0.18110000E-08   0.57740900E+00  -0.38717871E-06   0.43545403E-03   0.30645566E-04   0.34685793E-01   0.15092826E-04   0.58265393E-06
   0.18160000E-08   0.57890696E+00  -0.38550043E-06   0.43355596E-03   0.30645566E-04   0.34685793E-01   0.15026941E-04   0.58265393E-06
   0.18210000E-08   0.58040492E+00  -0.38382215E-06   0.43165790E-03   0.30645566E-04   0.34685793E-01   0.14961055E-04   0.58265393E-06
   0.18260000E-08   0.58190288E+00  -0.38214387E-06   0.42975985E-03   0.30645566E-04   0.34685793E-01   0.14895170E-04   0.58265392E-06
   0.18310000E-08   0.58340084E+00  -0.38046558E-06   0.42786182E-03   0.30645566E-04   0.34685793E-01   0.14829284E-04   0.58265392E-06
   0.18360000E-08   0.58489880E+00  -0.37878730E-06   0.42596380E-03   0.30645566E-04   0.34685793E-01   0.14763399E-04   0.58265392E-06
   0.18410000E-08   0.58639676E+00  -0.37710902E-06   0.42406579E-03   0.30645566E-04   0.34685793E-01   0.14697514E-04   0.58265392E-06
   0.18460000E-08   0.58789472E+00  -0.37543074E-06   0.42216779E-03   0.30645566E-04   0.34685793E-01   0.14631628E-04   0.58265392E-06
   0.18510000E-08   0.58939268E+00  -0.37375246E-06   0.42026981E-03   0.30645566E-04   0.34685793E-01   0.14565743E-04   0.58265392E-06
   0.18560000E-08   0.59089064E+00  -0.37207418E-06   0.41837184E-03   0.30645566E-04   0.34685793E-01   0.14499857E-04   0.58265392E-06
   0.18610000E-08   0.59238860E+00  -0.37039590E-06   0.41647389E-03   0.30645566E-04   0.34685793E-01   0.14433972E-04   0.58265392E-06
   0.18660000E-08   0.59388656E+00  -0.36871761E-06   0.41457595E-03   0.30645566E-04   0.34685793E-01   0.14368087E-04   0.58265392E-06
   0.18710000E-08   0.59538452E+00  -0.36703933E-06   0.41267802E-03   0.30645566E-04   0.34685793E-01   0.14302201E-04   0.58265392E-06
   0.18760000E-08   0.59688248E+00  -0.36536105E-06   0.41078011E-03   0.30645566E-04   0.34685793E-01   0.14236316E-04   0.58265391E-06
   0.18810000E-08   0.59838045E+00  -0.36368277E-06   0.40888222E-03   0.30645566E-04   0.34685793E-01   0.14170430E-04   0.58265391E-06
   0.18860000E-08   0.59987841E+00  -0.36200449E-06   0.40698434E-03   0.30645566E-04   0.34685793E-01   0.14104545E-04   0.58265391E-06
   0.18910000E-08   0.60137637E+00  -0.36032621E-06   0.40508647E-03   0.30645566E-04   0.34685793E-01   0.14038660E-04   0.58265391E-06
   0.18960000E-08   0.60287433E+00  -0.35864793E-06   0.40318862E-03   0.30645566E-04   0.34685793E-01   0.13972774E-04   0.58265391E-06
   0.19010000E-08   0.60437229E+00  -0.35696964E-06   0.40129078E-03   0.30645566E-04   0.34685793E-01   0.13906889E-04   0.58265391E-06
   0.19060000E-08   0.60587025E+00  -0.35529136E-06   0.39939296E-03   0.30645566E-04   0.34685793E-01   0.13841003E-04   0.58265391E-06
   0.19110000E-08   0.60736821E+00  -0.35361308E-06   0.39749516E-03   0.30645566E-04   0.34685793E-01   0.13775118E-04   0.58265391E-06
   0.19160000E-08   0.60886617E+00  -0.35193480E-06   0.39559737E-03   0.30645566E-04   0.34685793E-01   0.13709233E-04   0.58265391E-06
   0.19210000E-08   0.61036413E+00  -0.35025652E-06   0.39369960E-03   0.30645566E-04   0.34685793E-01   0.13643347E-04   0.58265391E-06
   0.19260000E-08   0.61186209E+00  -0.34857824E-06   0.39180185E-03   0.30645566E-04   0.34685793E-01   0.13577462E-04   0.58265390E-06
   0.19310000E-08   0.61336005E+00  -0.34689996E-06   0.38990411E-03   0.30645566E-04   0.34685793E-01   0.13511576E-04   0.58265390E-06
   0.19360000E-08   0.61485801E+00  -0.34522167E-06   0.38800639E-03   0.30645566E-04   0.34685793E-01   0.13445691E-04   0.58265390E-06
   0.19410000E-08   0.61635597E+00  -0.34354339E-06   0.38610869E-03   0.30645566E-04   0.34685793E-01   0.13379805E-04   0.58265390E-06
   0.19460000E-08   0.61785393E+00  -0.34186511E-06   0.38421100E-03   0.30645566E-04   0.34685793E-01   0.13313920E-04   0.58265390E-06
   0.19510000E-08   0.61935189E+00  -0.34018683E-06   0.38231333E-03   0.30645566E-04   0.34685793E-01   0.13248035E-04   0.58265390E-06
   0.19560000E-08   0.62084985E+00  -0.33850855E-06   0.38041569E-03   0.30645566E-04   0.34685793E-01   0.13182149E-04   0.58265390E-06
   0.19610000E-08   0.62234781E+00  -0.33683027E-06   0.37851805E-03   0.30645566E-04   0.34685793E-01   0.13116264E-04   0.58265390E-06
   0.19660000E-08   0.62384577E+00  -0.33515199E-06   0.37662044E-03   0.30645566E-04   0.34685793E-01   0.13050378E-04   0.58265390E-06
   0.19710000E-08   0.62534373E+00  -0.33347370E-06   0.37472285E-03   0.30645566E-04   0.34685793E-01   0.12984493E-04   0.58265390E-06
   0.19760000E-08   0.62684169E+00  -0.33179542E-06   0.37282528E-03   0.30645566E-04   0.34685793E-01   0.12918608E-04   0.58265389E-06
   0.19810000E-08   0.62833965E+00  -0.33011714E-06   0.37092772E-03   0.30645566E-04   0.34685793E-01   0.12852722E-04   0.58265389E-06
   0.19860000E-08   0.62983761E+00  -0.32843886E-06   0.36903019E-03   0.30645566E-04   0.34685793E-01   0.12786837E-04   0.58265389E-06
   0.19910000E-08   0.63133557E+00  -0.32676058E-06   0.36713268E-03   0.30645566E-04   0.34685793E-01   0.12720951E-04   0.58265389E-06
   0.19960000E-08   0.63283353E+00  -0.32508230E-06   0.36523518E-03   0.30645566E-04   0.34685793E-01   0.12655066E-04   0.58265389E-06
   0.20010000E-08   0.63433149E+00  -0.32340402E-06   0.36333771E-03   0.30645566E-04   0.34685793E-01   0.12589181E-04   0.58265389E-06
   0.20060000E-08   0.63582946E+00  -0.32172573E-06   0.36144026E-03   0.30645566E-04   0.34685793E-01   0.12523295E-04   0.58265389E-06
   0.20110000E-08   0.63732742E+00  -0.32004745E-06   0.35954283E-03   0.30645566E-04   0.34685793E-01   0.12457410E-04   0.58265389E-06
   0.20160000E-08   0.63882538E+00  -0.31836917E-06   0.35764542E-03   0.30645566E-04   0.34685793E-01   0.12391524E-04   0.58265389E-06
   0.20210000E-08   0.64032334E+00  -0.31669089E-06   0.35574804E-03   0.30645566E-04   0.34685793E-01   0.12325639E-04   0.58265389E-06
   0.20260000E-08   0.64182130E+00  -0.31501261E-06   0.35385068E-03   0.30645566E-04   0.34685793E-01   0.12259754E-04   0.58265388E-06
   0.20310000E-08   0.64331926E+00  -0.31333433E-06   0.35195334E-03   0.30645566E-04   0.34685793E-01   0.12193868E-04   0.58265388E-06
   0.20360000E-08   0.64481722E+00  -0.31165605E-06   0.35005602E-03   0.30645566E-04   0.34685793E-01   0.12127983E-04   0.58265388E-06
   0.20410000E-08   0.64631518E+00  -0.30997776E-06   0.34815873E-03   0.30645566E-04   0.34685793E-01   0.12062097E-04   0.58265388E-06
   0.20460000E-08   0.64781314E+00  -0.30829948E-06   0.34626146E-03   0.30645566E-04   0.34685793E-01   0.11996212E-04   0.58265388E-06
   0.20510000E-08   0.64931110E+00  -0.30662120E-06   0.34436422E-03   0.30645566E-04   0.34685793E-01   0.11930327E-04   0.58265388E-06
   0.20560000E-08   0.65080906E+00  -0.30494292E-06   0.34246700E-03   0.30645566E-04   0.34685793E-01   0.11864441E-04   0.58265388E-06
   0.20610000E-08   0.65230702E+00  -0.30326464E-06   0.34056981E-03   0.30645566E-04   0.34685793E-01   0.11798556E-04   0.58265388E-06
   0.20660000E-08   0.65380498E+00  -0.30158636E-06   0.33867264E-03   0.30645566E-04   0.34685793E-01   0.11732670E-04   0.58265388E-06
   0.20710000E-08   0.65530294E+00  -0.29990808E-06   0.33677550E-03   0.30645566E-04   0.34685793E-01   0.11666785E-04   0.58265388E-06
   0.20760000E-08   0.65680090E+00  -0.29822979E-06   0.33487838E-03   0.30645566E-04   0.34685793E-01   0.11600900E-04   0.58265387E-06
   0.20810000E-08   0.65829886E+00  -0.29655151E-06   0.33298129E-03   0.30645566E-04   0.34685793E-01   0.11535014E-04   0.58265387E-06
   0.20860000E-08   0.65979682E+00  -0.29487323E-06   0.33108423E-03   0.30645566E-04   0.34685793E-01   0.11469129E-04   0.58265387E-06
   0.20910000E-08   0.66129478E+00  -0.29319495E-06   0.32918720E-03   0.30645566E-04   0.34685793E-01   0.11403243E-04   0.58265387E-06
   0.20960000E-08   0.66279274E+00  -0.29151667E-06   0.32729020E-03   0.30645566E-04   0.34685793E-01   0.11337358E-04   0.58265387E-06
   0.21010000E-08   0.66429070E+00  -0.28983839E-06   0.32539322E-03   0.30645566E-04   0.34685793E-01   0.11271473E-04   0.58265387E-06
   0.21060000E-08   0.66578866E+00  -0.28816011E-06   0.32349628E-03   0.30645566E-04   0.34685793E-01   0.11205587E-04   0.58265387E-06
   0.21110000E-08   0.66728662E+00  -0.28648182E-06   0.32159937E-03   0.30645566E-04   0.34685793E-01   0.11139702E-04   0.58265387E-06
   0.21160000E-08   0.66878458E+00  -0.28480354E-06   0.31970248E-03   0.30645566E-04   0.34685793E-01   0.11073816E-04   0.58265387E-06
   0.21210000E-08   0.67028254E+00  -0.28312526E-06   0.31780563E-03   0.30645566E-04   0.34685793E-01   0.11007931E-04   0.58265387E-06
   0.21260000E-08   0.67178050E+00  -0.28144698E-06   0.31590881E-03   0.30645566E-04   0.34685793E-01   0.10942046E-04   0.58265386E-06
   0.21310000E-08   0.67327847E+00  -0.27976870E-06   0.31401202E-03   0.30645566E-04   0.34685793E-01   0.10876160E-04   0.58265386E-06
   0.21360000E-08   0.67477643E+00  -0.27809042E-06   0.31211526E-03   0.30645566E-04   0.34685793E-01   0.10810275E-04   0.58265386E-06
   0.21410000E-08   0.67627439E+00  -0.27641214E-06   0.31021854E-03   0.30645566E-04   0.34685793E-01   0.10744389E-04   0.58265386E-06
   0.21460000E-08   0.67777235E+00  -0.27473385E-06   0.30832185E-03   0.30645566E-04   0.34685793E-01   0.10678504E-04   0.58265386E-06
   0.21510000E-08   0.67927031E+00  -0.27305557E-06   0.30642520E-03   0.30645566E-04   0.34685793E-01   0.10612619E-04   0.58265386E-06
   0.21560000E-08   0.68076827E+00  -0.27137729E-06   0.30452858E-03   0.30645566E-04   0.34685793E-01   0.10546733E-04   0.58265386E-06
   0.21610000E-08   0.68226623E+00  -0.26969901E-06   0.30263200E-03   0.30645566E-04   0.34685793E-01   0.10480848E-04   0.58265386E-06
   0.21660000E-08   0.68376419E+00  -0.26802073E-06   0.30073545E-03   0.30645566E-04   0.34685793E-01   0.10414962E-04   0.58265386E-06
   0.21710000E-08   0.68526215E+00  -0.26634245E-06   0.29883894E-03   0.30645566E-04   0.34685793E-01   0.10349077E-04   0.58265386E-06
   0.21760000E-08   0.68676011E+00  -0.26466417E-06   0.29694247E-03   0.30645566E-04   0.34685793E-01   0.10283192E-04   0.58265385E-06
   0.21810000E-08   0.68825807E+00  -0.26298588E-06   0.29504604E-03   0.30645566E-04   0.34685793E-01   0.10217306E-04   0.58265385E-06
   0.21860000E-08   0.68975603E+00  -0.26130760E-06   0.29314965E-03   0.30645566E-04   0.34685793E-01   0.10151421E-04   0.58265385E-06
   0.21910000E-08   0.69125399E+00  -0.25962932E-06   0.29125330E-03   0.30645566E-04   0.34685793E-01   0.10085535E-04   0.58265385E-06
   0.21960000E-08   0.69275195E+00  -0.25795104E-06   0.28935699E-03   0.30645566E-04   0.34685793E-01   0.10019650E-04   0.58265385E-06
   0.22010000E-08   0.69424991E+00  -0.25627276E-06   0.28746072E-03   0.30645566E-04   0.34685793E-01   0.99537645E-05   0.58265385E-06
   0.22060000E-08   0.69574787E+00  -0.25459448E-06   0.28556450E-03   0.30645566E-04   0.34685793E-01   0.98878791E-05   0.58265385E-06
   0.22110000E-08   0.69724583E+00  -0.25291620E-06   0.28366831E-03   0.30645566E-04   0.34685793E-01   0.98219937E-05   0.58265385E-06
   0.22160000E-08   0.69874379E+00  -0.25123791E-06   0.28177218E-03   0.30645566E-04   0.34685793E-01   0.97561083E-05   0.58265385E-06
   0.22210000E-08   0.70024175E+00  -0.24955963E-06   0.27987609E-03   0.30645566E-04   0.34685793E-01   0.96902229E-05   0.58265385E-06
   0.22260000E-08   0.70173971E+00  -0.24788135E-06   0.27798004E-03   0.30645566E-04   0.34685793E-01   0.96243375E-05   0.58265384E-06
   0.22310000E-08   0.70323767E+00  -0.24620307E-06   0.27608404E-03   0.30645566E-04   0.34685793E-01   0.95584521E-05   0.58265384E-06
   0.22360000E-08   0.70473563E+00  -0.24452479E-06   0.27418810E-03   0.30645566E-04   0.34685793E-01   0.94925667E-05   0.58265384E-06
   0.22410000E-08   0.70623359E+00  -0.24284651E-06   0.27229220E-03   0.30645566E-04   0.34685793E-01   0.94266813E-05   0.58265384E-06
   0.22460000E-08   0.70773155E+00  -0.24116823E-06   0.27039635E-03   0.30645566E-04   0.34685793E-01   0.93607959E-05   0.58265384E-06
   0.22510000E-08   0.70922952E+00  -0.23948994E-06   0.26850055E-03   0.30645566E-04   0.34685793E-01   0.92949105E-05   0.58265384E-06
   0.22560000E-08   0.71072748E+00  -0.23781166E-06   0.26660480E-03   0.30645566E-04   0.34685793E-01   0.92290251E-05   0.58265384E-06
   0.22610000E-08   0.71222544E+00  -0.23613338E-06   0.26470911E-03   0.30645566E-04   0.34685793E-01   0.91631397E-05   0.58265384E-06
   0.22660000E-08   0.71372340E+00  -0.23445510E-06   0.26281348E-03   0.30645566E-04   0.34685793E-01   0.90972543E-05   0.58265384E-06
   0.22710000E-08   0.71522136E+00  -0.23277682E-06   0.26091790E-03   0.30645566E-04   0.34685793E-01   0.90313689E-05   0.58265384E-06
   0.22760000E-08   0.71671932E+00  -0.23109854E-06   0.25902237E-03   0.30645566E-04   0.34685793E-01   0.89654835E-05   0.58265383E-06
   0.22810000E-08   0.71821728E+00  -0.22942026E-06   0.25712691E-03   0.30645566E-04   0.34685793E-01   0.88995981E-05   0.58265383E-06
   0.22860000E-08   0.71971524E+00  -0.22774197E-06   0.25523150E-03   0.30645566E-04   0.34685793E-01   0.88337127E-05   0.58265383E-06
   0.22910000E-08   0.72121320E+00  -0.22606369E-06   0.25333616E-03   0.30645566E-04   0.34685793E-01   0.87678273E-05   0.58265383E-06
   0.22960000E-08   0.72271116E+00  -0.22438541E-06   0.25144088E-03   0.30645566E-04   0.34685793E-01   0.87019419E-05   0.58265383E-06
   0.23010000E-08   0.72420912E+00  -0.22270713E-06   0.24954566E-03   0.30645566E-04   0.34685793E-01   0.86360565E-05   0.58265383E-06
   0.23060000E-08   0.72570708E+00  -0.22102885E-06   0.24765051E-03   0.30645566E-04   0.34685793E-01   0.85701710E-05   0.58265383E-06
   0.23110000E-08   0.72720504E+00  -0.21935057E-06   0.24575543E-03   0.30645566E-04   0.34685793E-01   0.85042856E-05   0.58265383E-06
   0.23160000E-08   0.72870300E+00  -0.21767229E-06   0.24386041E-03   0.30645566E-04   0.34685793E-01   0.84384002E-05   0.58265383E-06
   0.23210000E-08   0.73020096E+00  -0.21599400E-06   0.24196547E-03   0.30645566E-04   0.34685793E-01   0.83725148E-05   0.58265383E-06
   0.23260000E-08   0.73169892E+00  -0.21431572E-06   0.24007060E-03   0.30645566E-04   0.34685793E-01   0.83066294E-05   0.58265382E-06
   0.23310000E-08   0.73319688E+00  -0.21263744E-06   0.23817580E-03   0.30645566E-04   0.34685793E-01   0.82407440E-05   0.58265382E-06
   0.23360000E-08   0.73469484E+00  -0.21095916E-06   0.23628107E-03   0.30645566E-04   0.34685793E-01   0.81748586E-05   0.58265382E-06
   0.23410000E-08   0.73619280E+00  -0.20928088E-06   0.23438642E-03   0.30645566E-04   0.34685793E-01   0.81089732E-05   0.58265382E-06
   0.23460000E-08   0.73769076E+00  -0.20760260E-06   0.23249186E-03   0.30645566E-04   0.34685793E-01   0.80430878E-05   0.58265382E-06
   0.23510000E-08   0.73918872E+00  -0.20592432E-06   0.23059737E-03   0.30645566E-04   0.34685793E-01   0.79772024E-05   0.58265382E-06
   0.23560000E-08   0.74068668E+00  -0.20424603E-06   0.22870296E-03   0.30645566E-04   0.34685793E-01   0.79113170E-05   0.58265382E-06
   0.23610000E-08   0.74218464E+00  -0.20256775E-06   0.22680865E-03   0.30645566E-04   0.34685793E-01   0.78454316E-05   0.58265382E-06
   0.23660000E-08   0.74368260E+00  -0.20088947E-06   0.22491441E-03   0.30645566E-04   0.34685793E-01   0.77795462E-05   0.58265382E-06
   0.23710000E-08   0.74518056E+00  -0.19921119E-06   0.22302027E-03   0.30645566E-04   0.34685793E-01   0.77136608E-05   0.58265382E-06
   0.23760000E-08   0.74667853E+00  -0.19753291E-06   0.22112622E-03   0.30645566E-04   0.34685793E-01   0.76477754E-05   0.58265381E-06
   0.23810000E-08   0.74817649E+00  -0.19585463E-06   0.21923226E-03   0.30645566E-04   0.34685793E-01   0.75818900E-05   0.58265381E-06
   0.23860000E-08   0.74967445E+00  -0.19417635E-06   0.21733841E-03   0.30645566E-04   0.34685793E-01   0.75160046E-05   0.58265381E-06
   0.23910000E-08   0.75117241E+00  -0.19249806E-06   0.21544464E-03   0.30645566E-04   0.34685793E-01   0.74501192E-05   0.58265381E-06
   0.23960000E-08   0.75267037E+00  -0.19081978E-06   0.21355099E-03   0.30645566E-04   0.34685793E-01   0.73842338E-05   0.58265381E-06
   0.24010000E-08   0.75416833E+00  -0.18914150E-06   0.21165743E-03   0.30645566E-04   0.34685793E-01   0.73183484E-05   0.58265381E-06
   0.24060000E-08   0.75566629E+00  -0.18746322E-06   0.20976399E-03   0.30645566E-04   0.34685793E-01   0.72524630E-05   0.58265381E-06
   0.24110000E-08   0.75716425E+00  -0.18578494E-06   0.20787065E-03   0.30645566E-04   0.34685793E-01   0.71865776E-05   0.58265381E-06
   0.24160000E-08   0.75866221E+00  -0.18410666E-06   0.20597743E-03   0.30645566E-04   0.34685793E-01   0.71206922E-05   0.58265381E-06
   0.24210000E-08   0.76016017E+00  -0.18242838E-06   0.20408432E-03   0.30645566E-04   0.34685793E-01   0.70548068E-05   0.58265380E-06
   0.24260000E-08   0.76165813E+00  -0.18075009E-06   0.20219133E-03   0.30645566E-04   0.34685793E-01   0.69889214E-05   0.58265380E-06
   0.24310000E-08   0.76315609E+00  -0.17907181E-06   0.20029847E-03   0.30645566E-04   0.34685793E-01   0.69230360E-05   0.58265380E-06
   0.24360000E-08   0.76465405E+00  -0.17739353E-06   0.19840573E-03   0.30645566E-04   0.34685793E-01   0.68571506E-05   0.58265380E-06
   0.24410000E-08   0.76615201E+00  -0.17571525E-06   0.19651313E-03   0.30645566E-04   0.34685793E-01   0.67912652E-05   0.58265380E-06
   0.24460000E-08   0.76764997E+00  -0.17403697E-06   0.19462065E-03   0.30645566E-04   0.34685793E-01   0.67253798E-05   0.58265380E-06
   0.24510000E-08   0.76914793E+00  -0.17235869E-06   0.19272832E-03   0.30645566E-04   0.34685793E-01   0.66594943E-05   0.58265380E-06
   0.24560000E-08   0.77064589E+00  -0.17068041E-06   0.19083613E-03   0.30645566E-04   0.34685793E-01   0.65936089E-05   0.58265380E-06
