   0.0000000000E+00   0.3500496462E-01   0.2737188593E+02   0.1347616557E+02   0.9993324166E+00   0.2747151702E-02   0.1001430157E-03
   0.3660000000E-09   0.1444984431E+00   0.2737188593E+02   0.1347616557E+02   0.9993324166E+00   0.2662864578E-02   0.1001430157E-03
   0.3710000000E-09   0.1459964035E+00   0.2737188593E+02   0.1347616557E+02   0.9993324166E+00   0.2657842850E-02   0.1001430157E-03
   0.3760000000E-09   0.1474943639E+00   0.2737188593E+02   0.1347616557E+02   0.9993324166E+00   0.2652821599E-02   0.1001430157E-03
   0.3810000000E-09   0.1489923243E+00   0.2737188593E+02   0.1347616557E+02   0.9993324166E+00   0.2647800828E-02   0.1001430157E-03
   0.3860000000E-09   0.1504902847E+00   0.2737188593E+02   0.1347616557E+02   0.9993324166E+00   0.2642780539E-02   0.1001430157E-03
   0.3910000000E-09   0.1519882451E+00   0.2737188593E+02   0.1347616557E+02   0.9993324166E+00   0.2637760734E-02   0.1001430157E-03
   0.3960000000E-09   0.1534862055E+00   0.2737188593E+02   0.1347616557E+02   0.9993324166E+00   0.2632741418E-02   0.1001430157E-03
   0.4010000000E-09   0.1549841660E+00   0.2737188593E+02   0.1347616557E+02   0.9993324166E+00   0.2627722592E-02   0.1001430157E-03
   0.4060000000E-09   0.1564821264E+00   0.2737188593E+02   0.1347616557E+02   0.9993324166E+00   0.2622704259E-02   0.1001430157E-03
   0.4110000000E-09   0.1579800868E+00   0.2737188593E+02   0.1347616557E+02   0.9993324166E+00   0.2617686422E-02   0.1001430157E-03
   0.4160000000E-09   0.1594780472E+00   0.2737188593E+02   0.1347616557E+02   0.9993324166E+00   0.2612669084E-02   0.1001430157E-03
   0.4210000000E-09   0.1609760076E+00   0.2737188593E+02   0.1347616557E+02   0.9993324166E+00   0.2607652248E-02   0.1001430157E-03
   0.4260000000E-09   0.1624739680E+00   0.2737188593E+02   0.1347616557E+02   0.9993324166E+00   0.2602635917E-02   0.1001430157E-03
   0.4310000000E-09   0.1639719284E+00   0.2737188593E+02   0.1347616557E+02   0.9993324166E+00   0.2597620094E-02   0.1001430157E-03
   0.4360000000E-09   0.1654698888E+00   0.2737188593E+02   0.1347616557E+02   0.9993324166E+00   0.2592604781E-02   0.1001430157E-03
   0.4410000000E-09   0.1669678492E+00   0.2737188593E+02   0.1347616557E+02   0.9993324166E+00   0.2589878969E-02   0.1001430157E-03
   0.4460000000E-09   0.1684658096E+00   0.2737188593E+02   0.1347616557E+02   0.9993324166E+00   0.2587477440E-02   0.1001430157E-03
   0.4510000000E-09   0.1699637700E+00   0.2737188593E+02   0.1347616557E+02   0.9993324166E+00   0.2585078496E-02   0.1001430157E-03
   0.4560000000E-09   0.1714617304E+00   0.2737188593E+02   0.1347616557E+02   0.9993324166E+00   0.2583828624E-02   0.1001430157E-03
   0.4610000000E-09   0.1729596908E+00   0.2737188593E+02   0.1347616557E+02   0.9993324166E+00   0.2583545991E-02   0.1001430157E-03
   0.4660000000E-09   0.1744576512E+00   0.2737188593E+02   0.1347616557E+02   0.9993324166E+00   0.2583263860E-02   0.1001430157E-03
   0.4710000000E-09   0.1759556116E+00   0.2737188593E+02   0.1347616557E+02   0.9993324166E+00   0.2582982229E-02   0.1001430157E-03
   0.4760000000E-09   0.1774535720E+00   0.2737188593E+02   0.1347616557E+02   0.9993324166E+00   0.2582701100E-02   0.1001430157E-03
   0.4810000000E-09   0.1789515324E+00   0.2737188593E+02   0.1347616557E+02   0.9993324166E+00   0.2582420472E-02   0.1001430157E-03
   0.4860000000E-09   0.1804494928E+00   0.2737188593E+02   0.1347616557E+02   0.9993324166E+00   0.2582140345E-02   0.1001430157E-03
   0.4910000000E-09   0.1819474532E+00   0.2737188593E+02   0.1347616557E+02   0.9993324166E+00   0.2581860721E-02   0.1001430157E-03
   0.4960000000E-09   0.1834454136E+00   0.2737188593E+02   0.1347616557E+02   0.9993324166E+00   0.2581581598E-02   0.1001430157E-03
   0.5010000000E-09   0.1849433740E+00   0.2737188593E+02   0.1347616557E+02   0.9993324166E+00   0.2581302977E-02   0.1001430157E-03
   0.5060000000E-09   0.1864413344E+00   0.2737188593E+02   0.1347616557E+02   0.9993324166E+00   0.2581024858E-02   0.1001430157E-03
   0.5110000000E-09   0.1879392948E+00   0.2737188593E+02   0.1347616557E+02   0.9993324166E+00   0.2580747242E-02   0.1001430157E-03
   0.5160000000E-09   0.1894372552E+00   0.2737188593E+02   0.1347616557E+02   0.9993324166E+00   0.2580470128E-02   0.1001430157E-03
   0.5210000000E-09   0.1909352156E+00   0.2737188593E+02   0.1347616557E+02   0.9993324166E+00   0.2580193517E-02   0.1001430157E-03
   0.5260000000E-09   0.1924331760E+00   0.2737188593E+02   0.1347616557E+02   0.9993324166E+00   0.2579917409E-02   0.1001430157E-03
   0.5310000000E-09   0.1939311364E+00   0.2737188593E+02   0.1347616557E+02   0.9993324166E+00   0.2579641803E-02   0.1001430157E-03
   0.5360000000E-09   0.1954290968E+00   0.2737188593E+02   0.1347616557E+02   0.9993324166E+00   0.2579366701E-02   0.1001430157E-03
   0.5410000000E-09   0.1969270572E+00   0.2737188593E+02   0.1347616557E+02   0.9993324166E+00   0.2579092102E-02   0.1001430157E-03
   0.5460000000E-09   0.1984250176E+00   0.2737188593E+02   0.1347616557E+02   0.9993324166E+00   0.2578818007E-02   0.1001430157E-03
   0.5510000000E-09   0.1999229780E+00   0.2737188593E+02   0.1347616557E+02   0.9993324166E+00   0.2578544415E-02   0.1001430157E-03
   0.5560000000E-09   0.2014209384E+00   0.2737188593E+02   0.1347616557E+02   0.9993324166E+00   0.2578271327E-02   0.1001430157E-03
   0.5610000000E-09   0.2029188988E+00   0.2737188593E+02   0.1347616557E+02   0.9993324166E+00   0.2577998743E-02   0.1001430157E-03
   0.5660000000E-09   0.2044168592E+00   0.2737188593E+02   0.1347616557E+02   0.9993324166E+00   0.2577726663E-02   0.1001430157E-03
   0.5710000000E-09   0.2059148197E+00   0.2737188593E+02   0.1347616557E+02   0.9993324166E+00   0.2577455088E-02   0.1001430157E-03
   0.5760000000E-09   0.2074127801E+00   0.2737188593E+02   0.1347616557E+02   0.9993324166E+00   0.2577184016E-02   0.1001430157E-03
   0.5810000000E-09   0.2089107405E+00   0.2737188593E+02   0.1347616557E+02   0.9993324166E+00   0.2576913450E-02   0.1001430157E-03
   0.5860000000E-09   0.2104087009E+00   0.2737188593E+02   0.1347616557E+02   0.9993324166E+00   0.2576643388E-02   0.1001430157E-03
   0.5910000000E-09   0.2119066613E+00   0.2737188593E+02   0.1347616557E+02   0.9993324166E+00   0.2576373831E-02   0.1001430157E-03
   0.5960000000E-09   0.2134046217E+00   0.2737188593E+02   0.1347616557E+02   0.9993324166E+00   0.2576104779E-02   0.1001430157E-03
   0.6010000000E-09   0.2149025821E+00   0.2737188593E+02   0.1347616557E+02   0.9993324166E+00   0.2575836232E-02   0.1001430157E-03
   0.6060000000E-09   0.2164005425E+00   0.2737188593E+02   0.1347616557E+02   0.9993324166E+00   0.2575568191E-02   0.1001430157E-03
   0.6110000000E-09   0.2178985029E+00   0.2737188593E+02   0.1347616557E+02   0.9993324166E+00   0.2575300655E-02   0.1001430157E-03
   0.6160000000E-09   0.2193964633E+00   0.2737188593E+02   0.1347616557E+02   0.9993324166E+00   0.2575033625E-02   0.1001430157E-03
   0.6210000000E-09   0.2208944237E+00   0.2737188593E+02   0.1347616557E+02   0.9993324166E+00   0.2574767101E-02   0.1001430157E-03
   0.6260000000E-09   0.2223923841E+00   0.2737188593E+02   0.1347616557E+02   0.9993324166E+00   0.2574501083E-02   0.1001430157E-03
   0.6310000000E-09   0.2238903445E+00   0.2737188593E+02   0.1347616557E+02   0.9993324166E+00   0.2574235571E-02   0.1001430157E-03
   0.6360000000E-09   0.2253883049E+00   0.2737188593E+02   0.1347616557E+02   0.9993324166E+00   0.2574018185E-02   0.1001430157E-03
   0.6410000000E-09   0.2268862653E+00   0.2737188593E+02   0.1347616557E+02   0.9993324166E+00   0.2573935398E-02   0.1001430157E-03
   0.6460000000E-09   0.2283842257E+00   0.2737188593E+02   0.1347616557E+02   0.9993324166E+00   0.2573852774E-02   0.1001430157E-03
   0.6510000000E-09   0.2298821861E+00   0.2737188593E+02   0.1347616557E+02   0.9993324166E+00   0.2573770313E-02   0.1001430157E-03
   0.6560000000E-09   0.2313801465E+00   0.2737188593E+02   0.1347616557E+02   0.9993324166E+00   0.2573688014E-02   0.1001430157E-03
   0.6610000000E-09   0.2328781069E+00   0.2737188593E+02   0.1347616557E+02   0.9993324166E+00   0.2573605879E-02   0.1001430157E-03
   0.6660000000E-09   0.2343760673E+00   0.2737188593E+02   0.1347616557E+02   0.9993324166E+00   0.2573523908E-02   0.1001430157E-03
   0.6710000000E-09   0.2358740277E+00   0.2737188593E+02   0.1347616557E+02   0.9993324166E+00   0.2573442099E-02   0.1001430157E-03
   0.6760000000E-09   0.2373719881E+00   0.2737188593E+02   0.1347616557E+02   0.9993324166E+00   0.2573360454E-02   0.1001430157E-03
   0.6810000000E-09   0.2388699485E+00   0.2737188593E+02   0.1347616557E+02   0.9993324166E+00   0.2573278971E-02   0.1001430157E-03
   0.6860000000E-09   0.2403679089E+00   0.2737188593E+02   0.1347616557E+02   0.9993324166E+00   0.2573197652E-02   0.1001430157E-03
   0.6910000000E-09   0.2418658693E+00   0.2737188593E+02   0.1347616557E+02   0.9993324166E+00   0.2573116496E-02   0.1001430157E-03
   0.6960000000E-09   0.2433638297E+00   0.2737188593E+02   0.1347616557E+02   0.9993324166E+00   0.2573035504E-02   0.1001430157E-03
   0.7010000000E-09   0.2448617901E+00   0.2737188593E+02   0.1347616557E+02   0.9993324166E+00   0.2572954674E-02   0.1001430157E-03
   0.7060000000E-09   0.2463597505E+00   0.2737188593E+02   0.1347616557E+02   0.9993324166E+00   0.2572874008E-02   0.1001430157E-03
   0.7110000000E-09   0.2478577109E+00   0.2737188593E+02   0.1347616557E+02   0.9993324166E+00   0.2572793505E-02   0.1001430157E-03
   0.7160000000E-09   0.2493556713E+00   0.2737188593E+02   0.1347616557E+02   0.9993324166E+00   0.2572713166E-02   0.1001430157E-03
   0.7210000000E-09   0.2508536317E+00   0.2737188593E+02   0.1347616557E+02   0.9993324166E+00   0.2572632989E-02   0.1001430157E-03
   0.7260000000E-09   0.2523515921E+00   0.2737188593E+02   0.1347616557E+02   0.9993324166E+00   0.2572552976E-02   0.1001430157E-03
   0.7310000000E-09   0.2538495525E+00   0.2737188593E+02   0.1347616557E+02   0.9993324166E+00   0.2572473127E-02   0.1001430157E-03
   0.7360000000E-09   0.2553475130E+00   0.2737188593E+02   0.1347616557E+02   0.9993324166E+00   0.2572393440E-02   0.1001430157E-03
   0.7410000000E-09   0.2568454734E+00   0.2737188593E+02   0.1347616557E+02   0.9993324166E+00   0.2572313917E-02   0.1001430157E-03
   0.7460000000E-09   0.2583434338E+00   0.2737188593E+02   0.1347616557E+02   0.9993324166E+00   0.2572234558E-02   0.1001430157E-03
   0.7510000000E-09   0.2598413942E+00   0.2737188593E+02   0.1347616557E+02   0.9993324166E+00   0.2572155362E-02   0.1001430157E-03
   0.7560000000E-09   0.2613393546E+00   0.2737188593E+02   0.1347616557E+02   0.9993324166E+00   0.2572076329E-02   0.1001430157E-03
   0.7610000000E-09   0.2628373150E+00   0.2737188593E+02   0.1347616557E+02   0.9993324166E+00   0.2571997460E-02   0.1001430157E-03
   0.7660000000E-09   0.2643352754E+00   0.2737188593E+02   0.1347616557E+02   0.9993324166E+00   0.2571918754E-02   0.1001430157E-03
   0.7710000000E-09   0.2658332358E+00   0.2737188593E+02   0.1347616557E+02   0.9993324166E+00   0.2571840212E-02   0.1001430157E-03
   0.7760000000E-09   0.2673311962E+00   0.2737188593E+02   0.1347616557E+02   0.9993324166E+00   0.2571761833E-02   0.1001430157E-03
   0.7810000000E-09   0.2688291566E+00   0.2737188593E+02   0.1347616557E+02   0.9993324166E+00   0.2571683617E-02   0.1001430157E-03
   0.7860000000E-09   0.2703271170E+00   0.2737188593E+02   0.1347616557E+02   0.9993324166E+00   0.2571605565E-02   0.1001430157E-03
   0.7910000000E-09   0.2718250774E+00   0.2737188593E+02   0.1347616557E+02   0.9993324166E+00   0.2571527677E-02   0.1001430157E-03
   0.7960000000E-09   0.2733230378E+00   0.2737188593E+02   0.1347616557E+02   0.9993324166E+00   0.2571449952E-02   0.1001430157E-03
   0.8010000000E-09   0.2748209982E+00   0.2737188593E+02   0.1347616557E+02   0.9993324166E+00   0.2571372391E-02   0.1001430157E-03
   0.8060000000E-09   0.2763189586E+00   0.2737188593E+02   0.1347616557E+02   0.9993324166E+00   0.2571294993E-02   0.1001430157E-03
   0.8110000000E-09   0.2778169190E+00   0.2737188593E+02   0.1347616557E+02   0.9993324166E+00   0.2571217759E-02   0.1001430157E-03
   0.8160000000E-09   0.2793148794E+00   0.2737188593E+02   0.1347616557E+02   0.9993324166E+00   0.2571140688E-02   0.1001430157E-03
   0.8210000000E-09   0.2808128398E+00   0.2737188593E+02   0.1347616557E+02   0.9993324166E+00   0.2571063781E-02   0.1001430157E-03
   0.8260000000E-09   0.2823108002E+00   0.2737188593E+02   0.1347616557E+02   0.9993324166E+00   0.2570987038E-02   0.1001430157E-03
   0.8310000000E-09   0.2838087606E+00   0.2737188593E+02   0.1347616557E+02   0.9993324166E+00   0.2570910458E-02   0.1001430157E-03
   0.8360000000E-09   0.2853067210E+00   0.2737188593E+02   0.1347616557E+02   0.9993324166E+00   0.2570834042E-02   0.1001430157E-03
   0.8410000000E-09   0.2868046814E+00   0.2737188593E+02   0.1347616557E+02   0.9993324166E+00   0.2570757789E-02   0.1001430157E-03
   0.8460000000E-09   0.2883026418E+00   0.2737188593E+02   0.1347616557E+02   0.9993324166E+00   0.2570681701E-02   0.1001430157E-03
   0.8510000000E-09   0.2898006022E+00   0.2737188593E+02   0.1347616557E+02   0.9993324166E+00   0.2570605776E-02   0.1001430157E-03
   0.8560000000E-09   0.2912985626E+00   0.2737188593E+02   0.1347616557E+02   0.9993324166E+00   0.2570530014E-02   0.1001430157E-03
   0.8610000000E-09   0.2927965230E+00   0.2737188593E+02   0.1347616557E+02   0.9993324166E+00   0.2570454417E-02   0.1001430157E-03
   0.8660000000E-09   0.2942944834E+00   0.2737188593E+02   0.1347616557E+02   0.9993324166E+00   0.2570378983E-02   0.1001430157E-03
   0.8710000000E-09   0.2957924438E+00   0.2737188593E+02   0.1347616557E+02   0.9993324166E+00   0.2570303713E-02   0.1001430157E-03
   0.8760000000E-09   0.2972904042E+00   0.2737188593E+02   0.1347616557E+02   0.9993324166E+00   0.2570228606E-02   0.1001430157E-03
   0.8810000000E-09   0.2987883646E+00   0.2737188593E+02   0.1347616557E+02   0.9993324166E+00   0.2570153664E-02   0.1001430157E-03
   0.8860000000E-09   0.3002863250E+00   0.2737188593E+02   0.1347616557E+02   0.9993324166E+00   0.2570078885E-02   0.1001430157E-03
   0.8910000000E-09   0.3017842854E+00   0.2737188593E+02   0.1347616557E+02   0.9993324166E+00   0.2570004270E-02   0.1001430157E-03
   0.8960000000E-09   0.3032822458E+00   0.2737188593E+02   0.1347616557E+02   0.9993324166E+00   0.2569929819E-02   0.1001430157E-03
   0.9010000000E-09   0.3047802062E+00   0.2737188593E+02   0.1347616557E+02   0.9993324166E+00   0.2569855531E-02   0.1001430157E-03
   0.9060000000E-09   0.3062781667E+00   0.2737188593E+02   0.1347616557E+02   0.9993324166E+00   0.2569781408E-02   0.1001430157E-03
   0.9110000000E-09   0.3077761271E+00   0.2737188593E+02   0.1347616557E+02   0.9993324166E+00   0.2569707448E-02   0.1001430157E-03
   0.9160000000E-09   0.3092740875E+00   0.2737188593E+02   0.1347616557E+02   0.9993324166E+00   0.2569633652E-02   0.1001430157E-03
   0.9210000000E-09   0.3107720479E+00   0.2737188593E+02   0.1347616557E+02   0.9993324166E+00   0.2569560021E-02   0.1001430157E-03
   0.9260000000E-09   0.3122700083E+00   0.2737188593E+02   0.1347616557E+02   0.9993324166E+00   0.2569486553E-02   0.1001430157E-03
   0.9310000000E-09   0.3137679687E+00   0.2737188593E+02   0.1347616557E+02   0.9993324166E+00   0.2569413249E-02   0.1001430157E-03
   0.9360000000E-09   0.3152659291E+00   0.2737188593E+02   0.1347616557E+02   0.9993324166E+00   0.2569340109E-02   0.1001430157E-03
   0.9410000000E-09   0.3167638895E+00   0.2737188593E+02   0.1347616557E+02   0.9993324166E+00   0.2569267132E-02   0.1001430157E-03
   0.9460000000E-09   0.3182618499E+00   0.2737188593E+02   0.1347616557E+02   0.9993324166E+00   0.2569194320E-02   0.1001430157E-03
   0.9510000000E-09   0.3197598103E+00   0.2737188593E+02   0.1347616557E+02   0.9993324166E+00   0.2569121672E-02   0.1001430157E-03
   0.9560000000E-09   0.3212577707E+00   0.2737188593E+02   0.1347616557E+02   0.9993324166E+00   0.2569049188E-02   0.1001430157E-03
   0.9610000000E-09   0.3227557311E+00   0.2737188593E+02   0.1347616557E+02   0.9993324166E+00   0.2568976868E-02   0.1001430157E-03
   0.9660000000E-09   0.3242536915E+00   0.2737188593E+02   0.1347616557E+02   0.9993324166E+00   0.2568904712E-02   0.1001430157E-03
   0.9710000000E-09   0.3257516519E+00   0.2737188593E+02   0.1347616557E+02   0.9993324166E+00   0.2568832719E-02   0.1001430157E-03
   0.9760000000E-09   0.3272496123E+00   0.2737188593E+02   0.1347616557E+02   0.9993324166E+00   0.2568760891E-02   0.1001430157E-03
   0.9810000000E-09   0.3287475727E+00   0.2737188593E+02   0.1347616557E+02   0.9993324166E+00   0.2568689227E-02   0.1001430157E-03
   0.9860000000E-09   0.3302455331E+00   0.2737188593E+02   0.1347616557E+02   0.9993324166E+00   0.2568617727E-02   0.1001430157E-03
   0.9910000000E-09   0.3317434935E+00   0.2737188593E+02   0.1347616557E+02   0.9993324166E+00   0.2568546392E-02   0.1001430157E-03
   0.9960000000E-09   0.3332414539E+00   0.2737188593E+02   0.1347616557E+02   0.9993324166E+00   0.2568475220E-02   0.1001430157E-03
   0.1001000000E-08   0.3347394143E+00   0.2737188593E+02   0.1347616557E+02   0.9993324166E+00   0.2568404212E-02   0.1001430157E-03
   0.1006000000E-08   0.3362373747E+00   0.2737188593E+02   0.1347616557E+02   0.9993324166E+00   0.2568333369E-02   0.1001430157E-03
   0.1011000000E-08   0.3377353351E+00   0.2737188593E+02   0.1347616557E+02   0.9993324166E+00   0.2568262689E-02   0.1001430157E-03
   0.1016000000E-08   0.3392332955E+00   0.2737188593E+02   0.1347616557E+02   0.9993324166E+00   0.2568192174E-02   0.1001430157E-03
   0.1021000000E-08   0.3407312559E+00   0.2737188593E+02   0.1347616557E+02   0.9993324166E+00   0.2568121823E-02   0.1001430157E-03
   0.1026000000E-08   0.3422292163E+00   0.2737188593E+02   0.1347616557E+02   0.9993324166E+00   0.2568051636E-02   0.1001430157E-03
   0.1031000000E-08   0.3437271767E+00   0.2737188593E+02   0.1347616557E+02   0.9993324166E+00   0.2567981613E-02   0.1001430157E-03
   0.1036000000E-08   0.3452251371E+00   0.2737188593E+02   0.1347616557E+02   0.9993324166E+00   0.2567911755E-02   0.1001430157E-03
   0.1041000000E-08   0.3467230975E+00   0.2737188593E+02   0.1347616557E+02   0.9993324166E+00   0.2567842061E-02   0.1001430157E-03
   0.1046000000E-08   0.3482210579E+00   0.2737188593E+02   0.1347616557E+02   0.9993324166E+00   0.2567772531E-02   0.1001430157E-03
   0.1051000000E-08   0.3497190183E+00   0.2737188593E+02   0.1347616557E+02   0.9993324166E+00   0.2567703165E-02   0.1001430157E-03
   0.1056000000E-08   0.3512169787E+00   0.2737188593E+02   0.1347616557E+02   0.9993324166E+00   0.2567633964E-02   0.1001430157E-03
   0.1061000000E-08   0.3527149391E+00   0.2737188593E+02   0.1347616557E+02   0.9993324166E+00   0.2567564926E-02   0.1001430157E-03
   0.1066000000E-08   0.3542128995E+00   0.2737188593E+02   0.1347616557E+02   0.9993324166E+00   0.2567496053E-02   0.1001430157E-03
   0.1071000000E-08   0.3557108600E+00   0.2737188593E+02   0.1347616557E+02   0.9993324166E+00   0.2567427345E-02   0.1001430157E-03
   0.1076000000E-08   0.3572088204E+00   0.2737188593E+02   0.1347616557E+02   0.9993324166E+00   0.2567358801E-02   0.1001430157E-03
   0.1081000000E-08   0.3587067808E+00   0.2737188593E+02   0.1347616557E+02   0.9993324166E+00   0.2567290421E-02   0.1001430157E-03
   0.1086000000E-08   0.3602047412E+00   0.2737188593E+02   0.1347616557E+02   0.9993324166E+00   0.2567222205E-02   0.1001430157E-03
   0.1091000000E-08   0.3617027016E+00   0.2737188593E+02   0.1347616557E+02   0.9993324166E+00   0.2567154154E-02   0.1001430157E-03
   0.1096000000E-08   0.3632006620E+00   0.2737188593E+02   0.1347616557E+02   0.9993324166E+00   0.2567086267E-02   0.1001430157E-03
   0.1101000000E-08   0.3646986224E+00   0.2737188593E+02   0.1347616557E+02   0.9993324166E+00   0.2567018544E-02   0.1001430157E-03
   0.1106000000E-08   0.3661965828E+00   0.2737188593E+02   0.1347616557E+02   0.9993324166E+00   0.2566950986E-02   0.1001430157E-03
   0.1111000000E-08   0.3676945432E+00   0.2737188593E+02   0.1347616557E+02   0.9993324166E+00   0.2566883592E-02   0.1001430157E-03
   0.1116000000E-08   0.3691925036E+00   0.2737188593E+02   0.1347616557E+02   0.9993324166E+00   0.2566816363E-02   0.1001430157E-03
   0.1121000000E-08   0.3706904640E+00   0.2737188593E+02   0.1347616557E+02   0.9993324166E+00   0.2566749298E-02   0.1001430157E-03
   0.1126000000E-08   0.3721884244E+00   0.2737188593E+02   0.1347616557E+02   0.9993324166E+00   0.2566682398E-02   0.1001430157E-03
   0.1131000000E-08   0.3736863848E+00   0.2737188593E+02   0.1347616557E+02   0.9993324166E+00   0.2566615662E-02   0.1001430157E-03
   0.1136000000E-08   0.3751843452E+00   0.2737188593E+02   0.1347616557E+02   0.9993324166E+00   0.2566549090E-02   0.1001430157E-03
   0.1141000000E-08   0.3766823056E+00   0.2737188593E+02   0.1347616557E+02   0.9993324166E+00   0.2566482684E-02   0.1001430157E-03
   0.1146000000E-08   0.3781802660E+00   0.2737188593E+02   0.1347616557E+02   0.9993324166E+00   0.2566416441E-02   0.1001430157E-03
   0.1151000000E-08   0.3796782264E+00   0.2737188593E+02   0.1347616557E+02   0.9993324166E+00   0.2566350363E-02   0.1001430157E-03
   0.1156000000E-08   0.3811761868E+00   0.2737188593E+02   0.1347616557E+02   0.9993324166E+00   0.2566284450E-02   0.1001430157E-03
   0.1161000000E-08   0.3826741472E+00   0.2737188593E+02   0.1347616557E+02   0.9993324166E+00   0.2566218701E-02   0.1001430157E-03
   0.1166000000E-08   0.3841721076E+00   0.2737188593E+02   0.1347616557E+02   0.9993324166E+00   0.2566153116E-02   0.1001430157E-03
   0.1171000000E-08   0.3856700680E+00   0.2737188593E+02   0.1347616557E+02   0.9993324166E+00   0.2566087696E-02   0.1001430157E-03
   0.1176000000E-08   0.3871680284E+00   0.2737188593E+02   0.1347616557E+02   0.9993324166E+00   0.2566022441E-02   0.1001430157E-03
   0.1181000000E-08   0.3886659888E+00   0.2737188593E+02   0.1347616557E+02   0.9993324166E+00   0.2565957351E-02   0.1001430157E-03
   0.1186000000E-08   0.3901639492E+00   0.2737188593E+02   0.1347616557E+02   0.9993324166E+00   0.2565892425E-02   0.1001430157E-03
   0.1191000000E-08   0.3916619096E+00   0.2737188593E+02   0.1347616557E+02   0.9993324166E+00   0.2565827663E-02   0.1001430157E-03
   0.1196000000E-08   0.3931598700E+00   0.2737188593E+02   0.1347616557E+02   0.9993324166E+00   0.2565763066E-02   0.1001430157E-03
   0.1201000000E-08   0.3946578304E+00   0.2737188593E+02   0.1347616557E+02   0.9993324166E+00   0.2565698634E-02   0.1001430157E-03
   0.1206000000E-08   0.3961557908E+00   0.2737188593E+02   0.1347616557E+02   0.9993324166E+00   0.2565634367E-02   0.1001430157E-03
   0.1211000000E-08   0.3976537512E+00   0.2737188593E+02   0.1347616557E+02   0.9993324166E+00   0.2565570264E-02   0.1001430157E-03
   0.1216000000E-08   0.3991517116E+00   0.2737188593E+02   0.1347616557E+02   0.9993324166E+00   0.2565506326E-02   0.1001430157E-03
   0.1221000000E-08   0.4006496720E+00   0.2737188593E+02   0.1347616557E+02   0.9993324166E+00   0.2565442552E-02   0.1001430157E-03
   0.1226000000E-08   0.4021476324E+00   0.2737188593E+02   0.1347616557E+02   0.9993324166E+00   0.2565378943E-02   0.1001430157E-03
   0.1231000000E-08   0.4036455928E+00   0.2737188593E+02   0.1347616557E+02   0.9993324166E+00   0.2565315499E-02   0.1001430157E-03
   0.1236000000E-08   0.4051435532E+00   0.2737188593E+02   0.1347616557E+02   0.9993324166E+00   0.2565252220E-02   0.1001430157E-03
   0.1241000000E-08   0.4066415137E+00   0.2737188593E+02   0.1347616557E+02   0.9993324166E+00   0.2565189105E-02   0.1001430157E-03
   0.1246000000E-08   0.4081394741E+00   0.2737188593E+02   0.1347616557E+02   0.9993324166E+00   0.2565126155E-02   0.1001430157E-03
   0.1251000000E-08   0.4096374345E+00   0.2737188593E+02   0.1347616557E+02   0.9993324166E+00   0.2565063370E-02   0.1001430157E-03
   0.1256000000E-08   0.4111353949E+00   0.2737188593E+02   0.1347616557E+02   0.9993324166E+00   0.2565000750E-02   0.1001430157E-03
   0.1261000000E-08   0.4126333553E+00   0.2737188593E+02   0.1347616557E+02   0.9993324166E+00   0.2564938294E-02   0.1001430157E-03
   0.1266000000E-08   0.4141313157E+00   0.2737188593E+02   0.1347616557E+02   0.9993324166E+00   0.2564876003E-02   0.1001430157E-03
   0.1271000000E-08   0.4156292761E+00   0.2737188593E+02   0.1347616557E+02   0.9993324166E+00   0.2564813877E-02   0.1001430157E-03
   0.1276000000E-08   0.4171272365E+00   0.2737188593E+02   0.1347616557E+02   0.9993324166E+00   0.2564751916E-02   0.1001430157E-03
   0.1281000000E-08   0.4186251969E+00   0.2737188593E+02   0.1347616557E+02   0.9993324166E+00   0.2564690120E-02   0.1001430157E-03
   0.1286000000E-08   0.4201231573E+00   0.2737188593E+02   0.1347616557E+02   0.9993324166E+00   0.2564628488E-02   0.1001430157E-03
   0.1291000000E-08   0.4216211177E+00   0.2737188593E+02   0.1347616557E+02   0.9993324166E+00   0.2564567022E-02   0.1001430157E-03
   0.1296000000E-08   0.4231190781E+00   0.2737188593E+02   0.1347616557E+02   0.9993324166E+00   0.2564505720E-02   0.1001430157E-03
   0.1301000000E-08   0.4246170385E+00   0.2737188593E+02   0.1347616557E+02   0.9993324166E+00   0.2564444583E-02   0.1001430157E-03
   0.1306000000E-08   0.4261149989E+00   0.2737188593E+02   0.1347616557E+02   0.9993324166E+00   0.2564383611E-02   0.1001430157E-03
   0.1311000000E-08   0.4276129593E+00   0.2737188593E+02   0.1347616557E+02   0.9993324166E+00   0.2564322804E-02   0.1001430157E-03
   0.1316000000E-08   0.4291109197E+00   0.2737188593E+02   0.1347616557E+02   0.9993324166E+00   0.2564262162E-02   0.1001430157E-03
   0.1321000000E-08   0.4306088801E+00   0.2737188593E+02   0.1347616557E+02   0.9993324166E+00   0.2564201685E-02   0.1001430157E-03
   0.1326000000E-08   0.4321068405E+00   0.2737188593E+02   0.1347616557E+02   0.9993324166E+00   0.2564141372E-02   0.1001430157E-03
   0.1331000000E-08   0.4336048009E+00   0.2737188593E+02   0.1347616557E+02   0.9993324166E+00   0.2564081225E-02   0.1001430157E-03
   0.1336000000E-08   0.4351027613E+00   0.2737188593E+02   0.1347616557E+02   0.9993324166E+00   0.2564021243E-02   0.1001430157E-03
   0.1341000000E-08   0.4366007217E+00   0.2737188593E+02   0.1347616557E+02   0.9993324166E+00   0.2563961425E-02   0.1001430157E-03
   0.1346000000E-08   0.4380986821E+00   0.2737188593E+02   0.1347616557E+02   0.9993324166E+00   0.2563901773E-02   0.1001430157E-03
   0.1351000000E-08   0.4395966425E+00   0.2737188593E+02   0.1347616557E+02   0.9993324166E+00   0.2563842285E-02   0.1001430157E-03
   0.1356000000E-08   0.4410946029E+00   0.2737188593E+02   0.1347616557E+02   0.9993324166E+00   0.2563782963E-02   0.1001430157E-03
   0.1361000000E-08   0.4425925633E+00   0.2737188593E+02   0.1347616557E+02   0.9993324166E+00   0.2563723805E-02   0.1001430157E-03
   0.1366000000E-08   0.4440905237E+00   0.2737188593E+02   0.1347616557E+02   0.9993324166E+00   0.2563664813E-02   0.1001430157E-03
   0.1371000000E-08   0.4455884841E+00   0.2737188593E+02   0.1347616557E+02   0.9993324166E+00   0.2563605986E-02   0.1001430157E-03
   0.1376000000E-08   0.4470864445E+00   0.2737188593E+02   0.1347616557E+02   0.9993324166E+00   0.2563547323E-02   0.1001430157E-03
   0.1381000000E-08   0.4485844049E+00   0.2737188593E+02   0.1347616557E+02   0.9993324166E+00   0.2563488826E-02   0.1001430157E-03
   0.1386000000E-08   0.4500823653E+00   0.2737188593E+02   0.1347616557E+02   0.9993324166E+00   0.2563430494E-02   0.1001430157E-03
   0.1391000000E-08   0.4515803257E+00   0.2737188593E+02   0.1347616557E+02   0.9993324166E+00   0.2563372327E-02   0.1001430157E-03
   0.1396000000E-08   0.4530782861E+00   0.2737188593E+02   0.1347616557E+02   0.9993324166E+00   0.2563314325E-02   0.1001430157E-03
   0.1401000000E-08   0.4545762465E+00   0.2737188593E+02   0.1347616557E+02   0.9993324166E+00   0.2563256488E-02   0.1001430157E-03
   0.1406000000E-08   0.4560742070E+00   0.2737188593E+02   0.1347616557E+02   0.9993324166E+00   0.2563198816E-02   0.1001430157E-03
   0.1411000000E-08   0.4575721674E+00   0.2737188593E+02   0.1347616557E+02   0.9993324166E+00   0.2563141310E-02   0.1001430157E-03
   0.1416000000E-08   0.4590701278E+00   0.2737188593E+02   0.1347616557E+02   0.9993324166E+00   0.2563083968E-02   0.1001430157E-03
   0.1421000000E-08   0.4605680882E+00   0.2737188593E+02   0.1347616557E+02   0.9993324166E+00   0.2563026792E-02   0.1001430157E-03
   0.1426000000E-08   0.4620660486E+00   0.2737188593E+02   0.1347616557E+02   0.9993324166E+00   0.2562969781E-02   0.1001430157E-03
   0.1431000000E-08   0.4635640090E+00   0.2737188593E+02   0.1347616557E+02   0.9993324166E+00   0.2562912935E-02   0.1001430157E-03
   0.1436000000E-08   0.4650619694E+00   0.2737188593E+02   0.1347616557E+02   0.9993324166E+00   0.2562856254E-02   0.1001430157E-03
   0.1441000000E-08   0.4665599298E+00   0.2737188593E+02   0.1347616557E+02   0.9993324166E+00   0.2562799738E-02   0.1001430157E-03
   0.1446000000E-08   0.4680578902E+00   0.2737188593E+02   0.1347616557E+02   0.9993324166E+00   0.2562743388E-02   0.1001430157E-03
   0.1451000000E-08   0.4695558506E+00   0.2737188593E+02   0.1347616557E+02   0.9993324166E+00   0.2562687203E-02   0.1001430157E-03
   0.1456000000E-08   0.4710538110E+00   0.2737188593E+02   0.1347616557E+02   0.9993324166E+00   0.2562631183E-02   0.1001430157E-03
   0.1461000000E-08   0.4725517714E+00   0.2737188593E+02   0.1347616557E+02   0.9993324166E+00   0.2562575328E-02   0.1001430157E-03
   0.1466000000E-08   0.4740497318E+00   0.2737188593E+02   0.1347616557E+02   0.9993324166E+00   0.2562519639E-02   0.1001430157E-03
   0.1471000000E-08   0.4755476922E+00   0.2737188593E+02   0.1347616557E+02   0.9993324166E+00   0.2562464115E-02   0.1001430157E-03
   0.1476000000E-08   0.4770456526E+00   0.2737188593E+02   0.1347616557E+02   0.9993324166E+00   0.2562408756E-02   0.1001430157E-03
   0.1481000000E-08   0.4785436130E+00   0.2737188593E+02   0.1347616557E+02   0.9993324166E+00   0.2562353562E-02   0.1001430157E-03
   0.1486000000E-08   0.4800415734E+00   0.2737188593E+02   0.1347616557E+02   0.9993324166E+00   0.2562298534E-02   0.1001430157E-03
   0.1491000000E-08   0.4815395338E+00   0.2737188593E+02   0.1347616557E+02   0.9993324166E+00   0.2562243671E-02   0.1001430157E-03
   0.1496000000E-08   0.4830374942E+00   0.2737188593E+02   0.1347616557E+02   0.9993324166E+00   0.2562188973E-02   0.1001430157E-03
   0.1501000000E-08   0.4845354546E+00   0.2737188593E+02   0.1347616557E+02   0.9993324166E+00   0.2562134441E-02   0.1001430157E-03
   0.1506000000E-08   0.4860334150E+00   0.2737188593E+02   0.1347616557E+02   0.9993324166E+00   0.2562080074E-02   0.1001430157E-03
   0.1511000000E-08   0.4875313754E+00   0.2737188593E+02   0.1347616557E+02   0.9993324166E+00   0.2562025872E-02   0.1001430157E-03
   0.1516000000E-08   0.4890293358E+00   0.2737188593E+02   0.1347616557E+02   0.9993324166E+00   0.2561971836E-02   0.1001430157E-03
   0.1521000000E-08   0.4905272962E+00   0.2737188593E+02   0.1347616557E+02   0.9993324166E+00   0.2561917965E-02   0.1001430157E-03
   0.1526000000E-08   0.4920252566E+00   0.2737188593E+02   0.1347616557E+02   0.9993324166E+00   0.2561864259E-02   0.1001430157E-03
   0.1531000000E-08   0.4935232170E+00   0.2737188593E+02   0.1347616557E+02   0.9993324166E+00   0.2561810719E-02   0.1001430157E-03
   0.1536000000E-08   0.4950211774E+00   0.2737188593E+02   0.1347616557E+02   0.9993324166E+00   0.2561757344E-02   0.1001430157E-03
   0.1541000000E-08   0.4965191378E+00   0.2737188593E+02   0.1347616557E+02   0.9993324166E+00   0.2561704135E-02   0.1001430157E-03
   0.1546000000E-08   0.4980170982E+00   0.2737188593E+02   0.1347616557E+02   0.9993324166E+00   0.2561651091E-02   0.1001430157E-03
   0.1551000000E-08   0.4995150586E+00   0.2737188593E+02   0.1347616557E+02   0.9993324166E+00   0.2561598212E-02   0.1001430157E-03
   0.1556000000E-08   0.5010130190E+00   0.2737188593E+02   0.1347616557E+02   0.9993324166E+00   0.2561545499E-02   0.1001430157E-03
   0.1561000000E-08   0.5025109794E+00   0.2737188593E+02   0.1347616557E+02   0.9993324166E+00   0.2561492951E-02   0.1001430157E-03
   0.1566000000E-08   0.5040089398E+00   0.2737188593E+02   0.1347616557E+02   0.9993324166E+00   0.2561440569E-02   0.1001430157E-03
   0.1571000000E-08   0.5055069002E+00   0.2737188593E+02   0.1347616557E+02   0.9993324166E+00   0.2561388352E-02   0.1001430157E-03
   0.1576000000E-08   0.5070048607E+00   0.2737188593E+02   0.1347616557E+02   0.9993324166E+00   0.2561336301E-02   0.1001430157E-03
   0.1581000000E-08   0.5085028211E+00   0.2737188593E+02   0.1347616557E+02   0.9993324166E+00   0.2561284416E-02   0.1001430157E-03
   0.1586000000E-08   0.5100007815E+00   0.2737188593E+02   0.1347616557E+02   0.9993324166E+00   0.2561232695E-02   0.1001430157E-03
   0.1591000000E-08   0.5114987419E+00   0.2737188593E+02   0.1347616557E+02   0.9993324166E+00   0.2561181141E-02   0.1001430157E-03
   0.1596000000E-08   0.5129967023E+00   0.2737188593E+02   0.1347616557E+02   0.9993324166E+00   0.2561129751E-02   0.1001430157E-03
   0.1601000000E-08   0.5144946627E+00   0.2737188593E+02   0.1347616557E+02   0.9993324166E+00   0.2561078528E-02   0.1001430157E-03
   0.1606000000E-08   0.5159926231E+00   0.2737188593E+02   0.1347616557E+02   0.9993324166E+00   0.2561027470E-02   0.1001430157E-03
   0.1611000000E-08   0.5174905835E+00   0.2737188593E+02   0.1347616557E+02   0.9993324166E+00   0.2560976577E-02   0.1001430157E-03
   0.1616000000E-08   0.5189885439E+00   0.2737188593E+02   0.1347616557E+02   0.9993324166E+00   0.2560925850E-02   0.1001430157E-03
   0.1621000000E-08   0.5204865043E+00   0.2737188593E+02   0.1347616557E+02   0.9993324166E+00   0.2560875288E-02   0.1001430157E-03
   0.1626000000E-08   0.5219844647E+00   0.2737188593E+02   0.1347616557E+02   0.9993324166E+00   0.2560824893E-02   0.1001430157E-03
   0.1631000000E-08   0.5234824251E+00   0.2737188593E+02   0.1347616557E+02   0.9993324166E+00   0.2560774662E-02   0.1001430157E-03
   0.1636000000E-08   0.5249803855E+00   0.2737188593E+02   0.1347616557E+02   0.9993324166E+00   0.2560724598E-02   0.1001430157E-03
   0.1641000000E-08   0.5264783459E+00   0.2737188593E+02   0.1347616557E+02   0.9993324166E+00   0.2560674699E-02   0.1001430157E-03
   0.1646000000E-08   0.5279763063E+00   0.2737188593E+02   0.1347616557E+02   0.9993324166E+00   0.2560624965E-02   0.1001430157E-03
   0.1651000000E-08   0.5294742667E+00   0.2737188593E+02   0.1347616557E+02   0.9993324166E+00   0.2560575397E-02   0.1001430157E-03
   0.1656000000E-08   0.5309722271E+00   0.2737188593E+02   0.1347616557E+02   0.9993324166E+00   0.2560525995E-02   0.1001430157E-03
   0.1661000000E-08   0.5324701875E+00   0.2737188593E+02   0.1347616557E+02   0.9993324166E+00   0.2560476759E-02   0.1001430157E-03
   0.1666000000E-08   0.5339681479E+00   0.2737188593E+02   0.1347616557E+02   0.9993324166E+00   0.2560427688E-02   0.1001430157E-03
   0.1671000000E-08   0.5354661083E+00   0.2737188593E+02   0.1347616557E+02   0.9993324166E+00   0.2560378783E-02   0.1001430157E-03
   0.1676000000E-08   0.5369640687E+00   0.2737188593E+02   0.1347616557E+02   0.9993324166E+00   0.2560330043E-02   0.1001430157E-03
   0.1681000000E-08   0.5384620291E+00   0.2737188593E+02   0.1347616557E+02   0.9993324166E+00   0.2560281469E-02   0.1001430157E-03
   0.1686000000E-08   0.5399599895E+00   0.2737188593E+02   0.1347616557E+02   0.9993324166E+00   0.2560233061E-02   0.1001430157E-03
   0.1691000000E-08   0.5414579499E+00   0.2737188593E+02   0.1347616557E+02   0.9993324166E+00   0.2560184819E-02   0.1001430157E-03
   0.1696000000E-08   0.5429559103E+00   0.2737188593E+02   0.1347616557E+02   0.9993324166E+00   0.2560136742E-02   0.1001430157E-03
   0.1701000000E-08   0.5444538707E+00   0.2737188593E+02   0.1347616557E+02   0.9993324166E+00   0.2560088831E-02   0.1001430157E-03
   0.1706000000E-08   0.5459518311E+00   0.2737188593E+02   0.1347616557E+02   0.9993324166E+00   0.2560041086E-02   0.1001430157E-03
   0.1711000000E-08   0.5474497915E+00   0.2737188593E+02   0.1347616557E+02   0.9993324166E+00   0.2559993506E-02   0.1001430157E-03
   0.1716000000E-08   0.5489477519E+00   0.2737188593E+02   0.1347616557E+02   0.9993324166E+00   0.2559946092E-02   0.1001430157E-03
   0.1721000000E-08   0.5504457123E+00   0.2737188593E+02   0.1347616557E+02   0.9993324166E+00   0.2559898844E-02   0.1001430157E-03
   0.1726000000E-08   0.5519436727E+00   0.2737188593E+02   0.1347616557E+02   0.9993324166E+00   0.2559851762E-02   0.1001430157E-03
   0.1731000000E-08   0.5534416331E+00   0.2737188593E+02   0.1347616557E+02   0.9993324166E+00   0.2559804846E-02   0.1001430157E-03
   0.1736000000E-08   0.5549395935E+00   0.2737188593E+02   0.1347616557E+02   0.9993324166E+00   0.2559758095E-02   0.1001430157E-03
   0.1741000000E-08   0.5564375540E+00   0.2737188593E+02   0.1347616557E+02   0.9993324166E+00   0.2559711510E-02   0.1001430157E-03
   0.1746000000E-08   0.5579355144E+00   0.2737188593E+02   0.1347616557E+02   0.9993324166E+00   0.2559665091E-02   0.1001430157E-03
   0.1751000000E-08   0.5594334748E+00   0.2737188593E+02   0.1347616557E+02   0.9993324166E+00   0.2559618838E-02   0.1001430157E-03
   0.1756000000E-08   0.5609314352E+00   0.2737188593E+02   0.1347616557E+02   0.9993324166E+00   0.2559572750E-02   0.1001430157E-03
   0.1761000000E-08   0.5624293956E+00   0.2737188593E+02   0.1347616557E+02   0.9993324166E+00   0.2559526829E-02   0.1001430157E-03
   0.1766000000E-08   0.5639273560E+00   0.2737188593E+02   0.1347616557E+02   0.9993324166E+00   0.2559481073E-02   0.1001430157E-03
   0.1771000000E-08   0.5654253164E+00   0.2737188593E+02   0.1347616557E+02   0.9993324166E+00   0.2559435483E-02   0.1001430157E-03
   0.1776000000E-08   0.5669232768E+00   0.2737188593E+02   0.1347616557E+02   0.9993324166E+00   0.2559390059E-02   0.1001430157E-03
   0.1781000000E-08   0.5684212372E+00   0.2737188593E+02   0.1347616557E+02   0.9993324166E+00   0.2559344801E-02   0.1001430157E-03
   0.1786000000E-08   0.5699191976E+00   0.2737188593E+02   0.1347616557E+02   0.9993324166E+00   0.2559299709E-02   0.1001430157E-03
   0.1791000000E-08   0.5714171580E+00   0.2737188593E+02   0.1347616557E+02   0.9993324166E+00   0.2559254782E-02   0.1001430157E-03
   0.1796000000E-08   0.5729151184E+00   0.2737188593E+02   0.1347616557E+02   0.9993324166E+00   0.2559210022E-02   0.1001430157E-03
   0.1801000000E-08   0.5744130788E+00   0.2737188593E+02   0.1347616557E+02   0.9993324166E+00   0.2559165427E-02   0.1001430157E-03
   0.1806000000E-08   0.5759110392E+00   0.2737188593E+02   0.1347616557E+02   0.9993324166E+00   0.2559120999E-02   0.1001430157E-03
   0.1811000000E-08   0.5774089996E+00   0.2737188593E+02   0.1347616557E+02   0.9993324166E+00   0.2559076736E-02   0.1001430157E-03
   0.1816000000E-08   0.5789069600E+00   0.2737188593E+02   0.1347616557E+02   0.9993324166E+00   0.2559032639E-02   0.1001430157E-03
   0.1821000000E-08   0.5804049204E+00   0.2737188593E+02   0.1347616557E+02   0.9993324166E+00   0.2558988708E-02   0.1001430157E-03
   0.1826000000E-08   0.5819028808E+00   0.2737188593E+02   0.1347616557E+02   0.9993324166E+00   0.2558944943E-02   0.1001430157E-03
   0.1831000000E-08   0.5834008412E+00   0.2737188593E+02   0.1347616557E+02   0.9993324166E+00   0.2558901344E-02   0.1001430157E-03
   0.1836000000E-08   0.5848988016E+00   0.2737188593E+02   0.1347616557E+02   0.9993324166E+00   0.2558857911E-02   0.1001430157E-03
   0.1841000000E-08   0.5863967620E+00   0.2737188593E+02   0.1347616557E+02   0.9993324166E+00   0.2558814644E-02   0.1001430157E-03
   0.1846000000E-08   0.5878947224E+00   0.2737188593E+02   0.1347616557E+02   0.9993324166E+00   0.2558771543E-02   0.1001430157E-03
   0.1851000000E-08   0.5893926828E+00   0.2737188593E+02   0.1347616557E+02   0.9993324166E+00   0.2558728608E-02   0.1001430157E-03
   0.1856000000E-08   0.5908906432E+00   0.2737188593E+02   0.1347616557E+02   0.9993324166E+00   0.2558685839E-02   0.1001430157E-03
   0.1861000000E-08   0.5923886036E+00   0.2737188593E+02   0.1347616557E+02   0.9993324166E+00   0.2558643236E-02   0.1001430157E-03
   0.1866000000E-08   0.5938865640E+00   0.2737188593E+02   0.1347616557E+02   0.9993324166E+00   0.2558600799E-02   0.1001430157E-03
   0.1871000000E-08   0.5953845244E+00   0.2737188593E+02   0.1347616557E+02   0.9993324166E+00   0.2558558528E-02   0.1001430157E-03
   0.1876000000E-08   0.5968824848E+00   0.2737188593E+02   0.1347616557E+02   0.9993324166E+00   0.2558516423E-02   0.1001430157E-03
   0.1881000000E-08   0.5983804452E+00   0.2737188593E+02   0.1347616557E+02   0.9993324166E+00   0.2558474484E-02   0.1001430157E-03
   0.1886000000E-08   0.5998784056E+00   0.2737188593E+02   0.1347616557E+02   0.9993324166E+00   0.2558432711E-02   0.1001430157E-03
   0.1891000000E-08   0.6013763660E+00   0.2737188593E+02   0.1347616557E+02   0.9993324166E+00   0.2558391104E-02   0.1001430157E-03
   0.1896000000E-08   0.6028743264E+00   0.2737188593E+02   0.1347616557E+02   0.9993324166E+00   0.2558349663E-02   0.1001430157E-03
   0.1901000000E-08   0.6043722868E+00   0.2737188593E+02   0.1347616557E+02   0.9993324166E+00   0.2558308389E-02   0.1001430157E-03
   0.1906000000E-08   0.6058702472E+00   0.2737188593E+02   0.1347616557E+02   0.9993324166E+00   0.2558267280E-02   0.1001430157E-03
   0.1911000000E-08   0.6073682077E+00   0.2737188593E+02   0.1347616557E+02   0.9993324166E+00   0.2558226337E-02   0.1001430157E-03
   0.1916000000E-08   0.6088661681E+00   0.2737188593E+02   0.1347616557E+02   0.9993324166E+00   0.2558185561E-02   0.1001430157E-03
   0.1921000000E-08   0.6103641285E+00   0.2737188593E+02   0.1347616557E+02   0.9993324166E+00   0.2558144951E-02   0.1001430157E-03
   0.1926000000E-08   0.6118620889E+00   0.2737188593E+02   0.1347616557E+02   0.9993324166E+00   0.2558104506E-02   0.1001430157E-03
   0.1931000000E-08   0.6133600493E+00   0.2737188593E+02   0.1347616557E+02   0.9993324166E+00   0.2558064228E-02   0.1001430157E-03
   0.1936000000E-08   0.6148580097E+00   0.2737188593E+02   0.1347616557E+02   0.9993324166E+00   0.2558024116E-02   0.1001430157E-03
   0.1941000000E-08   0.6163559701E+00   0.2737188593E+02   0.1347616557E+02   0.9993324166E+00   0.2557984170E-02   0.1001430157E-03
   0.1946000000E-08   0.6178539305E+00   0.2737188593E+02   0.1347616557E+02   0.9993324166E+00   0.2557944391E-02   0.1001430157E-03
   0.1951000000E-08   0.6193518909E+00   0.2737188593E+02   0.1347616557E+02   0.9993324166E+00   0.2557904777E-02   0.1001430157E-03
   0.1956000000E-08   0.6208498513E+00   0.2737188593E+02   0.1347616557E+02   0.9993324166E+00   0.2557865330E-02   0.1001430157E-03
   0.1961000000E-08   0.6223478117E+00   0.2737188593E+02   0.1347616557E+02   0.9993324166E+00   0.2557826048E-02   0.1001430157E-03
   0.1966000000E-08   0.6238457721E+00   0.2737188593E+02   0.1347616557E+02   0.9993324166E+00   0.2557786933E-02   0.1001430157E-03
   0.1971000000E-08   0.6253437325E+00   0.2737188593E+02   0.1347616557E+02   0.9993324166E+00   0.2557747984E-02   0.1001430157E-03
   0.1976000000E-08   0.6268416929E+00   0.2737188593E+02   0.1347616557E+02   0.9993324166E+00   0.2557709202E-02   0.1001430157E-03
   0.1981000000E-08   0.6283396533E+00   0.2737188593E+02   0.1347616557E+02   0.9993324166E+00   0.2557670585E-02   0.1001430157E-03
   0.1986000000E-08   0.6298376137E+00   0.2737188593E+02   0.1347616557E+02   0.9993324166E+00   0.2557632135E-02   0.1001430157E-03
   0.1991000000E-08   0.6313355741E+00   0.2737188593E+02   0.1347616557E+02   0.9993324166E+00   0.2557593851E-02   0.1001430157E-03
   0.1996000000E-08   0.6328335345E+00   0.2737188593E+02   0.1347616557E+02   0.9993324166E+00   0.2557555733E-02   0.1001430157E-03
   0.2001000000E-08   0.6343314949E+00   0.2737188593E+02   0.1347616557E+02   0.9993324166E+00   0.2557517781E-02   0.1001430157E-03
   0.2006000000E-08   0.6358294553E+00   0.2737188593E+02   0.1347616557E+02   0.9993324166E+00   0.2557479996E-02   0.1001430157E-03
   0.2011000000E-08   0.6373274157E+00   0.2737188593E+02   0.1347616557E+02   0.9993324166E+00   0.2557442377E-02   0.1001430157E-03
   0.2016000000E-08   0.6388253761E+00   0.2737188593E+02   0.1347616557E+02   0.9993324166E+00   0.2557404924E-02   0.1001430157E-03
   0.2021000000E-08   0.6403233365E+00   0.2737188593E+02   0.1347616557E+02   0.9993324166E+00   0.2557367637E-02   0.1001430157E-03
   0.2026000000E-08   0.6418212969E+00   0.2737188593E+02   0.1347616557E+02   0.9993324166E+00   0.2557330517E-02   0.1001430157E-03
   0.2031000000E-08   0.6433192573E+00   0.2737188593E+02   0.1347616557E+02   0.9993324166E+00   0.2557293563E-02   0.1001430157E-03
   0.2036000000E-08   0.6448172177E+00   0.2737188593E+02   0.1347616557E+02   0.9993324166E+00   0.2557256775E-02   0.1001430157E-03
   0.2041000000E-08   0.6463151781E+00   0.2737188593E+02   0.1347616557E+02   0.9993324166E+00   0.2557220153E-02   0.1001430157E-03
   0.2046000000E-08   0.6478131385E+00   0.2737188593E+02   0.1347616557E+02   0.9993324166E+00   0.2557183698E-02   0.1001430157E-03
   0.2051000000E-08   0.6493110989E+00   0.2737188593E+02   0.1347616557E+02   0.9993324166E+00   0.2557147409E-02   0.1001430157E-03
   0.2056000000E-08   0.6508090593E+00   0.2737188593E+02   0.1347616557E+02   0.9993324166E+00   0.2557111287E-02   0.1001430157E-03
   0.2061000000E-08   0.6523070197E+00   0.2737188593E+02   0.1347616557E+02   0.9993324166E+00   0.2557075330E-02   0.1001430157E-03
   0.2066000000E-08   0.6538049801E+00   0.2737188593E+02   0.1347616557E+02   0.9993324166E+00   0.2557039540E-02   0.1001430157E-03
   0.2071000000E-08   0.6553029405E+00   0.2737188593E+02   0.1347616557E+02   0.9993324166E+00   0.2557003916E-02   0.1001430157E-03
   0.2076000000E-08   0.6568009010E+00   0.2737188593E+02   0.1347616557E+02   0.9993324166E+00   0.2556968459E-02   0.1001430157E-03
   0.2081000000E-08   0.6582988614E+00   0.2737188593E+02   0.1347616557E+02   0.9993324166E+00   0.2556933168E-02   0.1001430157E-03
   0.2086000000E-08   0.6597968218E+00   0.2737188593E+02   0.1347616557E+02   0.9993324166E+00   0.2556898043E-02   0.1001430157E-03
   0.2091000000E-08   0.6612947822E+00   0.2737188593E+02   0.1347616557E+02   0.9993324166E+00   0.2556863085E-02   0.1001430157E-03
   0.2096000000E-08   0.6627927426E+00   0.2737188593E+02   0.1347616557E+02   0.9993324166E+00   0.2556828293E-02   0.1001430157E-03
   0.2101000000E-08   0.6642907030E+00   0.2737188593E+02   0.1347616557E+02   0.9993324166E+00   0.2556793668E-02   0.1001430157E-03
   0.2106000000E-08   0.6657886634E+00   0.2737188593E+02   0.1347616557E+02   0.9993324166E+00   0.2556759208E-02   0.1001430157E-03
   0.2111000000E-08   0.6672866238E+00   0.2737188593E+02   0.1347616557E+02   0.9993324166E+00   0.2556724915E-02   0.1001430157E-03
   0.2116000000E-08   0.6687845842E+00   0.2737188593E+02   0.1347616557E+02   0.9993324166E+00   0.2556690789E-02   0.1001430157E-03
   0.2121000000E-08   0.6702825446E+00   0.2737188593E+02   0.1347616557E+02   0.9993324166E+00   0.2556656829E-02   0.1001430157E-03
   0.2126000000E-08   0.6717805050E+00   0.2737188593E+02   0.1347616557E+02   0.9993324166E+00   0.2556623035E-02   0.1001430157E-03
   0.2131000000E-08   0.6732784654E+00   0.2737188593E+02   0.1347616557E+02   0.9993324166E+00   0.2556589408E-02   0.1001430157E-03
   0.2136000000E-08   0.6747764258E+00   0.2737188593E+02   0.1347616557E+02   0.9993324166E+00   0.2556555947E-02   0.1001430157E-03
   0.2141000000E-08   0.6762743862E+00   0.2737188593E+02   0.1347616557E+02   0.9993324166E+00   0.2556522653E-02   0.1001430157E-03
   0.2146000000E-08   0.6777723466E+00   0.2737188593E+02   0.1347616557E+02   0.9993324166E+00   0.2556489525E-02   0.1001430157E-03
   0.2151000000E-08   0.6792703070E+00   0.2737188593E+02   0.1347616557E+02   0.9993324166E+00   0.2556456563E-02   0.1001430157E-03
   0.2156000000E-08   0.6807682674E+00   0.2737188593E+02   0.1347616557E+02   0.9993324166E+00   0.2556423768E-02   0.1001430157E-03
   0.2161000000E-08   0.6822662278E+00   0.2737188593E+02   0.1347616557E+02   0.9993324166E+00   0.2556391140E-02   0.1001430157E-03
   0.2166000000E-08   0.6837641882E+00   0.2737188593E+02   0.1347616557E+02   0.9993324166E+00   0.2556358677E-02   0.1001430157E-03
   0.2171000000E-08   0.6852621486E+00   0.2737188593E+02   0.1347616557E+02   0.9993324166E+00   0.2556326382E-02   0.1001430157E-03
   0.2176000000E-08   0.6867601090E+00   0.2737188593E+02   0.1347616557E+02   0.9993324166E+00   0.2556294252E-02   0.1001430157E-03
   0.2181000000E-08   0.6882580694E+00   0.2737188593E+02   0.1347616557E+02   0.9993324166E+00   0.2556262290E-02   0.1001430157E-03
   0.2186000000E-08   0.6897560298E+00   0.2737188593E+02   0.1347616557E+02   0.9993324166E+00   0.2556230493E-02   0.1001430157E-03
   0.2191000000E-08   0.6912539902E+00   0.2737188593E+02   0.1347616557E+02   0.9993324166E+00   0.2556198864E-02   0.1001430157E-03
   0.2196000000E-08   0.6927519506E+00   0.2737188593E+02   0.1347616557E+02   0.9993324166E+00   0.2556167400E-02   0.1001430157E-03
   0.2201000000E-08   0.6942499110E+00   0.2737188593E+02   0.1347616557E+02   0.9993324166E+00   0.2556136103E-02   0.1001430157E-03
   0.2206000000E-08   0.6957478714E+00   0.2737188593E+02   0.1347616557E+02   0.9993324166E+00   0.2556104973E-02   0.1001430157E-03
   0.2211000000E-08   0.6972458318E+00   0.2737188593E+02   0.1347616557E+02   0.9993324166E+00   0.2556074009E-02   0.1001430157E-03
   0.2216000000E-08   0.6987437922E+00   0.2737188593E+02   0.1347616557E+02   0.9993324166E+00   0.2556043212E-02   0.1001430157E-03
   0.2221000000E-08   0.7002417526E+00   0.2737188593E+02   0.1347616557E+02   0.9993324166E+00   0.2556012581E-02   0.1001430157E-03
   0.2226000000E-08   0.7017397130E+00   0.2737188593E+02   0.1347616557E+02   0.9993324166E+00   0.2555982117E-02   0.1001430157E-03
   0.2231000000E-08   0.7032376734E+00   0.2737188593E+02   0.1347616557E+02   0.9993324166E+00   0.2555951819E-02   0.1001430157E-03
   0.2236000000E-08   0.7047356338E+00   0.2737188593E+02   0.1347616557E+02   0.9993324166E+00   0.2555921688E-02   0.1001430157E-03
   0.2241000000E-08   0.7062335942E+00   0.2737188593E+02   0.1347616557E+02   0.9993324166E+00   0.2555891723E-02   0.1001430157E-03
   0.2246000000E-08   0.7077315547E+00   0.2737188593E+02   0.1347616557E+02   0.9993324166E+00   0.2555861925E-02   0.1001430157E-03
   0.2251000000E-08   0.7092295151E+00   0.2737188593E+02   0.1347616557E+02   0.9993324166E+00   0.2555832294E-02   0.1001430157E-03
   0.2256000000E-08   0.7107274755E+00   0.2737188593E+02   0.1347616557E+02   0.9993324166E+00   0.2555802829E-02   0.1001430157E-03
   0.2261000000E-08   0.7122254359E+00   0.2737188593E+02   0.1347616557E+02   0.9993324166E+00   0.2555773530E-02   0.1001430157E-03
   0.2266000000E-08   0.7137233963E+00   0.2737188593E+02   0.1347616557E+02   0.9993324166E+00   0.2555744398E-02   0.1001430157E-03
   0.2271000000E-08   0.7152213567E+00   0.2737188593E+02   0.1347616557E+02   0.9993324166E+00   0.2555715433E-02   0.1001430157E-03
   0.2276000000E-08   0.7167193171E+00   0.2737188593E+02   0.1347616557E+02   0.9993324166E+00   0.2555686635E-02   0.1001430157E-03
   0.2281000000E-08   0.7182172775E+00   0.2737188593E+02   0.1347616557E+02   0.9993324166E+00   0.2555658003E-02   0.1001430157E-03
   0.2286000000E-08   0.7197152379E+00   0.2737188593E+02   0.1347616557E+02   0.9993324166E+00   0.2555629537E-02   0.1001430157E-03
   0.2291000000E-08   0.7212131983E+00   0.2737188593E+02   0.1347616557E+02   0.9993324166E+00   0.2555601238E-02   0.1001430157E-03
   0.2296000000E-08   0.7227111587E+00   0.2737188593E+02   0.1347616557E+02   0.9993324166E+00   0.2555573106E-02   0.1001430157E-03
   0.2301000000E-08   0.7242091191E+00   0.2737188593E+02   0.1347616557E+02   0.9993324166E+00   0.2555545140E-02   0.1001430157E-03
   0.2306000000E-08   0.7257070795E+00   0.2737188593E+02   0.1347616557E+02   0.9993324166E+00   0.2555517341E-02   0.1001430157E-03
   0.2311000000E-08   0.7272050399E+00   0.2737188593E+02   0.1347616557E+02   0.9993324166E+00   0.2555489709E-02   0.1001430157E-03
   0.2316000000E-08   0.7287030003E+00   0.2737188593E+02   0.1347616557E+02   0.9993324166E+00   0.2555462243E-02   0.1001430157E-03
   0.2321000000E-08   0.7302009607E+00   0.2737188593E+02   0.1347616557E+02   0.9993324166E+00   0.2555434944E-02   0.1001430157E-03
   0.2326000000E-08   0.7316989211E+00   0.2737188593E+02   0.1347616557E+02   0.9993324166E+00   0.2555407811E-02   0.1001430157E-03
   0.2331000000E-08   0.7331968815E+00   0.2737188593E+02   0.1347616557E+02   0.9993324166E+00   0.2555380846E-02   0.1001430157E-03
   0.2336000000E-08   0.7346948419E+00   0.2737188593E+02   0.1347616557E+02   0.9993324166E+00   0.2555354046E-02   0.1001430157E-03
   0.2341000000E-08   0.7361928023E+00   0.2737188593E+02   0.1347616557E+02   0.9993324166E+00   0.2555327414E-02   0.1001430157E-03
   0.2346000000E-08   0.7376907627E+00   0.2737188593E+02   0.1347616557E+02   0.9993324166E+00   0.2555300948E-02   0.1001430157E-03
   0.2351000000E-08   0.7391887231E+00   0.2737188593E+02   0.1347616557E+02   0.9993324166E+00   0.2555274649E-02   0.1001430157E-03
   0.2356000000E-08   0.7406866835E+00   0.2737188593E+02   0.1347616557E+02   0.9993324166E+00   0.2555248516E-02   0.1001430157E-03
   0.2361000000E-08   0.7421846439E+00   0.2737188593E+02   0.1347616557E+02   0.9993324166E+00   0.2555222550E-02   0.1001430157E-03
   0.2366000000E-08   0.7436826043E+00   0.2737188593E+02   0.1347616557E+02   0.9993324166E+00   0.2555196751E-02   0.1001430157E-03
   0.2371000000E-08   0.7451805647E+00   0.2737188593E+02   0.1347616557E+02   0.9993324166E+00   0.2555171119E-02   0.1001430157E-03
   0.2376000000E-08   0.7466785251E+00   0.2737188593E+02   0.1347616557E+02   0.9993324166E+00   0.2555145653E-02   0.1001430157E-03
   0.2381000000E-08   0.7481764855E+00   0.2737188593E+02   0.1347616557E+02   0.9993324166E+00   0.2555120354E-02   0.1001430157E-03
   0.2386000000E-08   0.7496744459E+00   0.2737188593E+02   0.1347616557E+02   0.9993324166E+00   0.2555095221E-02   0.1001430157E-03
   0.2391000000E-08   0.7511724063E+00   0.2737188593E+02   0.1347616557E+02   0.9993324166E+00   0.2555070256E-02   0.1001430157E-03
   0.2396000000E-08   0.7526703667E+00   0.2737188593E+02   0.1347616557E+02   0.9993324166E+00   0.2555045457E-02   0.1001430157E-03
   0.2401000000E-08   0.7541683271E+00   0.2737188593E+02   0.1347616557E+02   0.9993324166E+00   0.2555020825E-02   0.1001430157E-03
   0.2406000000E-08   0.7556662875E+00   0.2737188593E+02   0.1347616557E+02   0.9993324166E+00   0.2554996359E-02   0.1001430157E-03
   0.2411000000E-08   0.7571642480E+00   0.2737188593E+02   0.1347616557E+02   0.9993324166E+00   0.2554972060E-02   0.1001430157E-03
   0.2416000000E-08   0.7586622084E+00   0.2737188593E+02   0.1347616557E+02   0.9993324166E+00   0.2554947928E-02   0.1001430157E-03
   0.2421000000E-08   0.7601601688E+00   0.2737188593E+02   0.1347616557E+02   0.9993324166E+00   0.2554923963E-02   0.1001430157E-03
   0.2426000000E-08   0.7616581292E+00   0.2737188593E+02   0.1347616557E+02   0.9993324166E+00   0.2554900164E-02   0.1001430157E-03
   0.2431000000E-08   0.7631560896E+00   0.2737188593E+02   0.1347616557E+02   0.9993324166E+00   0.2554876532E-02   0.1001430157E-03
   0.2436000000E-08   0.7646540500E+00   0.2737188593E+02   0.1347616557E+02   0.9993324166E+00   0.2554853067E-02   0.1001430157E-03
   0.2441000000E-08   0.7661520104E+00   0.2737188593E+02   0.1347616557E+02   0.9993324166E+00   0.2554829769E-02   0.1001430157E-03
   0.2446000000E-08   0.7676499708E+00   0.2737188593E+02   0.1347616557E+02   0.9993324166E+00   0.2554806637E-02   0.1001430157E-03
   0.2451000000E-08   0.7691479312E+00   0.2737188593E+02   0.1347616557E+02   0.9993324166E+00   0.2554783672E-02   0.1001430157E-03
   0.2456000000E-08   0.7706458916E+00   0.2737188593E+02   0.1347616557E+02   0.9993324166E+00   0.2554760874E-02   0.1001430157E-03
