   0.10000000E-11  -0.13954431E-02   0.27198420E-02   0.13695157E-02   0.26733252E-02   0.13456168E-02   0.27350681E-02   0.26980388E-03
   0.20000000E-11  -0.10958507E-02   0.27198411E-02   0.13695157E-02   0.26733250E-02   0.13456168E-02   0.27350681E-02   0.26980390E-03
   0.30000000E-11  -0.79625842E-03   0.27198402E-02   0.28972823E-02   0.26733247E-02   0.13456168E-02   0.27350681E-02   0.26980413E-03
   0.40000000E-11  -0.49666609E-03   0.27198393E-02   0.82642428E-02   0.26733244E-02   0.13456168E-02   0.27350681E-02   0.26980585E-03
   0.50000000E-11  -0.19707377E-03   0.27198383E-02   0.22289033E-01   0.26733242E-02   0.13456168E-02   0.27350681E-02   0.26981777E-03
   0.60000000E-11   0.10251855E-03   0.27198374E-02   0.53239530E-01   0.26733239E-02   0.13456168E-02   0.27350681E-02   0.26988509E-03
   0.70000000E-11   0.40211087E-03   0.27198365E-02   0.96425005E-01   0.26733237E-02   0.13456168E-02   0.27350681E-02   0.27016005E-03
   0.80000000E-11   0.70170318E-03   0.27198356E-02   0.13376094E+00   0.26733234E-02   0.13456168E-02   0.27350681E-02   0.29308431E-03
   0.90000000E-11   0.10012955E-02   0.27198347E-02   0.17995767E+00   0.26733232E-02   0.13456167E-02   0.27350681E-02   0.60925410E-03
   0.10000000E-10   0.13008877E-02   0.27198339E-02   0.18116088E+00   0.26733229E-02   0.13456164E-02   0.27350680E-02   0.52734302E-03
   0.11000000E-10   0.16004800E-02   0.27198332E-02   0.22349749E+00   0.26733226E-02   0.13456150E-02   0.27350679E-02   0.88822328E-03
   0.12000000E-10   0.19000721E-02   0.27198331E-02   0.22090637E+00   0.26733219E-02   0.13456064E-02   0.27350677E-02   0.85751414E-03
   0.13000000E-10   0.21996641E-02   0.27198344E-02   0.25453622E+00   0.26733196E-02   0.13455537E-02   0.27350674E-02   0.11819852E-02
   0.14000000E-10   0.24992559E-02   0.27198407E-02   0.28507987E+00   0.26733126E-02   0.14873361E-02   0.27350668E-02   0.14501325E-02
   0.15000000E-10   0.27988473E-02   0.27198647E-02   0.25128713E+00   0.26732994E-02   0.16625890E-02   0.27350660E-02   0.11332586E-02
   0.16000000E-10   0.30984384E-02   0.27199478E-02   0.27989062E+00   0.26732825E-02   0.17449252E-02   0.27350647E-02   0.13631345E-02
   0.17000000E-10   0.33980288E-02   0.27201747E-02   0.30849438E+00   0.26732648E-02   0.17459021E-02   0.27350628E-02   0.16050519E-02
   0.18000000E-10   0.36976184E-02   0.27206378E-02   0.33709809E+00   0.26732472E-02   0.17457505E-02   0.27350600E-02   0.18566720E-02
   0.19000000E-10   0.39972069E-02   0.27213902E-02   0.36570143E+00   0.26732297E-02   0.17609350E-02   0.27350562E-02   0.21147168E-02
   0.20000000E-10   0.42967941E-02   0.27224494E-02   0.39430438E+00   0.26732123E-02   0.17441572E-02   0.27350511E-02   0.23751845E-02
   0.21000000E-10   0.45963796E-02   0.27238201E-02   0.42290689E+00   0.26731950E-02   0.17326912E-02   0.27350443E-02   0.26358556E-02
   0.22000000E-10   0.48959631E-02   0.27255036E-02   0.45150894E+00   0.26731776E-02   0.17272566E-02   0.27350355E-02   0.28966779E-02
   0.23000000E-10   0.51955444E-02   0.27275002E-02   0.48011050E+00   0.26731603E-02   0.17249489E-02   0.27350245E-02   0.31575124E-02
   0.24000000E-10   0.54951230E-02   0.27298100E-02   0.50871153E+00   0.26731429E-02   0.17240157E-02   0.27350108E-02   0.34183781E-02
   0.25000000E-10   0.57946986E-02   0.27324331E-02   0.53731201E+00   0.26731256E-02   0.17236489E-02   0.27349943E-02   0.36794561E-02
   0.26000000E-10   0.60942710E-02   0.27353694E-02   0.56591190E+00   0.26731083E-02   0.17235077E-02   0.27349747E-02   0.39407759E-02
   0.27000000E-10   0.63938397E-02   0.27386191E-02   0.59451117E+00   0.26730909E-02   0.17234541E-02   0.27349522E-02   0.42022526E-02
   0.28000000E-10   0.66934045E-02   0.27421820E-02   0.62310979E+00   0.26730736E-02   0.17234541E-02   0.27349266E-02   0.44638058E-02
   0.29000000E-10   0.69929651E-02   0.27460583E-02   0.65170773E+00   0.26730562E-02   0.17234541E-02   0.27348981E-02   0.47253904E-02
   0.30000000E-10   0.72925210E-02   0.27502478E-02   0.68030495E+00   0.26730389E-02   0.17234541E-02   0.27348665E-02   0.49869848E-02
   0.31000000E-10   0.75920721E-02   0.27547506E-02   0.70890143E+00   0.26730216E-02   0.17234541E-02   0.27348320E-02   0.52485795E-02
   0.32000000E-10   0.78916179E-02   0.27595666E-02   0.73749714E+00   0.26730042E-02   0.17234541E-02   0.27347945E-02   0.55101708E-02
   0.33000000E-10   0.81911581E-02   0.27646959E-02   0.76609204E+00   0.26729869E-02   0.17234541E-02   0.27347539E-02   0.57717567E-02
   0.34000000E-10   0.84906924E-02   0.27701385E-02   0.79468610E+00   0.26729695E-02   0.17234541E-02   0.27347104E-02   0.60333367E-02
   0.35000000E-10   0.87902205E-02   0.27758943E-02   0.82327929E+00   0.26729522E-02   0.17234541E-02   0.27346639E-02   0.62949103E-02
   0.36000000E-10   0.90897420E-02   0.27819634E-02   0.85187158E+00   0.26729349E-02   0.17234541E-02   0.27346144E-02   0.65564771E-02
   0.37000000E-10   0.93892566E-02   0.27883457E-02   0.88046294E+00   0.26729175E-02   0.17234541E-02   0.27345620E-02   0.68180370E-02
   0.38000000E-10   0.96887641E-02   0.27950413E-02   0.90905334E+00   0.26729002E-02   0.17234541E-02   0.27345065E-02   0.70795896E-02
   0.39000000E-10   0.99882640E-02   0.28020500E-02   0.93764274E+00   0.26728828E-02   0.17234541E-02   0.27344480E-02   0.73411346E-02
   0.40000000E-10   0.10287756E-01   0.28093720E-02   0.96623112E+00   0.26728655E-02   0.17234541E-02   0.27343866E-02   0.76026718E-02
   0.41000000E-10   0.10587240E-01   0.28170072E-02   0.99481844E+00   0.26728482E-02   0.17234541E-02   0.27343222E-02   0.78642008E-02
   0.42000000E-10   0.10886715E-01   0.28249556E-02   0.10234047E+01   0.26728308E-02   0.17234541E-02   0.27342548E-02   0.81257214E-02
   0.43000000E-10   0.11186182E-01   0.28332172E-02   0.10519898E+01   0.26728135E-02   0.17234541E-02   0.27341844E-02   0.83872332E-02
   0.44000000E-10   0.11485639E-01   0.28417919E-02   0.10805738E+01   0.26727961E-02   0.17234541E-02   0.27341110E-02   0.86487361E-02
   0.45000000E-10   0.11785087E-01   0.28506799E-02   0.11091565E+01   0.26727788E-02   0.17234541E-02   0.27340346E-02   0.89102297E-02
   0.46000000E-10   0.12084525E-01   0.28598810E-02   0.11377381E+01   0.26727614E-02   0.17234541E-02   0.27339552E-02   0.91717137E-02
   0.47000000E-10   0.12383952E-01   0.28693952E-02   0.11663184E+01   0.26727441E-02   0.17234541E-02   0.27338729E-02   0.94331879E-02
   0.48000000E-10   0.12683370E-01   0.28792226E-02   0.11948975E+01   0.26727268E-02   0.17234541E-02   0.27337876E-02   0.96946519E-02
   0.49000000E-10   0.12982776E-01   0.28893632E-02   0.12234752E+01   0.26727094E-02   0.17234541E-02   0.27336992E-02   0.99561055E-02
   0.50000000E-10   0.13282171E-01   0.28998168E-02   0.12520516E+01   0.26726921E-02   0.17234541E-02   0.27336079E-02   0.10217548E-01
   0.51000000E-10   0.13581555E-01   0.29105836E-02   0.12806267E+01   0.26726747E-02   0.17234541E-02   0.27335136E-02   0.10478980E-01
   0.52000000E-10   0.13880927E-01   0.29216634E-02   0.13092003E+01   0.26726574E-02   0.17234541E-02   0.27334163E-02   0.10740401E-01
   0.53000000E-10   0.14180287E-01   0.29330564E-02   0.13377725E+01   0.26726401E-02   0.17234541E-02   0.27333161E-02   0.11001810E-01
   0.54000000E-10   0.14479635E-01   0.29447624E-02   0.13663432E+01   0.26726227E-02   0.17234541E-02   0.27332128E-02   0.11263207E-01
   0.55000000E-10   0.14778969E-01   0.29567815E-02   0.13949125E+01   0.26726054E-02   0.17234541E-02   0.27331066E-02   0.11524592E-01
   0.56000000E-10   0.15078291E-01   0.29691136E-02   0.14234802E+01   0.26725880E-02   0.17234541E-02   0.27329973E-02   0.11785965E-01
   0.57000000E-10   0.15377599E-01   0.29817588E-02   0.14520464E+01   0.26725707E-02   0.17234541E-02   0.27328851E-02   0.12047325E-01
   0.58000000E-10   0.15676894E-01   0.29947170E-02   0.14806109E+01   0.26725534E-02   0.17234541E-02   0.27327699E-02   0.12308671E-01
   0.59000000E-10   0.15976174E-01   0.30079882E-02   0.15091739E+01   0.26725360E-02   0.17234541E-02   0.27326517E-02   0.12570005E-01
   0.60000000E-10   0.16275440E-01   0.30215723E-02   0.15377352E+01   0.26725187E-02   0.17234541E-02   0.27325306E-02   0.12831325E-01
   0.61000000E-10   0.16574691E-01   0.30354695E-02   0.15662948E+01   0.26725013E-02   0.17234541E-02   0.27324064E-02   0.13092631E-01
   0.62000000E-10   0.16873927E-01   0.30496796E-02   0.15948527E+01   0.26724840E-02   0.17234541E-02   0.27322793E-02   0.13353923E-01
   0.63000000E-10   0.17173148E-01   0.30642027E-02   0.16234089E+01   0.26724667E-02   0.17234541E-02   0.27321491E-02   0.13615201E-01
   0.64000000E-10   0.17472353E-01   0.30790387E-02   0.16519633E+01   0.26724493E-02   0.17234541E-02   0.27320160E-02   0.13876464E-01
   0.65000000E-10   0.17771542E-01   0.30941876E-02   0.16805159E+01   0.26724320E-02   0.17234541E-02   0.27318799E-02   0.14137712E-01
   0.66000000E-10   0.18070714E-01   0.31096494E-02   0.17090666E+01   0.26724146E-02   0.17234541E-02   0.27317408E-02   0.14398944E-01
   0.67000000E-10   0.18369870E-01   0.31254241E-02   0.17376155E+01   0.26723973E-02   0.17234541E-02   0.27315988E-02   0.14660161E-01
   0.68000000E-10   0.18669009E-01   0.31415116E-02   0.17661625E+01   0.26723800E-02   0.17234541E-02   0.27314537E-02   0.14921362E-01
   0.69000000E-10   0.18968130E-01   0.31579120E-02   0.17947075E+01   0.26723626E-02   0.17234541E-02   0.27313057E-02   0.15182547E-01
   0.70000000E-10   0.19267234E-01   0.31746253E-02   0.18232506E+01   0.26723453E-02   0.17234541E-02   0.27311546E-02   0.15443716E-01
   0.71000000E-10   0.19566320E-01   0.31916513E-02   0.18517917E+01   0.26723279E-02   0.17234541E-02   0.27310006E-02   0.15704868E-01
   0.72000000E-10   0.19865387E-01   0.32089901E-02   0.18803307E+01   0.26723106E-02   0.17234541E-02   0.27308437E-02   0.15966003E-01
   0.73000000E-10   0.20164436E-01   0.32266417E-02   0.19088678E+01   0.26722933E-02   0.17234541E-02   0.27306837E-02   0.16227120E-01
   0.74000000E-10   0.20463465E-01   0.32446061E-02   0.19374027E+01   0.26722759E-02   0.17234541E-02   0.27305207E-02   0.16488220E-01
   0.75000000E-10   0.20762476E-01   0.32628831E-02   0.19659355E+01   0.26722586E-02   0.17234541E-02   0.27303548E-02   0.16749302E-01
   0.76000000E-10   0.21061467E-01   0.32814729E-02   0.19944661E+01   0.26722412E-02   0.17234541E-02   0.27301859E-02   0.17010366E-01
   0.77000000E-10   0.21360437E-01   0.33003754E-02   0.20229946E+01   0.26722239E-02   0.17234541E-02   0.27300140E-02   0.17271412E-01
   0.78000000E-10   0.21659388E-01   0.33195906E-02   0.20515208E+01   0.26722065E-02   0.17234541E-02   0.27298391E-02   0.17532439E-01
   0.79000000E-10   0.21958318E-01   0.33391184E-02   0.20800449E+01   0.26721892E-02   0.17234541E-02   0.27296612E-02   0.17793447E-01
   0.80000000E-10   0.22257227E-01   0.33589588E-02   0.21085666E+01   0.26721719E-02   0.17234541E-02   0.27294803E-02   0.18054435E-01
   0.81000000E-10   0.22556114E-01   0.33791119E-02   0.21370860E+01   0.26721545E-02   0.17234541E-02   0.27292965E-02   0.18315404E-01
   0.82000000E-10   0.22854980E-01   0.34001635E-02   0.21656031E+01   0.26721372E-02   0.17234541E-02   0.27291097E-02   0.18576353E-01
   0.83000000E-10   0.23153824E-01   0.34216223E-02   0.21941178E+01   0.26721198E-02   0.17234541E-02   0.27289199E-02   0.18837282E-01
   0.84000000E-10   0.23452646E-01   0.34433935E-02   0.22226302E+01   0.26721025E-02   0.17234541E-02   0.27287271E-02   0.19098191E-01
   0.85000000E-10   0.23751445E-01   0.34654773E-02   0.22511401E+01   0.26720852E-02   0.17234541E-02   0.27285313E-02   0.19359079E-01
   0.86000000E-10   0.24050221E-01   0.34878734E-02   0.22796475E+01   0.26720678E-02   0.17234541E-02   0.27283326E-02   0.19619946E-01
   0.87000000E-10   0.24348974E-01   0.35105820E-02   0.23081524E+01   0.26720505E-02   0.17234541E-02   0.27281309E-02   0.19880791E-01
   0.88000000E-10   0.24647704E-01   0.35336030E-02   0.23366549E+01   0.26720331E-02   0.17234541E-02   0.27279262E-02   0.20141615E-01
   0.89000000E-10   0.24946409E-01   0.35569363E-02   0.23651547E+01   0.26720158E-02   0.17234541E-02   0.27277185E-02   0.20402417E-01
   0.90000000E-10   0.25245091E-01   0.35805820E-02   0.23936520E+01   0.26719985E-02   0.17234541E-02   0.27275078E-02   0.20663197E-01
   0.91000000E-10   0.25543747E-01   0.36045399E-02   0.24221467E+01   0.26719811E-02   0.17234541E-02   0.27272942E-02   0.20923955E-01
   0.92000000E-10   0.25842379E-01   0.36288102E-02   0.24506387E+01   0.26719638E-02   0.17234541E-02   0.27270775E-02   0.21184690E-01
   0.93000000E-10   0.26140986E-01   0.36533928E-02   0.24791280E+01   0.26719464E-02   0.17234541E-02   0.27268579E-02   0.21445402E-01
   0.94000000E-10   0.26439567E-01   0.36782875E-02   0.25076146E+01   0.26719291E-02   0.17234541E-02   0.27266353E-02   0.21706090E-01
   0.95000000E-10   0.26738122E-01   0.37034945E-02   0.25360985E+01   0.26719118E-02   0.17234541E-02   0.27264098E-02   0.21966755E-01
   0.96000000E-10   0.27036651E-01   0.37290137E-02   0.25645796E+01   0.26718944E-02   0.17234541E-02   0.27261812E-02   0.22227396E-01
   0.97000000E-10   0.27335154E-01   0.37548450E-02   0.25930579E+01   0.26718771E-02   0.17234541E-02   0.27259497E-02   0.22488014E-01
   0.98000000E-10   0.27633630E-01   0.37809885E-02   0.26215333E+01   0.26718597E-02   0.17234541E-02   0.27257152E-02   0.22748606E-01
   0.99000000E-10   0.27932078E-01   0.38074440E-02   0.26500059E+01   0.26718424E-02   0.17234541E-02   0.27254777E-02   0.23009174E-01
   0.10000000E-09   0.28230499E-01   0.38342116E-02   0.26784756E+01   0.26718251E-02   0.17234541E-02   0.27252373E-02   0.23269717E-01
   0.10100000E-09   0.28528893E-01   0.38612913E-02   0.27069424E+01   0.26718077E-02   0.17234541E-02   0.27249938E-02   0.23530235E-01
   0.10200000E-09   0.28827258E-01   0.38886829E-02   0.27354062E+01   0.26717904E-02   0.17234541E-02   0.27247474E-02   0.23790727E-01
   0.10300000E-09   0.29125594E-01   0.39163865E-02   0.27638670E+01   0.26717730E-02   0.17234541E-02   0.27244980E-02   0.24051193E-01
   0.10400000E-09   0.29423902E-01   0.39444021E-02   0.27923248E+01   0.26717557E-02   0.17234541E-02   0.27242457E-02   0.24311633E-01
   0.10500000E-09   0.29722181E-01   0.39727296E-02   0.28207795E+01   0.26717384E-02   0.17234541E-02   0.27239903E-02   0.24572047E-01
   0.10600000E-09   0.30020430E-01   0.40013690E-02   0.28492312E+01   0.26717210E-02   0.17234541E-02   0.27237320E-02   0.24832434E-01
   0.10700000E-09   0.30318650E-01   0.40303203E-02   0.28776797E+01   0.26717037E-02   0.17234541E-02   0.27234707E-02   0.25092794E-01
   0.10800000E-09   0.30616839E-01   0.40595833E-02   0.29061251E+01   0.26716863E-02   0.17234541E-02   0.27232064E-02   0.25353127E-01
   0.10900000E-09   0.30914998E-01   0.40891582E-02   0.29345673E+01   0.26716690E-02   0.17234541E-02   0.27229392E-02   0.25613432E-01
   0.11000000E-09   0.31213126E-01   0.41190448E-02   0.29630063E+01   0.26716517E-02   0.17234541E-02   0.27226690E-02   0.25873709E-01
   0.11100000E-09   0.31511223E-01   0.41492431E-02   0.29914421E+01   0.26716343E-02   0.17234541E-02   0.27223958E-02   0.26133959E-01
   0.11200000E-09   0.31809289E-01   0.41797532E-02   0.30198746E+01   0.26716170E-02   0.17234541E-02   0.27221196E-02   0.26394179E-01
   0.11300000E-09   0.32107323E-01   0.42105749E-02   0.30483038E+01   0.26715996E-02   0.17234541E-02   0.27218405E-02   0.26654371E-01
   0.11400000E-09   0.32405325E-01   0.42417082E-02   0.30767296E+01   0.26715823E-02   0.17234541E-02   0.27215583E-02   0.26914535E-01
   0.11500000E-09   0.32703295E-01   0.42731531E-02   0.31051521E+01   0.26715649E-02   0.17234541E-02   0.27212733E-02   0.27174669E-01
   0.11600000E-09   0.33001232E-01   0.43049096E-02   0.31335712E+01   0.26715476E-02   0.17234541E-02   0.27209852E-02   0.27434773E-01
   0.11700000E-09   0.33299135E-01   0.43369776E-02   0.31619869E+01   0.26715303E-02   0.17234541E-02   0.27206942E-02   0.27694847E-01
   0.11800000E-09   0.33597006E-01   0.43693571E-02   0.31903991E+01   0.26715129E-02   0.17234541E-02   0.27204001E-02   0.27954892E-01
   0.11900000E-09   0.33894843E-01   0.44020480E-02   0.32188078E+01   0.26714956E-02   0.17234541E-02   0.27201032E-02   0.28214906E-01
   0.12000000E-09   0.34192645E-01   0.44350504E-02   0.32472130E+01   0.26714782E-02   0.17234541E-02   0.27198032E-02   0.28474889E-01
   0.12100000E-09   0.34490414E-01   0.44683641E-02   0.32756146E+01   0.26714609E-02   0.17234541E-02   0.27195003E-02   0.28734842E-01
   0.12200000E-09   0.34788148E-01   0.45019892E-02   0.33040127E+01   0.26714436E-02   0.17234541E-02   0.27191944E-02   0.28994763E-01
   0.12300000E-09   0.35085846E-01   0.45359256E-02   0.33324071E+01   0.26714262E-02   0.17234541E-02   0.27188855E-02   0.29254652E-01
   0.12400000E-09   0.35383510E-01   0.45701732E-02   0.33607980E+01   0.26714089E-02   0.17234541E-02   0.27185737E-02   0.29514510E-01
   0.12500000E-09   0.35681138E-01   0.46047321E-02   0.33891851E+01   0.26713915E-02   0.17234541E-02   0.27182589E-02   0.29774336E-01
   0.12600000E-09   0.35978729E-01   0.46396022E-02   0.34175685E+01   0.26713742E-02   0.17234541E-02   0.27179411E-02   0.30034129E-01
   0.12700000E-09   0.36276285E-01   0.46747835E-02   0.34459482E+01   0.26713569E-02   0.17234541E-02   0.27176203E-02   0.30293890E-01
   0.12800000E-09   0.36573804E-01   0.47102758E-02   0.34743241E+01   0.26713395E-02   0.17234541E-02   0.27172966E-02   0.30553617E-01
   0.12900000E-09   0.36871286E-01   0.47460793E-02   0.35026962E+01   0.26713222E-02   0.17234541E-02   0.27169699E-02   0.30813312E-01
   0.13000000E-09   0.37168731E-01   0.47821938E-02   0.35310645E+01   0.26713048E-02   0.17234541E-02   0.27166403E-02   0.31072972E-01
   0.13100000E-09   0.37466138E-01   0.48186193E-02   0.35594289E+01   0.26712875E-02   0.17234541E-02   0.27163077E-02   0.31332599E-01
   0.13200000E-09   0.37763507E-01   0.48553557E-02   0.35877895E+01   0.26712702E-02   0.17234541E-02   0.27159721E-02   0.31592192E-01
   0.13300000E-09   0.38060838E-01   0.48924031E-02   0.36161461E+01   0.26712528E-02   0.17234541E-02   0.27156335E-02   0.31851751E-01
   0.13400000E-09   0.38358130E-01   0.49297613E-02   0.36444987E+01   0.26712355E-02   0.17234541E-02   0.27152920E-02   0.32111275E-01
   0.13500000E-09   0.38655384E-01   0.49674304E-02   0.36728474E+01   0.26712181E-02   0.17234541E-02   0.27149475E-02   0.32370764E-01
   0.13600000E-09   0.38952598E-01   0.50054103E-02   0.37011921E+01   0.26712008E-02   0.17234541E-02   0.27146000E-02   0.32630218E-01
   0.13700000E-09   0.39249773E-01   0.50437010E-02   0.37295327E+01   0.26711835E-02   0.17234541E-02   0.27142496E-02   0.32889636E-01
   0.13800000E-09   0.39546908E-01   0.50823023E-02   0.37578692E+01   0.26711661E-02   0.17234541E-02   0.27138962E-02   0.33149018E-01
   0.13900000E-09   0.39844002E-01   0.51212144E-02   0.37862016E+01   0.26711488E-02   0.17234541E-02   0.27135399E-02   0.33408365E-01
   0.14000000E-09   0.40141056E-01   0.51604370E-02   0.38145299E+01   0.26711314E-02   0.17234541E-02   0.27131805E-02   0.33667675E-01
   0.14100000E-09   0.40438070E-01   0.51999703E-02   0.38428540E+01   0.26711141E-02   0.17234541E-02   0.27128183E-02   0.33926948E-01
   0.14200000E-09   0.40735042E-01   0.52398141E-02   0.38711739E+01   0.26710968E-02   0.17234541E-02   0.27124530E-02   0.34186184E-01
   0.14300000E-09   0.41031973E-01   0.52799684E-02   0.38994895E+01   0.26710794E-02   0.17234541E-02   0.27120848E-02   0.34445384E-01
   0.14400000E-09   0.41328861E-01   0.53204331E-02   0.39278010E+01   0.26710621E-02   0.17234541E-02   0.27117136E-02   0.34704545E-01
   0.14500000E-09   0.41625708E-01   0.53612083E-02   0.39561081E+01   0.26710447E-02   0.17234541E-02   0.27113395E-02   0.34963669E-01
   0.14600000E-09   0.41922512E-01   0.54022939E-02   0.39844108E+01   0.26710274E-02   0.17234541E-02   0.27109624E-02   0.35222755E-01
   0.14700000E-09   0.42219274E-01   0.54436897E-02   0.40127093E+01   0.26710100E-02   0.17234541E-02   0.27105823E-02   0.35481803E-01
   0.14800000E-09   0.42515992E-01   0.54853959E-02   0.40410033E+01   0.26709927E-02   0.17234541E-02   0.27101993E-02   0.35740811E-01
   0.14900000E-09   0.42812667E-01   0.55274122E-02   0.40692929E+01   0.26709754E-02   0.17234541E-02   0.27098133E-02   0.35999781E-01
   0.15000000E-09   0.43109298E-01   0.55697388E-02   0.40975781E+01   0.26709580E-02   0.17234541E-02   0.27094244E-02   0.36258712E-01
   0.15100000E-09   0.43405885E-01   0.56123755E-02   0.41258588E+01   0.26709407E-02   0.17234541E-02   0.27090325E-02   0.36517603E-01
   0.15200000E-09   0.43702428E-01   0.56553223E-02   0.41541349E+01   0.26709233E-02   0.17234541E-02   0.27086376E-02   0.36776455E-01
   0.15300000E-09   0.43998925E-01   0.56985791E-02   0.41824066E+01   0.26709060E-02   0.17234541E-02   0.27082398E-02   0.37035266E-01
   0.15400000E-09   0.44295378E-01   0.57421460E-02   0.42106736E+01   0.26708887E-02   0.17234541E-02   0.27078390E-02   0.37294037E-01
   0.15500000E-09   0.44591786E-01   0.57860228E-02   0.42389361E+01   0.26708713E-02   0.17234541E-02   0.27074352E-02   0.37552768E-01
   0.15600000E-09   0.44888147E-01   0.58302094E-02   0.42671939E+01   0.26708540E-02   0.17234541E-02   0.27070285E-02   0.37811458E-01
   0.15700000E-09   0.45184463E-01   0.58747060E-02   0.42954470E+01   0.26708366E-02   0.17234541E-02   0.27066189E-02   0.38070106E-01
   0.15800000E-09   0.45480732E-01   0.59195124E-02   0.43236955E+01   0.26708193E-02   0.17234541E-02   0.27062063E-02   0.38328713E-01
   0.15900000E-09   0.45776955E-01   0.59646285E-02   0.43519392E+01   0.26708020E-02   0.17234541E-02   0.27057907E-02   0.38587278E-01
   0.16000000E-09   0.46073131E-01   0.60100543E-02   0.43801781E+01   0.26707846E-02   0.17234541E-02   0.27053722E-02   0.38845801E-01
   0.16100000E-09   0.46369259E-01   0.60557898E-02   0.44084123E+01   0.26707673E-02   0.17234541E-02   0.27049507E-02   0.39104282E-01
   0.16200000E-09   0.46665339E-01   0.61018349E-02   0.44366417E+01   0.26707499E-02   0.17234541E-02   0.27045262E-02   0.39362721E-01
   0.16300000E-09   0.46961372E-01   0.61481895E-02   0.44648662E+01   0.26707326E-02   0.17234541E-02   0.27040988E-02   0.39621116E-01
   0.16400000E-09   0.47257356E-01   0.61948537E-02   0.44930858E+01   0.26707153E-02   0.17234541E-02   0.27036685E-02   0.39879468E-01
   0.16500000E-09   0.47553292E-01   0.62418273E-02   0.45213005E+01   0.26706979E-02   0.17234541E-02   0.27032352E-02   0.40137777E-01
   0.16600000E-09   0.47849179E-01   0.62891103E-02   0.45495102E+01   0.26706806E-02   0.17234541E-02   0.27027989E-02   0.40396042E-01
   0.16700000E-09   0.48145016E-01   0.63367027E-02   0.45777150E+01   0.26706632E-02   0.17234541E-02   0.27023597E-02   0.40654263E-01
   0.16800000E-09   0.48440804E-01   0.63846043E-02   0.46059148E+01   0.26706459E-02   0.17234541E-02   0.27019176E-02   0.40912972E-01
   0.16900000E-09   0.48736542E-01   0.64328152E-02   0.46341095E+01   0.26706286E-02   0.17234541E-02   0.27014724E-02   0.41171770E-01
   0.17000000E-09   0.49032230E-01   0.64813354E-02   0.46622992E+01   0.26706112E-02   0.17234541E-02   0.27010244E-02   0.41430524E-01
   0.17100000E-09   0.49327867E-01   0.65301646E-02   0.46904837E+01   0.26705939E-02   0.17234541E-02   0.27005734E-02   0.41689232E-01
   0.17200000E-09   0.49623453E-01   0.65793030E-02   0.47186632E+01   0.26705765E-02   0.17234541E-02   0.27001194E-02   0.41947894E-01
   0.17300000E-09   0.49918988E-01   0.66287504E-02   0.47468375E+01   0.26705592E-02   0.17234541E-02   0.26996625E-02   0.42206511E-01
   0.17400000E-09   0.50214472E-01   0.66785067E-02   0.47750066E+01   0.26705419E-02   0.17234541E-02   0.26992026E-02   0.42465081E-01
   0.17500000E-09   0.50509904E-01   0.67285720E-02   0.48031704E+01   0.26705245E-02   0.17234541E-02   0.26987398E-02   0.42723605E-01
   0.17600000E-09   0.50805283E-01   0.67789462E-02   0.48313290E+01   0.26705072E-02   0.17234541E-02   0.26982740E-02   0.42982082E-01
   0.17700000E-09   0.51100610E-01   0.68296292E-02   0.48594824E+01   0.26704898E-02   0.17234541E-02   0.26978053E-02   0.43240512E-01
   0.17800000E-09   0.51395884E-01   0.68806209E-02   0.48876304E+01   0.26704725E-02   0.17234541E-02   0.26973336E-02   0.43498895E-01
   0.17900000E-09   0.51691105E-01   0.69319214E-02   0.49157730E+01   0.26704552E-02   0.17234541E-02   0.26968590E-02   0.43757230E-01
   0.18000000E-09   0.51986273E-01   0.69835305E-02   0.49439103E+01   0.26704378E-02   0.17234541E-02   0.26963815E-02   0.44015517E-01
   0.18100000E-09   0.52281386E-01   0.70354482E-02   0.49720422E+01   0.26704205E-02   0.17234541E-02   0.26959010E-02   0.44273756E-01
   0.18200000E-09   0.52576446E-01   0.70876744E-02   0.50001687E+01   0.26704031E-02   0.17234541E-02   0.26954175E-02   0.44531946E-01
   0.18300000E-09   0.52871451E-01   0.71402091E-02   0.50282897E+01   0.26703858E-02   0.17234541E-02   0.26949311E-02   0.44790088E-01
   0.18400000E-09   0.53166402E-01   0.71930523E-02   0.50564051E+01   0.26703684E-02   0.17234541E-02   0.26944418E-02   0.45048180E-01
   0.18500000E-09   0.53461297E-01   0.72462038E-02   0.50845151E+01   0.26703511E-02   0.17234541E-02   0.26939495E-02   0.45306223E-01
   0.18600000E-09   0.53756137E-01   0.72996636E-02   0.51126195E+01   0.26703338E-02   0.17234541E-02   0.26934543E-02   0.45564217E-01
   0.18700000E-09   0.54050921E-01   0.73534316E-02   0.51407183E+01   0.26703164E-02   0.17234541E-02   0.26929561E-02   0.45822161E-01
   0.18800000E-09   0.54345649E-01   0.74075079E-02   0.51688114E+01   0.26702991E-02   0.17234541E-02   0.26924550E-02   0.46080054E-01
   0.18900000E-09   0.54640321E-01   0.74618923E-02   0.51968990E+01   0.26702817E-02   0.17234541E-02   0.26919510E-02   0.46337897E-01
   0.19000000E-09   0.54934936E-01   0.75165847E-02   0.52249808E+01   0.26702644E-02   0.17234541E-02   0.26914440E-02   0.46595690E-01
   0.19100000E-09   0.55229494E-01   0.75715852E-02   0.52530569E+01   0.26702471E-02   0.17234541E-02   0.26909341E-02   0.46853431E-01
   0.19200000E-09   0.55523994E-01   0.76268936E-02   0.52811273E+01   0.26702297E-02   0.17234541E-02   0.26904212E-02   0.47111121E-01
   0.19300000E-09   0.55818437E-01   0.76825099E-02   0.53091919E+01   0.26702124E-02   0.17234541E-02   0.26899054E-02   0.47368759E-01
   0.19400000E-09   0.56112822E-01   0.77384340E-02   0.53372507E+01   0.26701950E-02   0.17234541E-02   0.26893866E-02   0.47626346E-01
   0.19500000E-09   0.56407149E-01   0.77946659E-02   0.53653037E+01   0.26701777E-02   0.17234541E-02   0.26888649E-02   0.47883880E-01
   0.19600000E-09   0.56701417E-01   0.78512055E-02   0.53933508E+01   0.26701604E-02   0.17234541E-02   0.26883403E-02   0.48141362E-01
   0.19700000E-09   0.56995626E-01   0.79080528E-02   0.54213920E+01   0.26701430E-02   0.17234541E-02   0.26878128E-02   0.48398792E-01
   0.19800000E-09   0.57289776E-01   0.79652076E-02   0.54494272E+01   0.26701257E-02   0.17234541E-02   0.26872823E-02   0.48656168E-01
   0.19900000E-09   0.57583866E-01   0.80226699E-02   0.54774565E+01   0.26701083E-02   0.17234541E-02   0.26867488E-02   0.48913491E-01
   0.20000000E-09   0.57877896E-01   0.80804398E-02   0.55054799E+01   0.26700910E-02   0.17234541E-02   0.26862124E-02   0.49170760E-01
   0.20100000E-09   0.58171866E-01   0.81385170E-02   0.55334972E+01   0.26700737E-02   0.17234541E-02   0.26856731E-02   0.49427976E-01
   0.20200000E-09   0.58465776E-01   0.81969015E-02   0.55615084E+01   0.26700563E-02   0.17234541E-02   0.26851309E-02   0.49685137E-01
   0.20300000E-09   0.58759624E-01   0.82555933E-02   0.55895136E+01   0.26700390E-02   0.17234541E-02   0.26845857E-02   0.49942244E-01
   0.20400000E-09   0.59053412E-01   0.83145923E-02   0.56175126E+01   0.26700216E-02   0.17234541E-02   0.26840376E-02   0.50199297E-01
   0.20500000E-09   0.59347138E-01   0.83738985E-02   0.56455055E+01   0.26700043E-02   0.17234541E-02   0.26834866E-02   0.50456294E-01
   0.20600000E-09   0.59640802E-01   0.84335117E-02   0.56734923E+01   0.26699870E-02   0.17234541E-02   0.26829326E-02   0.50713236E-01
   0.20700000E-09   0.59934404E-01   0.84934319E-02   0.57014728E+01   0.26699696E-02   0.17234541E-02   0.26823757E-02   0.50978647E-01
   0.20800000E-09   0.60227943E-01   0.85536591E-02   0.57294471E+01   0.26699523E-02   0.17234541E-02   0.26818159E-02   0.51246200E-01
   0.20900000E-09   0.60521419E-01   0.86141931E-02   0.57574151E+01   0.26699349E-02   0.17234541E-02   0.26812531E-02   0.51513697E-01
   0.21000000E-09   0.60814833E-01   0.86750340E-02   0.57853768E+01   0.26699176E-02   0.17234541E-02   0.26806874E-02   0.51781138E-01
   0.21100000E-09   0.61108183E-01   0.87361816E-02   0.58133322E+01   0.26699003E-02   0.17234541E-02   0.26801188E-02   0.52048522E-01
   0.21200000E-09   0.61401469E-01   0.87976358E-02   0.58412813E+01   0.26698829E-02   0.17234541E-02   0.26795472E-02   0.52315850E-01
   0.21300000E-09   0.61694691E-01   0.88593967E-02   0.58692239E+01   0.26698656E-02   0.17234541E-02   0.26789728E-02   0.52583120E-01
   0.21400000E-09   0.61987849E-01   0.89214642E-02   0.58971602E+01   0.26698482E-02   0.17234541E-02   0.26783954E-02   0.52850332E-01
   0.21500000E-09   0.62280942E-01   0.89838381E-02   0.59250899E+01   0.26698309E-02   0.17234541E-02   0.26778150E-02   0.53117487E-01
   0.21600000E-09   0.62573970E-01   0.90465184E-02   0.59530133E+01   0.26698135E-02   0.17234541E-02   0.26772318E-02   0.53384584E-01
   0.21700000E-09   0.62866932E-01   0.91095050E-02   0.59809300E+01   0.26697962E-02   0.17234541E-02   0.26766456E-02   0.53651622E-01
   0.21800000E-09   0.63159829E-01   0.91727979E-02   0.60088403E+01   0.26697789E-02   0.17234541E-02   0.26760565E-02   0.53918602E-01
   0.21900000E-09   0.63452660E-01   0.92363971E-02   0.60367440E+01   0.26697615E-02   0.17234541E-02   0.26754644E-02   0.54185522E-01
   0.22000000E-09   0.63745424E-01   0.93003023E-02   0.60646411E+01   0.26697442E-02   0.17234541E-02   0.26748695E-02   0.54452384E-01
   0.22100000E-09   0.64038122E-01   0.93645136E-02   0.60925315E+01   0.26697268E-02   0.17234541E-02   0.26742716E-02   0.54719185E-01
   0.22200000E-09   0.64330753E-01   0.94290309E-02   0.61204153E+01   0.26697095E-02   0.17234541E-02   0.26736708E-02   0.54985927E-01
   0.22300000E-09   0.64623316E-01   0.94938541E-02   0.61482924E+01   0.26696922E-02   0.17234541E-02   0.26730671E-02   0.55252609E-01
   0.22400000E-09   0.64915812E-01   0.95589832E-02   0.61761628E+01   0.26696748E-02   0.17234541E-02   0.26724605E-02   0.55519231E-01
   0.22500000E-09   0.65208240E-01   0.96244180E-02   0.62040264E+01   0.26696575E-02   0.17234541E-02   0.26718509E-02   0.55785791E-01
   0.22600000E-09   0.65500600E-01   0.96901586E-02   0.62318832E+01   0.26696401E-02   0.17234541E-02   0.26712384E-02   0.56052291E-01
   0.22700000E-09   0.65792891E-01   0.97562048E-02   0.62597332E+01   0.26696228E-02   0.17234541E-02   0.26706230E-02   0.56318729E-01
   0.22800000E-09   0.66085113E-01   0.98225565E-02   0.62875764E+01   0.26696055E-02   0.17234541E-02   0.26700047E-02   0.56585106E-01
   0.22900000E-09   0.66377266E-01   0.98892137E-02   0.63154127E+01   0.26695881E-02   0.17234541E-02   0.26693835E-02   0.56851421E-01
   0.23000000E-09   0.66669349E-01   0.99561764E-02   0.63432421E+01   0.26695708E-02   0.17234541E-02   0.26687593E-02   0.57117673E-01
   0.23100000E-09   0.66961363E-01   0.10023444E-01   0.63710645E+01   0.26695534E-02   0.17234541E-02   0.26681323E-02   0.57383864E-01
   0.23200000E-09   0.67253307E-01   0.10091018E-01   0.63988800E+01   0.26695361E-02   0.17234541E-02   0.26675023E-02   0.57649991E-01
   0.23300000E-09   0.67545179E-01   0.10158896E-01   0.64266885E+01   0.26695188E-02   0.17234541E-02   0.26668694E-02   0.57916056E-01
   0.23400000E-09   0.67836982E-01   0.10227080E-01   0.64544899E+01   0.26695014E-02   0.17234541E-02   0.26662336E-02   0.58182057E-01
   0.23500000E-09   0.68128713E-01   0.10295568E-01   0.64822843E+01   0.26694841E-02   0.17234541E-02   0.26655949E-02   0.58447994E-01
   0.23600000E-09   0.68420372E-01   0.10364362E-01   0.65100716E+01   0.26694667E-02   0.17234541E-02   0.26649532E-02   0.58713867E-01
   0.23700000E-09   0.68711960E-01   0.10433460E-01   0.65378518E+01   0.26694494E-02   0.17234541E-02   0.26643087E-02   0.58979677E-01
   0.23800000E-09   0.69003476E-01   0.10502864E-01   0.65656249E+01   0.26694321E-02   0.17234541E-02   0.26636612E-02   0.59245422E-01
   0.23900000E-09   0.69294919E-01   0.10572572E-01   0.65933907E+01   0.26694147E-02   0.17234541E-02   0.26630109E-02   0.59511102E-01
   0.24000000E-09   0.69586289E-01   0.10642584E-01   0.66211494E+01   0.26693974E-02   0.17234541E-02   0.26623576E-02   0.59776716E-01
   0.24100000E-09   0.69877587E-01   0.10712902E-01   0.66489008E+01   0.26693800E-02   0.17234541E-02   0.26617014E-02   0.60042266E-01
   0.24200000E-09   0.70168811E-01   0.10783524E-01   0.66766449E+01   0.26693627E-02   0.17234541E-02   0.26610423E-02   0.60307750E-01
   0.24300000E-09   0.70459961E-01   0.10854450E-01   0.67043817E+01   0.26693454E-02   0.17234541E-02   0.26603803E-02   0.60573168E-01
   0.24400000E-09   0.70751038E-01   0.10925681E-01   0.67321112E+01   0.26693280E-02   0.17234541E-02   0.26597154E-02   0.60838519E-01
   0.24500000E-09   0.71042040E-01   0.10997215E-01   0.67598334E+01   0.26693107E-02   0.17234541E-02   0.26590476E-02   0.61103804E-01
   0.24600000E-09   0.71332967E-01   0.11069055E-01   0.67875481E+01   0.26692933E-02   0.17234541E-02   0.26583769E-02   0.61369023E-01
   0.24700000E-09   0.71623820E-01   0.11141198E-01   0.68152554E+01   0.26692760E-02   0.17234541E-02   0.26577033E-02   0.61634174E-01
   0.24800000E-09   0.71914597E-01   0.11213645E-01   0.68429553E+01   0.26692586E-02   0.17234541E-02   0.26570267E-02   0.61899257E-01
   0.24900000E-09   0.72205299E-01   0.11286396E-01   0.68706477E+01   0.26692413E-02   0.17234541E-02   0.26563473E-02   0.62164273E-01
   0.25000000E-09   0.72495925E-01   0.11359452E-01   0.68983325E+01   0.26692240E-02   0.17234541E-02   0.26556650E-02   0.62429221E-01
   0.25100000E-09   0.72786474E-01   0.11432810E-01   0.69260099E+01   0.26692066E-02   0.17234541E-02   0.26549797E-02   0.62694101E-01
   0.25200000E-09   0.73076947E-01   0.11506473E-01   0.69536796E+01   0.26691893E-02   0.17234541E-02   0.26542916E-02   0.62958912E-01
   0.25300000E-09   0.73367343E-01   0.11580440E-01   0.69813417E+01   0.26691719E-02   0.17234541E-02   0.26536006E-02   0.63223655E-01
   0.25400000E-09   0.73657662E-01   0.11654709E-01   0.70089963E+01   0.26691546E-02   0.17234541E-02   0.26529066E-02   0.63488328E-01
   0.25500000E-09   0.73947903E-01   0.11729283E-01   0.70366431E+01   0.26691373E-02   0.17234541E-02   0.26522098E-02   0.63752932E-01
   0.25600000E-09   0.74238067E-01   0.11804160E-01   0.70642822E+01   0.26691199E-02   0.17234541E-02   0.26515101E-02   0.64017466E-01
   0.25700000E-09   0.74528153E-01   0.11879340E-01   0.70919137E+01   0.26691026E-02   0.17234541E-02   0.26508075E-02   0.64281930E-01
   0.25800000E-09   0.74818160E-01   0.11954823E-01   0.71195373E+01   0.26690852E-02   0.17234541E-02   0.26501019E-02   0.64546323E-01
   0.25900000E-09   0.75108088E-01   0.12030610E-01   0.71471532E+01   0.26690679E-02   0.17234541E-02   0.26493935E-02   0.64810646E-01
   0.26000000E-09   0.75397937E-01   0.12106699E-01   0.71747613E+01   0.26690506E-02   0.17234541E-02   0.26486822E-02   0.65074899E-01
   0.26100000E-09   0.75687707E-01   0.12183092E-01   0.72023615E+01   0.26690332E-02   0.17234541E-02   0.26479680E-02   0.65339080E-01
   0.26200000E-09   0.75977397E-01   0.12259787E-01   0.72299538E+01   0.26690159E-02   0.17234541E-02   0.26472509E-02   0.65603189E-01
   0.26300000E-09   0.76267007E-01   0.12336785E-01   0.72575383E+01   0.26689985E-02   0.17234541E-02   0.26465309E-02   0.65867227E-01
   0.26400000E-09   0.76556536E-01   0.12414087E-01   0.72851148E+01   0.26689812E-02   0.17234541E-02   0.26458080E-02   0.66131193E-01
   0.26500000E-09   0.76845985E-01   0.12491690E-01   0.73126833E+01   0.26689639E-02   0.17234541E-02   0.26450823E-02   0.66395086E-01
   0.26600000E-09   0.77135353E-01   0.12569597E-01   0.73402438E+01   0.26689465E-02   0.17234541E-02   0.26443536E-02   0.66658907E-01
   0.26700000E-09   0.77424640E-01   0.12647805E-01   0.73677963E+01   0.26689292E-02   0.17234541E-02   0.26436220E-02   0.66922655E-01
   0.26800000E-09   0.77713845E-01   0.12726316E-01   0.73953408E+01   0.26689118E-02   0.17234541E-02   0.26428876E-02   0.67186330E-01
   0.26900000E-09   0.78002968E-01   0.12805130E-01   0.74228771E+01   0.26688945E-02   0.17234541E-02   0.26421503E-02   0.67449931E-01
   0.27000000E-09   0.78292009E-01   0.12884246E-01   0.74504054E+01   0.26688772E-02   0.17234541E-02   0.26414101E-02   0.67713459E-01
   0.27100000E-09   0.78580968E-01   0.12963663E-01   0.74779255E+01   0.26688598E-02   0.17234541E-02   0.26406670E-02   0.67976912E-01
   0.27200000E-09   0.78869843E-01   0.13043383E-01   0.75054374E+01   0.26688425E-02   0.17234541E-02   0.26399210E-02   0.68240291E-01
   0.27300000E-09   0.79158635E-01   0.13123405E-01   0.75329411E+01   0.26688251E-02   0.17234541E-02   0.26391721E-02   0.68503596E-01
   0.27400000E-09   0.79447344E-01   0.13203729E-01   0.75604366E+01   0.26688078E-02   0.17234541E-02   0.26384203E-02   0.68766825E-01
   0.27500000E-09   0.79735969E-01   0.13284354E-01   0.75879238E+01   0.26687905E-02   0.17234541E-02   0.26376657E-02   0.69029979E-01
   0.27600000E-09   0.80024510E-01   0.13365282E-01   0.76154027E+01   0.26687731E-02   0.17234541E-02   0.26369082E-02   0.69293058E-01
   0.27700000E-09   0.80312966E-01   0.13446510E-01   0.76428732E+01   0.26687558E-02   0.17234541E-02   0.26361478E-02   0.69556061E-01
   0.27800000E-09   0.80601337E-01   0.13528041E-01   0.76703354E+01   0.26687384E-02   0.17234541E-02   0.26353845E-02   0.69818988E-01
   0.27900000E-09   0.80889624E-01   0.13609873E-01   0.76977893E+01   0.26687211E-02   0.17234541E-02   0.26346184E-02   0.70081839E-01
   0.28000000E-09   0.81177825E-01   0.13692006E-01   0.77252347E+01   0.26687038E-02   0.17234541E-02   0.26338493E-02   0.70344613E-01
   0.28100000E-09   0.81465940E-01   0.13774440E-01   0.77526716E+01   0.26686864E-02   0.17234541E-02   0.26330774E-02   0.70607310E-01
   0.28200000E-09   0.81753969E-01   0.13857176E-01   0.77801001E+01   0.26686691E-02   0.17234541E-02   0.26323026E-02   0.70869930E-01
   0.28300000E-09   0.82041912E-01   0.13940212E-01   0.78075201E+01   0.26686517E-02   0.17234541E-02   0.26315250E-02   0.71132472E-01
   0.28400000E-09   0.82329768E-01   0.14023550E-01   0.78349315E+01   0.26686344E-02   0.17234541E-02   0.26307444E-02   0.71394936E-01
   0.28500000E-09   0.82617538E-01   0.14107189E-01   0.78623344E+01   0.26686170E-02   0.17234541E-02   0.26299610E-02   0.71657323E-01
   0.28600000E-09   0.82905220E-01   0.14191128E-01   0.78897286E+01   0.26685997E-02   0.17234541E-02   0.26291747E-02   0.71919631E-01
   0.28700000E-09   0.83192814E-01   0.14275368E-01   0.79171143E+01   0.26685824E-02   0.17234541E-02   0.26283855E-02   0.72181860E-01
   0.28800000E-09   0.83480320E-01   0.14359909E-01   0.79444913E+01   0.26685650E-02   0.17234541E-02   0.26275935E-02   0.72444011E-01
   0.28900000E-09   0.83767739E-01   0.14444750E-01   0.79718595E+01   0.26685477E-02   0.17234541E-02   0.26267986E-02   0.72706082E-01
   0.29000000E-09   0.84055068E-01   0.14529891E-01   0.79992191E+01   0.26685303E-02   0.17234541E-02   0.26260008E-02   0.72968073E-01
   0.29100000E-09   0.84342309E-01   0.14615333E-01   0.80265699E+01   0.26685130E-02   0.17234541E-02   0.26252002E-02   0.73229985E-01
   0.29200000E-09   0.84629460E-01   0.14701076E-01   0.80539120E+01   0.26684957E-02   0.17234541E-02   0.26243967E-02   0.73491817E-01
   0.29300000E-09   0.84916522E-01   0.14787118E-01   0.80812452E+01   0.26684783E-02   0.17234541E-02   0.26235903E-02   0.73753568E-01
   0.29400000E-09   0.85203495E-01   0.14873460E-01   0.81085696E+01   0.26684610E-02   0.17234541E-02   0.26227811E-02   0.74015239E-01
   0.29500000E-09   0.85490377E-01   0.14960103E-01   0.81358851E+01   0.26684436E-02   0.17234541E-02   0.26219689E-02   0.74276829E-01
   0.29600000E-09   0.85777169E-01   0.15047045E-01   0.81631918E+01   0.26684263E-02   0.17234541E-02   0.26211540E-02   0.74538337E-01
   0.29700000E-09   0.86063869E-01   0.15134287E-01   0.81904895E+01   0.26684090E-02   0.17234541E-02   0.26203361E-02   0.74799765E-01
   0.29800000E-09   0.86350479E-01   0.15221829E-01   0.82177782E+01   0.26683916E-02   0.17234541E-02   0.26195154E-02   0.75061110E-01
   0.29900000E-09   0.86636998E-01   0.15309670E-01   0.82450580E+01   0.26683743E-02   0.17234541E-02   0.26186919E-02   0.75322373E-01
   0.30000000E-09   0.86923425E-01   0.15397811E-01   0.82723287E+01   0.26683569E-02   0.17234541E-02   0.26178654E-02   0.75583554E-01
   0.30100000E-09   0.87209759E-01   0.15486251E-01   0.82995904E+01   0.26683396E-02   0.17234541E-02   0.26170361E-02   0.75844652E-01
   0.30200000E-09   0.87496002E-01   0.15574991E-01   0.83268431E+01   0.26683223E-02   0.17234541E-02   0.26162040E-02   0.76105667E-01
   0.30300000E-09   0.87782152E-01   0.15664029E-01   0.83540866E+01   0.26683049E-02   0.17234541E-02   0.26153690E-02   0.76366599E-01
   0.30400000E-09   0.88068208E-01   0.15753367E-01   0.83813209E+01   0.26682876E-02   0.17234541E-02   0.26145311E-02   0.76627447E-01
   0.30500000E-09   0.88354172E-01   0.15843004E-01   0.84085462E+01   0.26682702E-02   0.17234541E-02   0.26136904E-02   0.76888212E-01
   0.30600000E-09   0.88640042E-01   0.15932940E-01   0.84357622E+01   0.26682529E-02   0.17234541E-02   0.26128469E-02   0.77148892E-01
   0.30700000E-09   0.88925818E-01   0.16023174E-01   0.84629690E+01   0.26682356E-02   0.17234541E-02   0.26120004E-02   0.77409488E-01
   0.30800000E-09   0.89211500E-01   0.16113707E-01   0.84901665E+01   0.26682182E-02   0.17234541E-02   0.26111511E-02   0.77670000E-01
   0.30900000E-09   0.89497088E-01   0.16204539E-01   0.85173547E+01   0.26682009E-02   0.17234541E-02   0.26102990E-02   0.77930426E-01
   0.31000000E-09   0.89782580E-01   0.16295669E-01   0.85445337E+01   0.26681835E-02   0.17234541E-02   0.26094440E-02   0.78190767E-01
   0.31100000E-09   0.90067978E-01   0.16387098E-01   0.85717033E+01   0.26681662E-02   0.17234541E-02   0.26085862E-02   0.78451023E-01
   0.31200000E-09   0.90353280E-01   0.16478825E-01   0.85988635E+01   0.26681489E-02   0.17234541E-02   0.26077255E-02   0.78711193E-01
   0.31300000E-09   0.90638486E-01   0.16570850E-01   0.86260143E+01   0.26681315E-02   0.17234541E-02   0.26068620E-02   0.78971277E-01
   0.31400000E-09   0.90923596E-01   0.16663174E-01   0.86531557E+01   0.26681142E-02   0.17234541E-02   0.26059956E-02   0.79231274E-01
   0.31500000E-09   0.91208610E-01   0.16755795E-01   0.86802876E+01   0.26680968E-02   0.17234541E-02   0.26051264E-02   0.79491185E-01
   0.31600000E-09   0.91493527E-01   0.16848714E-01   0.87074100E+01   0.26680795E-02   0.17234541E-02   0.26042543E-02   0.79751009E-01
   0.31700000E-09   0.91778347E-01   0.16941931E-01   0.87345229E+01   0.26680621E-02   0.17234541E-02   0.26033794E-02   0.80010745E-01
   0.31800000E-09   0.92063070E-01   0.17035446E-01   0.87616262E+01   0.26680448E-02   0.17234541E-02   0.26025016E-02   0.80270395E-01
   0.31900000E-09   0.92347695E-01   0.17129259E-01   0.87887200E+01   0.26680275E-02   0.17234541E-02   0.26016210E-02   0.80529956E-01
   0.32000000E-09   0.92632223E-01   0.17223368E-01   0.88158041E+01   0.26680101E-02   0.17234541E-02   0.26007375E-02   0.80789429E-01
   0.32100000E-09   0.92916652E-01   0.17317776E-01   0.88428787E+01   0.26679928E-02   0.17234541E-02   0.25998512E-02   0.81048814E-01
   0.32200000E-09   0.93200982E-01   0.17412480E-01   0.88699435E+01   0.26679754E-02   0.17234541E-02   0.25989621E-02   0.81308110E-01
   0.32300000E-09   0.93485214E-01   0.17507482E-01   0.88969986E+01   0.26679581E-02   0.17234541E-02   0.25980701E-02   0.81567318E-01
   0.32400000E-09   0.93769346E-01   0.17602781E-01   0.89240440E+01   0.26679408E-02   0.17234541E-02   0.25971753E-02   0.81826436E-01
   0.32500000E-09   0.94053379E-01   0.17698377E-01   0.89510797E+01   0.26679234E-02   0.17234541E-02   0.25962777E-02   0.82085465E-01
   0.32600000E-09   0.94337312E-01   0.17794269E-01   0.89781055E+01   0.26679061E-02   0.17234541E-02   0.25953772E-02   0.82344403E-01
   0.32700000E-09   0.94621145E-01   0.17890459E-01   0.90051216E+01   0.26678887E-02   0.17234541E-02   0.25944739E-02   0.82603252E-01
   0.32800000E-09   0.94904878E-01   0.17986945E-01   0.90321278E+01   0.26678714E-02   0.17234541E-02   0.25935677E-02   0.82862011E-01
   0.32900000E-09   0.95188509E-01   0.18083728E-01   0.90591241E+01   0.26678541E-02   0.17234541E-02   0.25926587E-02   0.83120679E-01
   0.33000000E-09   0.95472040E-01   0.18180807E-01   0.90861105E+01   0.26678367E-02   0.17234541E-02   0.25917469E-02   0.83379255E-01
   0.33100000E-09   0.95755469E-01   0.18278182E-01   0.91130870E+01   0.26678194E-02   0.17234541E-02   0.25908322E-02   0.83637741E-01
   0.33200000E-09   0.96038797E-01   0.18375854E-01   0.91400535E+01   0.26678020E-02   0.17234541E-02   0.25899148E-02   0.83896135E-01
   0.33300000E-09   0.96322023E-01   0.18473822E-01   0.91670010E+01   0.26677847E-02   0.17234541E-02   0.25889944E-02   0.84154436E-01
   0.33400000E-09   0.96605146E-01   0.18572086E-01   0.91939228E+01   0.26677674E-02   0.17234541E-02   0.25880713E-02   0.84412682E-01
   0.33500000E-09   0.96888167E-01   0.18670646E-01   0.92207916E+01   0.26677500E-02   0.17234541E-02   0.25871453E-02   0.84671147E-01
   0.33600000E-09   0.97171085E-01   0.18769501E-01   0.92475324E+01   0.26677327E-02   0.17234541E-02   0.25862165E-02   0.84930834E-01
   0.33700000E-09   0.97453900E-01   0.18868653E-01   0.92739361E+01   0.26677153E-02   0.17234541E-02   0.25852848E-02   0.85194387E-01
   0.33800000E-09   0.97736611E-01   0.18968100E-01   0.92994100E+01   0.26676980E-02   0.24808360E-02   0.25843502E-02   0.85469112E-01
   0.33900000E-09   0.98019218E-01   0.19067842E-01   0.93354094E+01   0.26676807E-02   0.61760897E-02   0.25834124E-02   0.86664206E-01
   0.34000000E-09   0.98301720E-01   0.19167880E-01   0.93812413E+01   0.26676633E-02   0.12866425E-01   0.25824710E-02   0.93784942E-01
   0.34100000E-09   0.98584116E-01   0.19268213E-01   0.94450209E+01   0.26676456E-02   0.22247642E-01   0.25815252E-02   0.10742418E+00
   0.34200000E-09   0.98866404E-01   0.19368842E-01   0.94849416E+01   0.26676264E-02   0.37035997E-01   0.25805739E-02   0.11226692E+00
   0.34300000E-09   0.99148584E-01   0.19469768E-01   0.95341806E+01   0.26676034E-02   0.48925314E-01   0.25796165E-02   0.12067836E+00
   0.34400000E-09   0.99430656E-01   0.19570992E-01   0.95355115E+01   0.26675701E-02   0.57209340E-01   0.25786536E-02   0.11127240E+00
   0.34500000E-09   0.99712623E-01   0.19672521E-01   0.95806064E+01   0.26675100E-02   0.67114777E-01   0.25776883E-02   0.11871215E+00
   0.34600000E-09   0.99994490E-01   0.19774362E-01   0.95764455E+01   0.26673847E-02   0.72923803E-01   0.25767265E-02   0.10843885E+00
   0.34700000E-09   0.10027627E+00   0.19876509E-01   0.96084056E+01   0.26671228E-02   0.75352053E-01   0.25757773E-02   0.11260422E+00
   0.34800000E-09   0.10055796E+00   0.19978894E-01   0.96365523E+01   0.26666431E-02   0.82192609E-01   0.25748527E-02   0.11655753E+00
   0.34900000E-09   0.10083960E+00   0.20081390E-01   0.96070202E+01   0.26659259E-02   0.85767978E-01   0.25739673E-02   0.10022026E+00
   0.35000000E-09   0.10112118E+00   0.20183897E-01   0.96064477E+01   0.26650337E-02   0.87307133E-01   0.25731368E-02   0.96178067E-01
   0.35100000E-09   0.10140273E+00   0.20286386E-01   0.96206025E+01   0.26640485E-02   0.92606131E-01   0.25723759E-02   0.98911245E-01
   0.35200000E-09   0.10168425E+00   0.20388862E-01   0.96037135E+01   0.26630225E-02   0.94752924E-01   0.25716982E-02   0.91101129E-01
   0.35300000E-09   0.10196577E+00   0.20491332E-01   0.95871064E+01   0.26619801E-02   0.95585353E-01   0.25711149E-02   0.84408941E-01
   0.35400000E-09   0.10224728E+00   0.20593800E-01   0.95394969E+01   0.26609315E-02   0.95903125E-01   0.25706337E-02   0.66663094E-01
   0.35500000E-09   0.10252879E+00   0.20696267E-01   0.94932648E+01   0.26598804E-02   0.96023870E-01   0.25702576E-02   0.49815075E-01
   0.35600000E-09   0.10281031E+00   0.20798733E-01   0.94859783E+01   0.26588285E-02   0.96069729E-01   0.25699846E-02   0.47336950E-01
   0.35700000E-09   0.10309183E+00   0.20901200E-01   0.94389314E+01   0.26577761E-02   0.96087165E-01   0.25698063E-02   0.30250470E-01
   0.35800000E-09   0.10337335E+00   0.21003666E-01   0.93964138E+01   0.26567237E-02   0.96093806E-01   0.25697050E-02   0.14811754E-01
   0.35900000E-09   0.10365488E+00   0.21106132E-01   0.93744657E+01   0.26556712E-02   0.96096339E-01   0.25696559E-02   0.68718487E-02
   0.36000000E-09   0.10393640E+00   0.21208599E-01   0.93631625E+01   0.26546187E-02   0.96097307E-01   0.25696352E-02   0.27844434E-02
   0.36100000E-09   0.10421792E+00   0.21311065E-01   0.93583782E+01   0.26535662E-02   0.96097678E-01   0.25696276E-02   0.11039477E-02
   0.36200000E-09   0.10449945E+00   0.21413531E-01   0.93569955E+01   0.26525137E-02   0.96097678E-01   0.25696253E-02   0.58898024E-03
