  -0.32491413E-11 -0.19277139E-05      2500      2500     10000
  -0.31676937E-11 -0.18794079E-05      2500      2500     10000
  -0.30862462E-11 -0.18311040E-05         0      8047     10000
  -0.30047986E-11 -0.17828034E-05         0      8047     10000
  -0.29233511E-11 -0.17344880E-05         0      8047     10000
  -0.28419036E-11 -0.16861266E-05         2      8046     10000
  -0.27604560E-11 -0.16376626E-05         2      8045     10000
  -0.26790085E-11 -0.15890010E-05         2      8043     10000
  -0.25975609E-11 -0.15400341E-05         2      8042     10000
  -0.25161134E-11 -0.14906086E-05         2      8041     10000
  -0.24346658E-11 -0.14405313E-05         2      8039     10000
  -0.23532183E-11 -0.13896147E-05         3      8037     10000
  -0.22717708E-11 -0.13376231E-05         3      8035     10000
  -0.21903232E-11 -0.12842932E-05         3      8030     10000
  -0.21088757E-11 -0.12293815E-05         5      8027     10000
  -0.20274281E-11 -0.11726884E-05         5      8023     10000
  -0.19459806E-11 -0.11143854E-05         6      8017      9997
  -0.18645330E-11 -0.10548042E-05         8      8005      9986
  -0.17830855E-11 -0.99358477E-06         9      7985      9968
  -0.17016380E-11 -0.93176983E-06        10      7944      9930
  -0.16201904E-11 -0.86886726E-06        11      7884      9873
  -0.15387429E-11 -0.80538176E-06        11      7797      9786
  -0.14572953E-11 -0.73996294E-06        12      7698      9679
  -0.13758478E-11 -0.67122561E-06        12      7597      9565
  -0.12944002E-11 -0.59987851E-06        13      7481      9428
  -0.12129527E-11 -0.52508587E-06        17      7338      9271
  -0.11315052E-11 -0.44439333E-06        18      7217      9129
  -0.10500576E-11 -0.35958494E-06        18      7069      8959
  -0.96861006E-12 -0.26888435E-06        20      6911      8779
  -0.88716252E-12 -0.17128427E-06        24      6754      8599
  -0.80571498E-12 -0.66198769E-07        26      6607      8426
  -0.72426743E-12  0.46558415E-07        26      6466      8268
  -0.64281989E-12  0.16771426E-06        26      6318      8088
  -0.56137235E-12  0.29817954E-06        27      6170      7908
  -0.47992480E-12  0.43916596E-06        31      6005      7720
  -0.39847726E-12  0.59026617E-06        31      5858      7548
  -0.31702972E-12  0.75207132E-06        32      5712      7384
  -0.23558217E-12  0.92829395E-06        34      5562      7202
  -0.15413463E-12  0.11176071E-05        35      5412      7027
  -0.72687088E-13  0.13202087E-05        39      5273      6861
   0.87604552E-14  0.15408113E-05        40      5129      6685
   0.90207999E-13  0.17724873E-05        41      4998      6534
   0.17165554E-12  0.20209988E-05        42      4865      6384
   0.25310309E-12  0.22941330E-05        44      4720      6217
   0.33455063E-12  0.25848622E-05        46      4576      6060
   0.41599817E-12  0.29030705E-05        46      4431      5893
   0.49744572E-12  0.32507838E-05        49      4280      5720
   0.57889326E-12  0.36132665E-05        52      4159      5570
   0.66034080E-12  0.40116748E-05        52      4022      5410
   0.74178835E-12  0.44273146E-05        53      3899      5269
   0.82323589E-12  0.48798016E-05        54      3775      5123
   0.90468343E-12  0.53848087E-05        57      3640      4962
   0.98613098E-12  0.58995892E-05        61      3531      4829
   0.10675785E-11  0.64721767E-05        63      3408      4683
   0.11490261E-11  0.70680885E-05        64      3292      4553
   0.12304736E-11  0.77406873E-05        68      3168      4406
   0.13119211E-11  0.84525520E-05        71      3058      4269
   0.13933687E-11  0.92251932E-05        72      2942      4132
   0.14748162E-11  0.10030178E-04        73      2837      4009
   0.15562638E-11  0.10818005E-04        74      2747      3916
   0.16377113E-11  0.11712218E-04        74      2651      3806
   0.17191589E-11  0.12598387E-04        75      2579      3719
   0.18006064E-11  0.13567110E-04        80      2502      3626
   0.18820540E-11  0.14551900E-04        83      2428      3546
   0.19635015E-11  0.15525403E-04        83      2369      3483
   0.20449490E-11  0.16588924E-04        85      2302      3413
   0.21263966E-11  0.17670718E-04        87      2247      3352
   0.22078441E-11  0.18757925E-04        90      2200      3301
   0.22892917E-11  0.19927184E-04        92      2145      3246
   0.23707392E-11  0.21035909E-04        95      2111      3210
   0.24521868E-11  0.22145930E-04        97      2076      3181
   0.25336343E-11  0.23265148E-04        97      2052      3157
   0.26150818E-11  0.24404556E-04       100      2030      3136
   0.26965294E-11  0.25520930E-04       104      2015      3123
   0.27779769E-11  0.26700357E-04       107      1997      3107
   0.28594245E-11  0.27884568E-04       111      1984      3095
   0.29408720E-11  0.29145153E-04       113      1964      3079
   0.30223196E-11  0.30349976E-04       115      1954      3073
   0.31037671E-11  0.31610629E-04       118      1944      3065
   0.31852146E-11  0.32952051E-04       121      1933      3053
   0.32666622E-11  0.34291079E-04       125      1920      3045
   0.57666622E-11  0.98526484E-04       202      1599      2791
   0.82666622E-11  0.21765391E-03       276      1352      2673
   0.10766662E-10  0.40022484E-03       358      1178      2673
   0.13266662E-10  0.65665904E-03       399      1024      2673
   0.15766662E-10  0.98426502E-03       447       925      2673
   0.18266662E-10  0.13765387E-02       482       869      2673
   0.20766662E-10  0.18254976E-02       504       831      2673
   0.23266662E-10  0.23228531E-02       525       807      2673
   0.25766662E-10  0.28607510E-02       541       797      2673
   0.28266662E-10  0.34321872E-02       541       802      2673
   0.30766662E-10  0.40311687E-02       540       803      2673
   0.33266662E-10  0.46527066E-02       665       676      2673
   0.35766662E-10  0.52927184E-02       659       684      2673
   0.38266662E-10  0.59478961E-02       649       694      2673
   0.40766662E-10  0.66155713E-02       644       698      2673
   0.43266662E-10  0.72935937E-02       643       702      2673
   0.45766662E-10  0.79802274E-02       640       704      2673
   0.48266662E-10  0.86740670E-02       638       709      2673
   0.50766662E-10  0.93739691E-02       635       709      2673
   0.53266662E-10  0.10078999E-01       633       710      2673
   0.55766662E-10  0.10788389E-01       633       712      2673
   0.58266662E-10  0.11501504E-01       660       672      2673
   0.60766662E-10  0.12217815E-01       662       672      2673
   0.63266662E-10  0.12936881E-01       662       671      2673
   0.65766662E-10  0.13658331E-01       663       672      2673
   0.68266662E-10  0.14381851E-01       664       671      2673
   0.70766662E-10  0.15107173E-01       666       670      2673
   0.73266662E-10  0.15834069E-01       666       670      2673
   0.75766662E-10  0.16562342E-01       666       670      2673
   0.78266662E-10  0.17291822E-01       666       670      2673
   0.80766662E-10  0.18022362E-01       666       670      2673
   0.83266662E-10  0.18753833E-01       666       670      2673
   0.85766662E-10  0.19486121E-01       664       670      2673
   0.88266662E-10  0.20219127E-01       664       671      2673
   0.90766662E-10  0.20952762E-01       663       672      2673
   0.93266662E-10  0.21686949E-01       663       672      2673
   0.95766662E-10  0.22421617E-01       663       672      2673
   0.98266662E-10  0.23156703E-01       663       672      2673
   0.10076666E-09  0.23892152E-01       663       672      2673
   0.10326666E-09  0.24627913E-01       662       673      2673
   0.10576666E-09  0.25363940E-01       662       673      2673
   0.10826666E-09  0.26100193E-01       662       673      2673
   0.11076666E-09  0.26836634E-01       662       673      2673
   0.11326666E-09  0.27573231E-01       662       673      2673
   0.11576666E-09  0.28309953E-01       662       673      2673
   0.11826666E-09  0.29046776E-01       662       673      2673
   0.12076666E-09  0.29783676E-01       660       676      2673
   0.12326666E-09  0.30520632E-01       660       676      2673
   0.12576666E-09  0.31257628E-01       660       676      2673
   0.12826666E-09  0.31994649E-01       659       677      2673
   0.13076666E-09  0.32731683E-01       659       677      2673
   0.13326666E-09  0.33468723E-01       659       677      2673
   0.13576666E-09  0.34205762E-01       659       677      2673
   0.13826666E-09  0.34942798E-01       659       677      2673
   0.14076666E-09  0.35679829E-01       659       677      2673
   0.14326666E-09  0.36416859E-01       659       677      2673
   0.14576666E-09  0.37153894E-01       659       677      2673
   0.14826666E-09  0.37890943E-01       659       677      2673
   0.15076666E-09  0.38628016E-01       659       677      2673
   0.15326666E-09  0.39365127E-01       659       677      2673
   0.15576666E-09  0.40102294E-01       659       677      2673
   0.15826666E-09  0.40839534E-01       666       670      2673
   0.16076666E-09  0.41576869E-01       666       670      2673
   0.16326666E-09  0.42314320E-01       666       670      2673
   0.16576666E-09  0.43051910E-01       666       670      2673
   0.16826666E-09  0.43789664E-01       666       670      2673
   0.17076666E-09  0.44527603E-01       666       670      2673
   0.17326666E-09  0.45265752E-01       666       670      2673
   0.17576666E-09  0.46004131E-01       666       670      2673
   0.17826666E-09  0.46742760E-01       666       670      2673
   0.18076666E-09  0.47481658E-01       666       670      2673
   0.18326666E-09  0.48220840E-01       662       672      2673
   0.18576666E-09  0.48960319E-01       662       672      2673
   0.18826666E-09  0.49700105E-01       662       672      2673
   0.19076666E-09  0.50440206E-01       662       672      2673
   0.19326666E-09  0.51180627E-01       662       672      2673
   0.19576666E-09  0.51921369E-01       664       672      2673
   0.19826666E-09  0.52662433E-01       664       673      2673
   0.20076666E-09  0.53403815E-01       664       673      2673
   0.20326666E-09  0.54145511E-01       665       673      2673
   0.20576666E-09  0.54887515E-01       665       673      2673
   0.20826666E-09  0.55629818E-01       665       673      2673
   0.21076666E-09  0.56372412E-01       665       673      2673
   0.21326666E-09  0.57115287E-01       665       673      2673
   0.21576666E-09  0.57858432E-01       665       673      2673
   0.21826666E-09  0.58601835E-01       665       673      2673
   0.22076666E-09  0.59345485E-01       664       673      2673
   0.22326666E-09  0.60089370E-01       665       672      2673
   0.22576666E-09  0.60833478E-01       664       672      2673
   0.22826666E-09  0.61577797E-01       664       671      2673
   0.23076666E-09  0.62322316E-01       664       671      2673
   0.23326666E-09  0.63067022E-01       664       671      2673
   0.23576666E-09  0.63811906E-01       664       671      2673
   0.23826666E-09  0.64556955E-01       664       671      2673
   0.24076666E-09  0.65302160E-01       664       671      2673
   0.24326666E-09  0.66047509E-01       664       671      2673
   0.24576666E-09  0.66792995E-01       664       672      2673
   0.24826666E-09  0.67538606E-01       664       672      2673
   0.25076666E-09  0.68284335E-01       661       672      2673
   0.25326666E-09  0.69030173E-01       661       672      2673
   0.25576666E-09  0.69776111E-01       661       672      2673
   0.25826666E-09  0.70522141E-01       661       672      2673
   0.26076666E-09  0.71268257E-01       661       674      2673
   0.26326666E-09  0.72014451E-01       661       674      2673
   0.26576666E-09  0.72760717E-01       661       674      2673
   0.26826666E-09  0.73507047E-01       660       673      2673
   0.27076666E-09  0.74253437E-01       660       673      2673
   0.27326666E-09  0.74999879E-01       660       673      2673
   0.27576666E-09  0.75746369E-01       660       673      2673
   0.27826666E-09  0.76492902E-01       660       672      2673
   0.28076666E-09  0.77239472E-01       660       672      2673
   0.28326666E-09  0.77986075E-01       662       678      2673
   0.28576666E-09  0.78732707E-01       663       678      2673
   0.28826666E-09  0.79479363E-01       663       678      2673
   0.29076666E-09  0.80226041E-01       663       678      2673
   0.29326666E-09  0.80972736E-01       664       678      2673
   0.29576666E-09  0.81719447E-01       664       678      2673
   0.29826666E-09  0.82466169E-01       664       678      2673
   0.30076666E-09  0.83212901E-01       664       678      2673
   0.30326666E-09  0.83959640E-01       664       678      2673
   0.30576666E-09  0.84706385E-01       664       678      2673
   0.30826666E-09  0.85453133E-01       664       678      2673
   0.31076666E-09  0.86199884E-01       663       679      2673
   0.31326666E-09  0.86946637E-01       663       679      2673
   0.31576666E-09  0.87693389E-01       663       679      2673
   0.31826666E-09  0.88440142E-01       662       680      2673
   0.32076666E-09  0.89186893E-01       663       679      2673
   0.32326666E-09  0.89933643E-01       665       677      2673
   0.32576666E-09  0.90680391E-01       665       677      2673
   0.32826666E-09  0.91427137E-01       664       675      2673
   0.33076666E-09  0.92173881E-01       664       675      2673
   0.33326666E-09  0.92920623E-01       663       674      2673
   0.33576666E-09  0.93667362E-01       663       672      2673
   0.33826666E-09  0.94414099E-01       664       673      2673
   0.34076666E-09  0.95160833E-01       665       673      2673
   0.34326666E-09  0.95907565E-01       665       673      2673
   0.34576666E-09  0.96654295E-01       665       673      2673
   0.34826666E-09  0.97401023E-01       665       673      2673
   0.35076666E-09  0.98147750E-01       665       672      2673
   0.35326666E-09  0.98894474E-01       664       672      2673
   0.35576666E-09  0.99641196E-01       665       672      2673
   0.35826666E-09  0.10038792E+00       665       672      2673
   0.36076666E-09  0.10113464E+00       665       672      2673
   0.36326666E-09  0.10188135E+00       665       674      2673
   0.36576666E-09  0.10262807E+00       664       673      2673
   0.36826666E-09  0.10337479E+00       664       674      2673
   0.37076666E-09  0.10412150E+00       664       674      2673
   0.37326666E-09  0.10486821E+00       663       674      2673
   0.37576666E-09  0.10561493E+00       664       676      2673
   0.37826666E-09  0.10636164E+00       663       674      2673
   0.38076666E-09  0.10710835E+00       663       673      2673
   0.38326666E-09  0.10785506E+00       662       672      2673
   0.38576666E-09  0.10860177E+00       661       672      2673
   0.38826666E-09  0.10934848E+00       662       671      2673
   0.39076666E-09  0.11009518E+00       661       673      2673
   0.39326666E-09  0.11084189E+00       662       673      2673
   0.39576666E-09  0.11158860E+00       663       674      2673
   0.39826666E-09  0.11233530E+00       663       674      2673
   0.40076666E-09  0.11308201E+00       664       673      2673
   0.40326666E-09  0.11382871E+00       664       675      2673
   0.40576666E-09  0.11457542E+00       664       676      2673
   0.40826666E-09  0.11532212E+00       664       677      2673
   0.41076666E-09  0.11606883E+00       664       677      2673
   0.41326666E-09  0.11681553E+00       664       676      2673
   0.41576666E-09  0.11756223E+00       663       675      2673
   0.41826666E-09  0.11830893E+00       663       675      2673
   0.42076666E-09  0.11905564E+00       664       675      2673
   0.42326666E-09  0.11980234E+00       664       678      2673
   0.42576666E-09  0.12054904E+00       663       677      2673
   0.42826666E-09  0.12129574E+00       663       678      2673
   0.43076666E-09  0.12204244E+00       663       678      2673
   0.43326666E-09  0.12278914E+00       661       681      2673
   0.43576666E-09  0.12353584E+00       660       682      2673
   0.43826666E-09  0.12428254E+00       659       683      2673
   0.44076666E-09  0.12502924E+00       659       683      2673
   0.44326666E-09  0.12577594E+00       658       684      2673
   0.44576666E-09  0.12652264E+00       657       685      2673
   0.44826666E-09  0.12726934E+00       656       686      2673
   0.45076666E-09  0.12801604E+00       657       685      2673
   0.45326666E-09  0.12876274E+00       657       685      2673
   0.45576666E-09  0.12950944E+00       654       688      2673
   0.45826666E-09  0.13025613E+00       658       684      2673
   0.46076666E-09  0.13100283E+00       659       683      2673
   0.46326666E-09  0.13174953E+00       659       683      2673
   0.46576666E-09  0.13249623E+00       656       686      2673
   0.46826666E-09  0.13324292E+00       656       686      2673
   0.47076666E-09  0.13398962E+00       654       688      2673
   0.47326666E-09  0.13473632E+00       654       688      2673
   0.47576666E-09  0.13548301E+00       655       687      2673
   0.47826666E-09  0.13622971E+00       655       687      2673
   0.48076666E-09  0.13697641E+00       657       685      2673
   0.48326666E-09  0.13772310E+00       657       685      2673
   0.48576666E-09  0.13846980E+00       657       685      2673
   0.48826666E-09  0.13921649E+00       658       684      2673
   0.49076666E-09  0.13996319E+00       658       684      2673
   0.49326666E-09  0.14070989E+00       658       683      2673
   0.49576666E-09  0.14145658E+00       658       683      2673
   0.49826666E-09  0.14220328E+00       660       682      2673
   0.50076666E-09  0.14294997E+00       658       682      2673
   0.50326666E-09  0.14369667E+00       657       681      2673
   0.50576666E-09  0.14444336E+00       656       681      2673
   0.50826666E-09  0.14519006E+00       652       679      2673
   0.51076666E-09  0.14593675E+00       651       680      2673
   0.51326666E-09  0.14668345E+00       652       679      2673
   0.51576666E-09  0.14743014E+00       652       679      2673
   0.51826666E-09  0.14817683E+00       651       680      2673
   0.52076666E-09  0.14892353E+00       652       679      2673
   0.52326666E-09  0.14967022E+00       652       681      2673
   0.52576666E-09  0.15041692E+00       652       681      2673
   0.52826666E-09  0.15116361E+00       653       681      2673
   0.53076666E-09  0.15191030E+00       653       681      2673
   0.53326666E-09  0.15265700E+00       652       682      2673
   0.53576666E-09  0.15340369E+00       648       682      2673
   0.53826666E-09  0.15415038E+00       647       683      2673
   0.54076666E-09  0.15489708E+00       644       686      2673
   0.54326666E-09  0.15564377E+00       644       686      2673
   0.54576666E-09  0.15639046E+00       642       688      2673
   0.54826666E-09  0.15713716E+00       641       689      2673
   0.55076666E-09  0.15788385E+00       639       691      2673
   0.55326666E-09  0.15863054E+00       636       694      2673
   0.55576666E-09  0.15937724E+00       634       696      2673
   0.55826666E-09  0.16012393E+00       648       691      2673
   0.56076666E-09  0.16087062E+00       645       689      2673
   0.56326666E-09  0.16161731E+00       644       689      2673
   0.56576666E-09  0.16236401E+00       643       687      2673
   0.56826666E-09  0.16311070E+00       639       691      2673
   0.57076666E-09  0.16385739E+00       637       693      2673
   0.57326666E-09  0.16460409E+00       636       694      2673
   0.57576666E-09  0.16535078E+00       636       694      2673
   0.57826666E-09  0.16609747E+00       634       696      2673
   0.58076666E-09  0.16684416E+00       633       697      2673
   0.58326666E-09  0.16759085E+00       639       691      2673
   0.58576666E-09  0.16833755E+00       636       694      2673
   0.58826666E-09  0.16908424E+00       634       696      2673
   0.59076666E-09  0.16983093E+00       631       699      2673
   0.59326666E-09  0.17057762E+00       629       701      2673
   0.59576666E-09  0.17132432E+00       629       701      2673
   0.59826666E-09  0.17207101E+00       630       700      2673
   0.60076666E-09  0.17281770E+00       628       701      2673
   0.60326666E-09  0.17356439E+00       626       703      2673
   0.60576666E-09  0.17431108E+00       624       705      2673
   0.60826666E-09  0.17505778E+00       645       688      2673
   0.61076666E-09  0.17580447E+00       641       688      2673
   0.61326666E-09  0.17655116E+00       638       691      2673
   0.61576666E-09  0.17729785E+00       637       692      2673
   0.61826666E-09  0.17804454E+00       636       693      2673
   0.62076666E-09  0.17879123E+00       634       695      2673
   0.62326666E-09  0.17953793E+00       634       695      2673
   0.62576666E-09  0.18028462E+00       636       693      2673
   0.62826666E-09  0.18103131E+00       635       694      2673
   0.63076666E-09  0.18177800E+00       632       697      2673
   0.63326666E-09  0.18252469E+00       643       688      2673
   0.63576666E-09  0.18327138E+00       642       688      2673
   0.63826666E-09  0.18401808E+00       641       688      2673
   0.64076666E-09  0.18476477E+00       641       688      2673
   0.64326666E-09  0.18551146E+00       640       689      2673
   0.64576666E-09  0.18625815E+00       638       691      2673
   0.64826666E-09  0.18700484E+00       638       691      2673
   0.65076666E-09  0.18775153E+00       635       694      2673
   0.65326666E-09  0.18849823E+00       632       697      2673
   0.65576666E-09  0.18924492E+00       631       698      2673
   0.65826666E-09  0.18999161E+00       648       687      2673
   0.66076666E-09  0.19073830E+00       646       686      2673
   0.66326666E-09  0.19148499E+00       642       687      2673
   0.66576666E-09  0.19223168E+00       642       687      2673
   0.66826666E-09  0.19297837E+00       639       690      2673
   0.67076666E-09  0.19372507E+00       639       690      2673
   0.67326666E-09  0.19447176E+00       637       692      2673
   0.67576666E-09  0.19521845E+00       637       692      2673
   0.67826666E-09  0.19596514E+00       634       695      2673
   0.68076666E-09  0.19671183E+00       633       696      2673
   0.68326666E-09  0.19745852E+00       646       687      2673
   0.68576666E-09  0.19820522E+00       646       684      2673
   0.68826666E-09  0.19895191E+00       646       683      2673
   0.69076666E-09  0.19969860E+00       645       684      2673
   0.69326666E-09  0.20044529E+00       643       686      2673
   0.69576666E-09  0.20119198E+00       640       689      2673
   0.69826666E-09  0.20193867E+00       636       693      2673
   0.70076666E-09  0.20268536E+00       633       696      2673
   0.70326666E-09  0.20343206E+00       632       697      2673
   0.70576666E-09  0.20417875E+00       632       697      2673
   0.70826666E-09  0.20492544E+00       646       684      2673
   0.71076666E-09  0.20567213E+00       644       685      2673
   0.71326666E-09  0.20641882E+00       641       688      2673
   0.71576666E-09  0.20716551E+00       638       691      2673
   0.71826666E-09  0.20791221E+00       638       690      2673
   0.72076666E-09  0.20865890E+00       639       689      2673
   0.72326666E-09  0.20940559E+00       638       690      2673
   0.72576666E-09  0.21015228E+00       634       694      2673
   0.72826666E-09  0.21089897E+00       632       696      2673
   0.73076666E-09  0.21164566E+00       629       699      2673
   0.73326666E-09  0.21239236E+00       648       696      2673
   0.73576666E-09  0.21313905E+00       645       695      2673
   0.73826666E-09  0.21388574E+00       643       693      2673
   0.74076666E-09  0.21463243E+00       643       693      2673
   0.74326666E-09  0.21537912E+00       640       692      2673
   0.74576666E-09  0.21612582E+00       639       691      2673
   0.74826666E-09  0.21687251E+00       639       690      2673
   0.75076666E-09  0.21761920E+00       635       693      2673
   0.75326666E-09  0.21836589E+00       630       697      2673
   0.75576666E-09  0.21911258E+00       626       701      2673
   0.75826666E-09  0.21985928E+00       645       695      2673
   0.76076666E-09  0.22060597E+00       640       694      2673
   0.76326666E-09  0.22135266E+00       638       693      2673
   0.76576666E-09  0.22209935E+00       634       693      2673
   0.76826666E-09  0.22284605E+00       632       695      2673
   0.77076666E-09  0.22359274E+00       631       696      2673
   0.77326666E-09  0.22433943E+00       630       698      2673
   0.77576666E-09  0.22508612E+00       628       700      2673
   0.77826666E-09  0.22583282E+00       625       703      2673
   0.78076666E-09  0.22657951E+00       625       703      2673
   0.78326666E-09  0.22732620E+00       634       695      2673
   0.78576666E-09  0.22807290E+00       633       695      2673
   0.78826666E-09  0.22881959E+00       632       696      2673
   0.79076666E-09  0.22956628E+00       630       698      2673
   0.79326666E-09  0.23031297E+00       630       698      2673
   0.79576666E-09  0.23105967E+00       629       699      2673
   0.79826666E-09  0.23180636E+00       631       697      2673
   0.80076666E-09  0.23255306E+00       633       695      2673
   0.80326666E-09  0.23329975E+00       631       697      2673
   0.80576666E-09  0.23404644E+00       631       697      2673
   0.80826666E-09  0.23479314E+00       646       694      2673
   0.81076666E-09  0.23553983E+00       645       694      2673
   0.81326666E-09  0.23628653E+00       644       694      2673
   0.81576666E-09  0.23703322E+00       644       697      2673
   0.81826666E-09  0.23777992E+00       646       696      2673
   0.82076666E-09  0.23852661E+00       646       694      2673
   0.82326666E-09  0.23927331E+00       647       693      2673
   0.82576666E-09  0.24002000E+00       650       693      2673
   0.82826666E-09  0.24076670E+00       651       694      2673
   0.83076666E-09  0.24151339E+00       650       695      2673
   0.83326666E-09  0.24226009E+00       644       690      2673
   0.83576666E-09  0.24300678E+00       644       691      2673
   0.83826666E-09  0.24375348E+00       644       691      2673
   0.84076666E-09  0.24450018E+00       644       690      2673
   0.84326666E-09  0.24524687E+00       642       689      2673
   0.84576666E-09  0.24599357E+00       642       689      2673
   0.84826666E-09  0.24674027E+00       644       689      2673
   0.85076666E-09  0.24748696E+00       644       689      2673
   0.85326666E-09  0.24823366E+00       643       692      2673
   0.85576666E-09  0.24898036E+00       644       692      2673
   0.85826666E-09  0.24972706E+00       645       692      2673
   0.87126666E-09  0.25360990E+00       648       696      2673
   0.89126666E-09  0.25958351E+00       647       698      2673
   0.91126666E-09  0.26555716E+00       643       685      2673
   0.93126666E-09  0.27153084E+00       636       691      2673
   0.95126666E-09  0.27750456E+00       625       702      2673
   0.97126666E-09  0.28347833E+00       620       707      2673
   0.99126666E-09  0.28945215E+00       620       707      2673
   0.10112667E-08  0.29542600E+00       613       714      2673
   0.10312667E-08  0.30139989E+00       612       715      2673
   0.10512667E-08  0.30737379E+00       648       682      2673
   0.10712667E-08  0.31334771E+00       645       682      2673
   0.10912667E-08  0.31932163E+00       641       686      2673
   0.11112667E-08  0.32529556E+00       639       688      2673
   0.11312667E-08  0.33126949E+00       639       688      2673
   0.11512667E-08  0.33724342E+00       639       688      2673
   0.11712667E-08  0.34321735E+00       639       689      2673
   0.11912667E-08  0.34919128E+00       637       691      2673
   0.12112667E-08  0.35516521E+00       636       692      2673
   0.12312667E-08  0.36113914E+00       635       694      2673
   0.12512667E-08  0.36711307E+00       646       686      2673
   0.12712667E-08  0.37308700E+00       647       685      2673
   0.12912667E-08  0.37906093E+00       647       685      2673
   0.13112667E-08  0.38503487E+00       647       685      2673
   0.13312667E-08  0.39100880E+00       645       685      2673
   0.13512667E-08  0.39698273E+00       645       685      2673
   0.13712667E-08  0.40295666E+00       645       685      2673
   0.13912667E-08  0.40893059E+00       646       685      2673
   0.14112667E-08  0.41490452E+00       646       685      2673
   0.14312667E-08  0.42087845E+00       646       686      2673
   0.14512667E-08  0.42685238E+00       650       684      2673
   0.14712667E-08  0.43282632E+00       650       684      2673
   0.14912667E-08  0.43880025E+00       650       684      2673
   0.15112667E-08  0.44477418E+00       649       684      2673
   0.15312667E-08  0.45074811E+00       649       684      2673
   0.15512667E-08  0.45672204E+00       649       684      2673
   0.15712667E-08  0.46269597E+00       650       683      2673
   0.15912667E-08  0.46866990E+00       650       683      2673
   0.16112667E-08  0.47464383E+00       650       683      2673
   0.16312667E-08  0.48061777E+00       649       684      2673
   0.16512667E-08  0.48659170E+00       648       685      2673
   0.16712667E-08  0.49256563E+00       648       686      2673
   0.16912667E-08  0.49853956E+00       648       686      2673
   0.17112667E-08  0.50451349E+00       647       687      2673
   0.17312667E-08  0.51048742E+00       647       687      2673
   0.17512667E-08  0.51646135E+00       647       687      2673
   0.17712667E-08  0.52243528E+00       648       688      2673
   0.17912667E-08  0.52840922E+00       646       690      2673
   0.18112667E-08  0.53438315E+00       644       692      2673
   0.18312667E-08  0.54035708E+00       644       692      2673
   0.18512667E-08  0.54633101E+00       653       683      2673
   0.18712667E-08  0.55230494E+00       654       683      2673
   0.18912667E-08  0.55827887E+00       653       684      2673
   0.19112667E-08  0.56425280E+00       652       686      2673
   0.19312667E-08  0.57022673E+00       650       688      2673
   0.19512667E-08  0.57620067E+00       649       689      2673
   0.19712667E-08  0.58217460E+00       648       691      2673
   0.19912667E-08  0.58814853E+00       647       692      2673
   0.20112667E-08  0.59412246E+00       647       692      2673
   0.20312667E-08  0.60009639E+00       647       693      2673
   0.20512667E-08  0.60607032E+00       648       684      2673
   0.20712667E-08  0.61204425E+00       648       682      2673
   0.20912667E-08  0.61801818E+00       647       680      2673
   0.21112667E-08  0.62399212E+00       644       683      2673
   0.21312667E-08  0.62996605E+00       644       683      2673
   0.21512667E-08  0.63593998E+00       642       685      2673
   0.21712667E-08  0.64191391E+00       643       685      2673
   0.21912667E-08  0.64788784E+00       643       686      2673
   0.22112667E-08  0.65386177E+00       642       687      2673
   0.22312667E-08  0.65983570E+00       641       688      2673
   0.22512667E-08  0.66580963E+00       647       683      2673
   0.22712667E-08  0.67178357E+00       646       684      2673
   0.22912667E-08  0.67775750E+00       646       684      2673
   0.23112667E-08  0.68373143E+00       645       685      2673
   0.23312667E-08  0.68970536E+00       645       685      2673
   0.23512667E-08  0.69567929E+00       642       688      2673
   0.23712667E-08  0.70165322E+00       642       688      2673
   0.23912667E-08  0.70762715E+00       641       689      2673
   0.24112667E-08  0.71360108E+00       640       691      2673
   0.24312667E-08  0.71957501E+00       640       692      2673
   0.24512667E-08  0.72554895E+00       649       683      2673
   0.24712667E-08  0.73152288E+00       649       683      2673
   0.24912667E-08  0.73749681E+00       646       686      2673
   0.25112667E-08  0.74347074E+00       645       687      2673
   0.25312667E-08  0.74944467E+00       645       687      2673
   0.25512667E-08  0.75541860E+00       644       688      2673
   0.25712667E-08  0.76139253E+00       643       689      2673
   0.25912667E-08  0.76736646E+00       643       689      2673
   0.26112667E-08  0.77334040E+00       641       691      2673
   0.26312667E-08  0.77931433E+00       640       692      2673
   0.26512667E-08  0.78528826E+00       658       677      2673
   0.26712667E-08  0.79126219E+00       655       679      2673
   0.26912667E-08  0.79723612E+00       655       679      2673
   0.27112667E-08  0.80321005E+00       654       681      2673
   0.27312667E-08  0.80918398E+00       653       682      2673
   0.27512667E-08  0.81515791E+00       653       682      2673
   0.27712667E-08  0.82113184E+00       651       684      2673
   0.27912667E-08  0.82710578E+00       648       687      2673
   0.28112667E-08  0.83307971E+00       649       687      2673
   0.28312667E-08  0.83905364E+00       647       689      2673
   0.28512667E-08  0.84502757E+00       652       684      2673
   0.28712667E-08  0.85100150E+00       650       688      2673
   0.28912667E-08  0.85697543E+00       648       690      2673
   0.29112667E-08  0.86294936E+00       648       690      2673
   0.29312667E-08  0.86892329E+00       646       692      2673
   0.29512667E-08  0.87489723E+00       644       695      2673
   0.29712667E-08  0.88087116E+00       644       695      2673
   0.29912667E-08  0.88684509E+00       642       697      2673
   0.30112667E-08  0.89281902E+00       642       698      2673
   0.30312667E-08  0.89879295E+00       640       700      2673
   0.30512667E-08  0.90476688E+00       653       674      2673
   0.30712667E-08  0.91074081E+00       653       676      2673
   0.30912667E-08  0.91671474E+00       651       676      2673
   0.31112667E-08  0.92268867E+00       647       680      2673
   0.31312667E-08  0.92866261E+00       642       685      2673
   0.31512667E-08  0.93463654E+00       644       685      2673
   0.31712667E-08  0.94061047E+00       643       686      2673
   0.31912667E-08  0.94658440E+00       642       687      2673
   0.32112667E-08  0.95255833E+00       641       689      2673
   0.32312667E-08  0.95853226E+00       636       694      2673
   0.32512667E-08  0.96450619E+00       662       672      2673
   0.32712667E-08  0.97048012E+00       659       673      2673
   0.32912667E-08  0.97645405E+00       658       678      2673
   0.33112667E-08  0.98242799E+00       655       678      2673
   0.33312667E-08  0.98840192E+00       650       681      2673
   0.33512667E-08  0.99437585E+00       648       682      2673
   0.33712667E-08  0.10003498E+01       647       684      2673
   0.33912667E-08  0.10063237E+01       644       687      2673
   0.34112667E-08  0.10122976E+01       643       688      2673
   0.34312667E-08  0.10182716E+01       642       689      2673
   0.34512667E-08  0.10242455E+01       665       674      2673
   0.34712667E-08  0.10302194E+01       665       674      2673
   0.34912667E-08  0.10361934E+01       663       675      2673
   0.35112667E-08  0.10421673E+01       655       677      2673
   0.35312667E-08  0.10481412E+01       653       679      2673
   0.35512667E-08  0.10541152E+01       649       683      2673
   0.35712667E-08  0.10600891E+01       646       686      2673
   0.35912667E-08  0.10660630E+01       640       692      2673
   0.36112667E-08  0.10720370E+01       631       701      2673
   0.36312667E-08  0.10780109E+01       631       702      2673
   0.36512667E-08  0.10839848E+01       663       674      2673
   0.36712667E-08  0.10899587E+01       660       674      2673
   0.36912667E-08  0.10959327E+01       656       678      2673
   0.37112667E-08  0.11019066E+01       645       690      2673
   0.37312667E-08  0.11078805E+01       638       697      2673
   0.37512667E-08  0.11138545E+01       633       702      2673
   0.37712667E-08  0.11198284E+01       628       707      2673
   0.37912667E-08  0.11258023E+01       622       713      2673
   0.38112667E-08  0.11317763E+01       610       725      2673
   0.38312667E-08  0.11377502E+01       599       737      2673
   0.38512667E-08  0.11437241E+01       644       692      2673
   0.38712667E-08  0.11496981E+01       640       698      2673
   0.38912667E-08  0.11556720E+01       629       709      2673
   0.39112667E-08  0.11616459E+01       613       725      2673
   0.39312667E-08  0.11676198E+01       600       739      2673
   0.39512667E-08  0.11735938E+01       594       745      2673
   0.39712667E-08  0.11795677E+01       583       756      2673
   0.39912667E-08  0.11855416E+01       572       768      2673
   0.40112667E-08  0.11915156E+01       560       780      2673
   0.40312667E-08  0.11974895E+01       548       793      2673
   0.40512667E-08  0.12034634E+01       607       724      2673
   0.40712667E-08  0.12094374E+01       590       737      2673
   0.40912667E-08  0.12154113E+01       574       754      2673
   0.41112667E-08  0.12213852E+01       564       764      2673
   0.41312667E-08  0.12273592E+01       552       776      2673
   0.41512667E-08  0.12333331E+01       537       792      2673
   0.41712667E-08  0.12393070E+01       522       808      2673
   0.41912667E-08  0.12452810E+01       507       823      2673
   0.42112667E-08  0.12512549E+01       490       840      2673
   0.42312667E-08  0.12572288E+01       469       861      2673
   0.42512667E-08  0.12632027E+01       573       757      2673
   0.42712667E-08  0.12691767E+01       563       767      2673
   0.42912667E-08  0.12751506E+01       543       787      2673
   0.43112667E-08  0.12811245E+01       527       803      2673
   0.43312667E-08  0.12870985E+01       514       816      2673
   0.43512667E-08  0.12930724E+01       490       841      2673
   0.43712667E-08  0.12990463E+01       468       863      2673
   0.43912667E-08  0.13050203E+01       457       874      2673
   0.44112667E-08  0.13109942E+01       442       889      2673
   0.44312667E-08  0.13169681E+01       429       902      2673
   0.44512667E-08  0.13229421E+01       544       787      2673
   0.44712667E-08  0.13289160E+01       544       787      2673
   0.44912667E-08  0.13348899E+01       525       817      2673
   0.45112667E-08  0.13408638E+01       487       854      2673
   0.45312667E-08  0.13468378E+01       450       891      2673
   0.45512667E-08  0.13528117E+01       418       923      2673
   0.45712667E-08  0.13587856E+01       393       948      2673
   0.45912667E-08  0.13647596E+01       368       971      2673
   0.46112667E-08  0.13707335E+01       339      1000      2673
   0.46312667E-08  0.13767074E+01       306      1033      2673
   0.46512667E-08  0.13826814E+01       572       767      2673
   0.46712667E-08  0.13886553E+01       550       789      2673
   0.46912667E-08  0.13946292E+01       522       817      2673
   0.47112667E-08  0.14006032E+01       485       854      2673
   0.47312667E-08  0.14065771E+01       456       883      2673
   0.47512667E-08  0.14125510E+01       432       907      2673
   0.47712667E-08  0.14185250E+01       417       921      2673
   0.47912667E-08  0.14244989E+01       389       949      2673
   0.48112667E-08  0.14304728E+01       378       959      2673
   0.48312667E-08  0.14364467E+01       374       963      2673
   0.48512667E-08  0.14424207E+01       597       738      2673
   0.48712667E-08  0.14483946E+01       573       762      2673
   0.48912667E-08  0.14543685E+01       555       780      2673
   0.49112667E-08  0.14603425E+01       537       797      2673
   0.49312667E-08  0.14663164E+01       530       804      2673
   0.49512667E-08  0.14722903E+01       523       810      2673
   0.49712667E-08  0.14782643E+01       516       817      2673
   0.49912667E-08  0.14842382E+01       520       813      2673
   0.50112667E-08  0.14902121E+01       534       798      2673
   0.50312667E-08  0.14961860E+01       546       786      2673
   0.50512667E-08  0.15021600E+01       617       711      2673
   0.50712667E-08  0.15081339E+01       611       717      2673
   0.50912667E-08  0.15141078E+01       606       722      2673
   0.51112667E-08  0.15200817E+01       598       730      2673
   0.51312667E-08  0.15260559E+01       587       743      2673
   0.51512667E-08  0.15320308E+01       576       754      2673
   0.51712667E-08  0.15380065E+01       572       758      2673
   0.51912667E-08  0.15439833E+01       569       761      2673
   0.52112667E-08  0.15499607E+01       567       763      2673
   0.52312667E-08  0.15559387E+01       560       770      2673
   0.52512667E-08  0.15619172E+01       626       708      2673
   0.52712667E-08  0.15678961E+01       621       709      2673
   0.52912667E-08  0.15738757E+01       615       715      2673
   0.53112667E-08  0.15798561E+01       609       721      2673
   0.53312667E-08  0.15858369E+01       606       725      2673
   0.53512667E-08  0.15918181E+01       606       725      2673
   0.53712667E-08  0.15977997E+01       602       729      2673
   0.53912667E-08  0.16037816E+01       599       732      2673
   0.54112667E-08  0.16097641E+01       595       736      2673
   0.54312667E-08  0.16157471E+01       592       739      2673
   0.54512667E-08  0.16217305E+01       639       703      2673
   0.54712667E-08  0.16277141E+01       640       695      2673
   0.54912667E-08  0.16336980E+01       633       698      2673
   0.55112667E-08  0.16396823E+01       625       706      2673
   0.55312667E-08  0.16456669E+01       618       713      2673
   0.55512667E-08  0.16516520E+01       616       715      2673
   0.55712667E-08  0.16576373E+01       605       726      2673
   0.55912667E-08  0.16636228E+01       600       731      2673
   0.56112667E-08  0.16696085E+01       586       745      2673
   0.56312667E-08  0.16755945E+01       578       753      2673
   0.56512667E-08  0.16815808E+01       644       687      2673
   0.56712667E-08  0.16875674E+01       635       696      2673
   0.56912667E-08  0.16935543E+01       622       709      2673
   0.57112667E-08  0.16995413E+01       616       715      2673
   0.57312667E-08  0.17055284E+01       608       723      2673
   0.57512667E-08  0.17115158E+01       599       733      2673
   0.57712667E-08  0.17175034E+01       594       739      2673
   0.57912667E-08  0.17234913E+01       590       743      2673
   0.58112667E-08  0.17294794E+01       588       745      2673
   0.58312667E-08  0.17354675E+01       580       753      2673
   0.58512667E-08  0.17414558E+01       642       691      2673
   0.58712667E-08  0.17474443E+01       634       700      2673
   0.58912667E-08  0.17534330E+01       628       706      2673
   0.59112667E-08  0.17594219E+01       623       711      2673
   0.59312667E-08  0.17654110E+01       620       714      2673
   0.59512667E-08  0.17714001E+01       617       717      2673
   0.59712667E-08  0.17773893E+01       610       724      2673
   0.59912667E-08  0.17833787E+01       605       729      2673
   0.60112667E-08  0.17893683E+01       601       733      2673
   0.60312667E-08  0.17953581E+01       596       738      2673
   0.60512667E-08  0.18013479E+01       654       685      2673
   0.60712667E-08  0.18073378E+01       648       686      2673
   0.60912667E-08  0.18133278E+01       642       692      2673
   0.61112667E-08  0.18193180E+01       638       696      2673
   0.61312667E-08  0.18253083E+01       632       702      2673
   0.61512667E-08  0.18312987E+01       630       704      2673
   0.61712667E-08  0.18372892E+01       628       706      2673
   0.61912667E-08  0.18432798E+01       626       708      2673
   0.62112667E-08  0.18492704E+01       624       710      2673
   0.62312667E-08  0.18552612E+01       622       712      2673
   0.62512667E-08  0.18612522E+01       651       683      2673
   0.62712667E-08  0.18672432E+01       648       686      2673
   0.62912667E-08  0.18732342E+01       643       691      2673
   0.63112667E-08  0.18792253E+01       641       693      2673
   0.63312667E-08  0.18852166E+01       638       696      2673
   0.63512667E-08  0.18912079E+01       637       697      2673
   0.63712667E-08  0.18971993E+01       635       699      2673
   0.63912667E-08  0.19031908E+01       632       702      2673
   0.64112667E-08  0.19091823E+01       629       705      2673
   0.64312667E-08  0.19151739E+01       624       710      2673
   0.64512667E-08  0.19211656E+01       656       682      2673
   0.64712667E-08  0.19271574E+01       654       680      2673
   0.64912667E-08  0.19331492E+01       654       680      2673
   0.65112667E-08  0.19391411E+01       648       686      2673
   0.65312667E-08  0.19451331E+01       645       689      2673
   0.65512667E-08  0.19511251E+01       643       691      2673
   0.65712667E-08  0.19571172E+01       642       692      2673
   0.65912667E-08  0.19631093E+01       639       695      2673
   0.66112667E-08  0.19691016E+01       637       697      2673
   0.66312667E-08  0.19750938E+01       634       700      2673
   0.66512667E-08  0.19810861E+01       657       682      2673
   0.66712667E-08  0.19870785E+01       656       681      2673
   0.66912667E-08  0.19930709E+01       653       681      2673
   0.67112667E-08  0.19990634E+01       652       682      2673
   0.67312667E-08  0.20050560E+01       650       684      2673
   0.67512667E-08  0.20110485E+01       648       686      2673
   0.67712667E-08  0.20170412E+01       643       691      2673
   0.67912667E-08  0.20230338E+01       642       692      2673
   0.68112667E-08  0.20290265E+01       641       693      2673
   0.68312667E-08  0.20350193E+01       639       695      2673
   0.68512667E-08  0.20410121E+01       655       679      2673
   0.68712667E-08  0.20470050E+01       654       680      2673
   0.68912667E-08  0.20529979E+01       651       683      2673
   0.69112667E-08  0.20589908E+01       650       684      2673
   0.69312667E-08  0.20649838E+01       646       688      2673
   0.69512667E-08  0.20709768E+01       645       689      2673
   0.69712667E-08  0.20769699E+01       646       689      2673
   0.69912667E-08  0.20829630E+01       644       692      2673
   0.70112667E-08  0.20889561E+01       642       694      2673
   0.70312667E-08  0.20949493E+01       640       696      2673
   0.70512667E-08  0.21009425E+01       659       677      2673
   0.70712667E-08  0.21069358E+01       657       679      2673
   0.70912667E-08  0.21129291E+01       656       680      2673
   0.71112667E-08  0.21189224E+01       655       681      2673
   0.71312667E-08  0.21249157E+01       652       684      2673
   0.71512667E-08  0.21309091E+01       652       684      2673
   0.71712667E-08  0.21369025E+01       650       686      2673
   0.71912667E-08  0.21428960E+01       650       686      2673
   0.72112667E-08  0.21488894E+01       650       686      2673
   0.72312667E-08  0.21548830E+01       648       688      2673
   0.72512667E-08  0.21608765E+01       656       680      2673
   0.72712667E-08  0.21668700E+01       654       682      2673
   0.72912667E-08  0.21728636E+01       652       684      2673
   0.73112667E-08  0.21788573E+01       653       684      2673
   0.73312667E-08  0.21848509E+01       653       684      2673
   0.73512667E-08  0.21908446E+01       652       685      2673
   0.73712667E-08  0.21968383E+01       650       687      2673
   0.73912667E-08  0.22028320E+01       649       688      2673
   0.74112667E-08  0.22088258E+01       648       689      2673
   0.74312667E-08  0.22148196E+01       647       690      2673
   0.74512667E-08  0.22208134E+01       659       677      2673
   0.74712667E-08  0.22268072E+01       660       675      2673
   0.74912667E-08  0.22328010E+01       660       675      2673
   0.75112667E-08  0.22387949E+01       661       677      2673
   0.75312667E-08  0.22447888E+01       661       677      2673
   0.75512667E-08  0.22507827E+01       661       677      2673
   0.75712667E-08  0.22567767E+01       660       678      2673
   0.75912667E-08  0.22627706E+01       659       679      2673
   0.76112667E-08  0.22687646E+01       657       681      2673
   0.76312667E-08  0.22747586E+01       656       682      2673
   0.76512667E-08  0.22807526E+01       655       683      2673
   0.76712667E-08  0.22867467E+01       654       684      2673
   0.76912667E-08  0.22927408E+01       654       684      2673
   0.77112667E-08  0.22987349E+01       653       685      2673
   0.77312667E-08  0.23047290E+01       653       685      2673
   0.77512667E-08  0.23107231E+01       652       686      2673
   0.77712667E-08  0.23167172E+01       652       686      2673
   0.77912667E-08  0.23227114E+01       651       687      2673
   0.78112667E-08  0.23287056E+01       650       688      2673
   0.78312667E-08  0.23346998E+01       650       688      2673
   0.78512667E-08  0.23406940E+01       656       682      2673
   0.78712667E-08  0.23466882E+01       655       683      2673
   0.78912667E-08  0.23526825E+01       655       683      2673
   0.79112667E-08  0.23586767E+01       656       683      2673
   0.79312667E-08  0.23646710E+01       656       683      2673
   0.79512667E-08  0.23706653E+01       656       683      2673
   0.79712667E-08  0.23766596E+01       654       685      2673
   0.79912667E-08  0.23826540E+01       654       685      2673
   0.80112667E-08  0.23886483E+01       653       686      2673
   0.80312667E-08  0.23946427E+01       653       686      2673
   0.80512667E-08  0.24006371E+01       659       680      2673
   0.80712667E-08  0.24066315E+01       659       680      2673
   0.80912667E-08  0.24126259E+01       657       682      2673
   0.81112667E-08  0.24186203E+01       657       682      2673
   0.81312667E-08  0.24246147E+01       657       682      2673
   0.81512667E-08  0.24306092E+01       657       682      2673
   0.81712667E-08  0.24366036E+01       657       682      2673
   0.81912667E-08  0.24425981E+01       656       683      2673
   0.82112667E-08  0.24485926E+01       654       685      2673
   0.82312667E-08  0.24545871E+01       654       685      2673
   0.82512667E-08  0.24605816E+01       663       676      2673
   0.82712667E-08  0.24665761E+01       662       677      2673
   0.82912667E-08  0.24725707E+01       662       677      2673
   0.83112667E-08  0.24785652E+01       661       678      2673
   0.83312667E-08  0.24845598E+01       661       678      2673
   0.83512667E-08  0.24905544E+01       661       678      2673
   0.83712667E-08  0.24965490E+01       660       679      2673
   0.83912667E-08  0.25025436E+01       658       681      2673
   0.84112667E-08  0.25085382E+01       658       681      2673
   0.84312667E-08  0.25145328E+01       657       682      2673
   0.84512667E-08  0.25205274E+01       664       673      2673
   0.84712667E-08  0.25265221E+01       664       673      2673
   0.84912667E-08  0.25325168E+01       664       674      2673
   0.85112667E-08  0.25385114E+01       664       674      2673
   0.85312667E-08  0.25445061E+01       664       674      2673
   0.85512667E-08  0.25505008E+01       664       674      2673
   0.85712667E-08  0.25564955E+01       665       674      2673
   0.85912667E-08  0.25624902E+01       664       675      2673
   0.86112667E-08  0.25684849E+01       662       677      2673
   0.86312667E-08  0.25744797E+01       661       678      2673
   0.86512667E-08  0.25804744E+01       661       678      2673
   0.86712667E-08  0.25864691E+01       659       680      2673
   0.86912667E-08  0.25924639E+01       657       682      2673
   0.87112667E-08  0.25984587E+01       656       683      2673
   0.87312667E-08  0.26044534E+01       656       683      2673
   0.87512667E-08  0.26104482E+01       656       683      2673
   0.87712667E-08  0.26164430E+01       656       683      2673
   0.87912667E-08  0.26224378E+01       656       683      2673
   0.88112667E-08  0.26284326E+01       656       684      2673
   0.88312667E-08  0.26344275E+01       655       685      2673
   0.88512667E-08  0.26404223E+01       657       676      2673
   0.88712667E-08  0.26464171E+01       657       676      2673
   0.88912667E-08  0.26524120E+01       657       676      2673
   0.89112667E-08  0.26584068E+01       657       675      2673
   0.89312667E-08  0.26644017E+01       657       675      2673
   0.89512667E-08  0.26703966E+01       657       675      2673
   0.89712667E-08  0.26763915E+01       657       675      2673
   0.89912667E-08  0.26823864E+01       656       675      2673
   0.90112667E-08  0.26883813E+01       656       675      2673
   0.90312667E-08  0.26943762E+01       655       675      2673
   0.90512667E-08  0.27003711E+01       654       674      2673
   0.90712667E-08  0.27063660E+01       654       674      2673
   0.90912667E-08  0.27123609E+01       652       675      2673
   0.91112667E-08  0.27183559E+01       652       675      2673
   0.91312667E-08  0.27243508E+01       652       675      2673
   0.91512667E-08  0.27303457E+01       652       675      2673
   0.91712667E-08  0.27363407E+01       651       676      2673
   0.91912667E-08  0.27423357E+01       650       677      2673
   0.92112667E-08  0.27483306E+01       650       677      2673
   0.92312667E-08  0.27543256E+01       649       678      2673
   0.92512667E-08  0.27603206E+01       657       682      2673
   0.92712667E-08  0.27663156E+01       657       680      2673
   0.92912667E-08  0.27723106E+01       657       680      2673
   0.93112667E-08  0.27783056E+01       657       680      2673
   0.93312667E-08  0.27843006E+01       657       679      2673
   0.93512667E-08  0.27902956E+01       656       677      2673
   0.93712667E-08  0.27962906E+01       656       677      2673
   0.93912667E-08  0.28022857E+01       656       676      2673
   0.94112667E-08  0.28082807E+01       656       675      2673
   0.94312667E-08  0.28142757E+01       656       675      2673
   0.94512667E-08  0.28202708E+01       656       675      2673
   0.94712667E-08  0.28262658E+01       655       674      2673
   0.94912667E-08  0.28322609E+01       655       673      2673
   0.95112667E-08  0.28382560E+01       655       673      2673
   0.95312667E-08  0.28442510E+01       654       674      2673
   0.95512667E-08  0.28502461E+01       653       674      2673
   0.95712667E-08  0.28562412E+01       653       674      2673
   0.95912667E-08  0.28622363E+01       651       676      2673
   0.96112667E-08  0.28682314E+01       651       676      2673
   0.96312667E-08  0.28742265E+01       651       676      2673
   0.96512667E-08  0.28802216E+01       660       682      2673
   0.96712667E-08  0.28862167E+01       660       681      2673
   0.96912667E-08  0.28922118E+01       659       681      2673
   0.97112667E-08  0.28982069E+01       659       681      2673
   0.97312667E-08  0.29042020E+01       657       681      2673
   0.97512667E-08  0.29101972E+01       657       681      2673
   0.97712667E-08  0.29161923E+01       657       680      2673
   0.97912667E-08  0.29221874E+01       657       679      2673
   0.98112667E-08  0.29281826E+01       657       678      2673
   0.98312667E-08  0.29341777E+01       657       678      2673
   0.98512667E-08  0.29401729E+01       657       678      2673
   0.98712667E-08  0.29461680E+01       657       678      2673
   0.98912667E-08  0.29521632E+01       657       678      2673
   0.99112667E-08  0.29581584E+01       657       677      2673
   0.99312667E-08  0.29641536E+01       656       677      2673
   0.99512667E-08  0.29701487E+01       656       676      2673
   0.99712667E-08  0.29761439E+01       656       676      2673
   0.99912667E-08  0.29821391E+01       655       676      2673
   0.10011267E-07  0.29881343E+01       655       676      2673
   0.10031267E-07  0.29941295E+01       655       676      2673
   0.10051267E-07  0.30001247E+01       655       676      2673
