  -0.1870682E-05   0.4240535E+01   0.2633373E+03   0.1020894E-06   0.1086195E-07   0.5110055E+06   0.6761214E+00
  -0.1749993E-05   0.2026981E+02   0.1258755E+04   0.1122934E-06   0.2309711E-07   0.5110056E+06   0.5046888E+00
  -0.1629304E-05   0.5041586E+02   0.3130826E+04   0.1151372E-06   0.2254414E-07   0.5110056E+06   0.4679438E+00
  -0.1508615E-05   0.9197854E+02   0.5711869E+04   0.1195907E-06   0.2307234E-07   0.5110056E+06   0.4752844E+00
  -0.1387925E-05   0.1432073E+03   0.8893174E+04   0.1176209E-06   0.2250795E-07   0.5110056E+06   0.4445169E+00
  -0.1267236E-05   0.2014392E+03   0.1250938E+05   0.1219863E-06   0.2279136E-07   0.5110056E+06   0.5017449E+00
  -0.1146547E-05   0.2633583E+03   0.1635456E+05   0.1192627E-06   0.2336606E-07   0.5110056E+06   0.4795952E+00
  -0.1025858E-05   0.3244087E+03   0.2014579E+05   0.1201804E-06   0.2300443E-07   0.5110056E+06   0.5101473E+00
  -0.9051688E-06   0.3816031E+03   0.2369756E+05   0.1195012E-06   0.2289954E-07   0.5110056E+06   0.4908427E+00
  -0.7844796E-06   0.4320585E+03   0.2683084E+05   0.1208181E-06   0.2282527E-07   0.5110056E+06   0.4940728E+00
  -0.6637904E-06   0.4709501E+03   0.2924601E+05   0.1196746E-06   0.2316806E-07   0.5110056E+06   0.5089628E+00
  -0.5431013E-06   0.4990643E+03   0.3099190E+05   0.1210001E-06   0.2291429E-07   0.5110056E+06   0.5150633E+00
  -0.4224121E-06   0.5109123E+03   0.3172766E+05   0.1211086E-06   0.2295225E-07   0.5110056E+06   0.5331104E+00
  -0.3017229E-06   0.5133202E+03   0.3187719E+05   0.1199156E-06   0.2290904E-07   0.5110056E+06   0.4949449E+00
  -0.1810338E-06   0.5142875E+03   0.3193726E+05   0.1200784E-06   0.2310986E-07   0.5110056E+06   0.5028066E+00
  -0.6034459E-07   0.5140928E+03   0.3192518E+05   0.1211084E-06   0.2297589E-07   0.5110056E+06   0.5117497E+00
   0.6034459E-07   0.5137575E+03   0.3190435E+05   0.1201952E-06   0.2288954E-07   0.5110056E+06   0.5047927E+00
   0.1810338E-06   0.5138195E+03   0.3190820E+05   0.1191824E-06   0.2282567E-07   0.5110056E+06   0.4927576E+00
   0.3017229E-06   0.5139331E+03   0.3191525E+05   0.1202384E-06   0.2299363E-07   0.5110056E+06   0.5084607E+00
   0.4224121E-06   0.5120870E+03   0.3180062E+05   0.1202313E-06   0.2283245E-07   0.5110056E+06   0.5109755E+00
   0.5431013E-06   0.5033946E+03   0.3126081E+05   0.1202740E-06   0.2319310E-07   0.5110056E+06   0.5045321E+00
   0.6637904E-06   0.4792610E+03   0.2976212E+05   0.1205167E-06   0.2298661E-07   0.5110056E+06   0.5132063E+00
   0.7844796E-06   0.4435083E+03   0.2754187E+05   0.1206552E-06   0.2283299E-07   0.5110056E+06   0.5066382E+00
   0.9051688E-06   0.3947546E+03   0.2451427E+05   0.1201271E-06   0.2303370E-07   0.5110056E+06   0.5062231E+00
   0.1025858E-05   0.3393296E+03   0.2107237E+05   0.1196756E-06   0.2292603E-07   0.5110056E+06   0.4988225E+00
   0.1146547E-05   0.2798710E+03   0.1738000E+05   0.1195380E-06   0.2277317E-07   0.5110056E+06   0.5002011E+00
   0.1267236E-05   0.2175215E+03   0.1350809E+05   0.1216877E-06   0.2337559E-07   0.5110056E+06   0.5036381E+00
   0.1387925E-05   0.1580918E+03   0.9817504E+04   0.1184715E-06   0.2268630E-07   0.5110056E+06   0.4772364E+00
   0.1508615E-05   0.1040156E+03   0.6459372E+04   0.1191415E-06   0.2276885E-07   0.5110056E+06   0.5381243E+00
   0.1629304E-05   0.5944963E+02   0.3691823E+04   0.1162913E-06   0.2285333E-07   0.5110056E+06   0.4545174E+00
   0.1749993E-05   0.2624179E+02   0.1629615E+04   0.1141886E-06   0.2150487E-07   0.5110056E+06   0.4828017E+00
   0.1870682E-05   0.5356431E+01   0.3326345E+03   0.1041460E-06   0.2418683E-07   0.5110055E+06   0.5938592E+00
