!New distance (slightly different from previous one) 11/04/2010:
! L0Aentrance = 1.485m instead of 1.5m
! all components before L0B exit are same as MAD deck May 2010 version
!Input file for LCLS injector beamline to BC1, both dipole and quads using  Enge function fringe field.
! 25 Jan 2007
!
1 1
0.5e-12   1000000   1
6 300004 1  0  2 1 0.02
!
64 64  128  1 0.015  0.015    45
!
16 0  0 400  14.0e-12
!input particle coordinates
!for 16
0.0006  0.000  0.0     1.      1.      0.0       0.
0.0006  0.000  0.0     1.      1.      0.0       0.
1.27e-6 0.0  0.0     1.      1.        0.0e-6   0.000

!for 18
!  0.0006        0.0009  0.0     1.      1.      0.0       0.
!  0.0006        0.0009  0.0     1.      1.      0.0       0.
!  3.0e-6           0.0  0.0     1.5e-6 2.5e-6   0.0e-6   0.001978
!
0.714 1.0 0.511005e+06 -1.0 2856.0e6  0.0
!
!Basic commands
!0.0       1     1     -99    1.0    1.0   1.0 /
!0.0       1     1     -4     0.25   1.0   0.25 4.5e-12 /
!0.0       1     1     -1     0.02   1.0   0.02 0.0 0.0 0.0 0.0 /
!0.0       1     60    -2     0.02   1.0   0.02 /
!0.0       1    100    -3     4.55   1.0   4.55 /
!0.0       1     1     -5     4.60   1.0   4.60 /
!0.0       1     1     -8     8.392  0.0   8.392 /
!
0.0       1     1     -4     0.25   1.0   0.25 0.5e-12 /
!**************************1.5 cell gun ************************
0.150   10 20 105 0.0 47.e6 2856.0e6 293.54 201.0 0.15 0.0 0.0 0.0 0.0 0.0 0.0 / name:GUN
0.49308 10 20 105 0.0 0.0 0.0 0.0 102.0 0.15 0.0 0.0 0.0 0.0 0.0 0.2430 / name:SOL1
0.072 10 20 000 1.387 0.15 /
!
!**************************** L0A begin **************************
0.026 10 20 000 1.459 0.15 /
0.0 0 1 -6 1.0 1.0 1.485000 4.527856 11.6e-3 29.2e-3 35e-3 /
!to get 63.6MeV
0.052464 10 20 105 1.485000 25.9056120e6 2856.0e6 258.50 4.0 0.15 0.0 0.0 0.0 0.0 0.0 0.0 / name:L0A_entrance
2.937928 10 20 105 1.537464 29.9132247e6 2856.0e6 288.50 5.0 0.15 0.0 0.0 0.0 0.0 0.0 0.0 / name:L0A_body_1
2.937928 10 20 105 1.537464 29.9132247e6 2856.0e6 348.50 6.0 0.15 0.0 0.0 0.0 0.0 0.0 0.0 / name:L0A_body_2
0.052464 10 20 105 4.475392 25.9056120e6 2856.0e6 258.50 7.0 0.15 0.0 0.0 0.0 0.0 0.0 0.0 / name:L0A_exit
0.026 10 20 000 4.527856 0.15 /
!***************************** L0A exit ***************************
!
0.0 1 41 -2 4.553856 1.0 4.553856 / name:WRITE_BEAM_41_L0AEXIT
0.199 10 20 0 4.553856 0.15 / 
!! -----------QA01-----------------
0.204    10 20 1   4.752856    1.8524   0.108 0.016 0.0 0.0 0.0 0.0 0.0 /  name:QA01
0.124    10 20 0   4.956856    0.15 /
!
! -----------QA02-----------------
0.2040   10 20 1   5.080856    -1.8267  0.108 0.016 0.0 0.0 0.0 0.0 0.0 / name:QA02
0.0179   10 20 0   5.284856    0.15 /
!
!***************************** L0B begin ***************************
0.026 10 20 0 5.302756 0.15 /
0.0 0 1 -6 1.0 1.0 5.328756 8.371612 11.6e-3 29.2e-3 35e-3 /
!to get 135MeV
0.052464 10 20 105 5.328756 32.055209e6 2856.0e6 400.50 4.0 0.15 0.0 0.0 0.0 0.0 0.0 0.0 / name:L0B_entrance
2.937928 10 20 105 5.381220 37.014168e6 2856.0e6 430.50 5.0 0.15 0.0 0.0 0.0 0.0 0.0 0.0 / name:L0B_body_1
2.937928 10 20 105 5.381220 37.014168e6 2856.0e6 490.50 6.0 0.15 0.0 0.0 0.0 0.0 0.0 0.0 / name:L0B_body_2
0.052464 10 20 105 8.319148 32.055209e6 2856.0e6 400.50 7.0 0.15 0.0 0.0 0.0 0.0 0.0 0.0 / name:L0B_exit
0.026 10 20 0 8.371612 0.15 /
!***************************** L0B exit ****************************
!
0.000 10 20 0 8.3976120 0.15 /
0.0 1 42 -2 0 0 8.3976120 / name:WRITE_BEAM_42_L0AEXIT
!
!QE01/BPM6
0.191200 10 20 1 8.397612 0.1872 0.108 0.016 0.0 0.0 0.0 0.0 0.0 / name:QE01
0.203913 10 20 0 8.588812 0.15 /
!
!QE02/BPM7
0.204000 10 20 1 8.792725 0.1661 0.108 0.016 0.0 0.0 0.0 0.0 0.0 /  name:QE02
!
0.079330 10 20 0 8.996725 0.15 /
!
!LH begins
1.609800 10 20 0 9.076055 0.15 / !LH begins
!LH ends
!
0.122901 10 20 0 10.685855 0.15 /
!
!TCAV0
0.668024 10 20 0 10.808756 0.15 /
0.000740 10 20 0 11.476780 0.15 /
!
!QE03
0.178000 10 20 1 11.477520 -2.6409  0.108 0.016 0.0 0.0 0.0 0.0 0.0 / name:QE03
0.126900 10 20 0 11.655520 0.15 /
!
!XC/YC07
0.000000 10 20 0 11.782420 0.15 /
0.088499 10 20 0 11.782420 0.15 /
!
!QE04
0.204000 10 20 1 11.870919 2.98 0.108 0.016 0.0 0.0 0.0 0.0 0.0 /  name:QE04
0.095688 10 20 0 12.074919 0.15 /
!
!WS01
0.000000 10 20 0 12.170607 0.15 /
!
0.151968 10 20 0 12.170607 0.15 /
!OTR1
!
1.761761 10 20 0 12.322575 0.15 / name:OTR1
!
!WS02
0.000000 10 20 0 14.084336 0.15 /
0.151968 10 20 0 14.084336 0.15 /
!
!OTR2
0.163810 10 20 0 14.236304 0.15 / name:OTR2
0.0 1 43 -2 0 0 14.236304 / name:WRITE_BEAM_43_OTR2
!
!BPM10
0.000000 10 20 0 14.400114 0.15 /
1.597930 10 20 0 14.400114 0.15 /
!
!WS03
0.151968 10 20 0 15.998044 0.15 / name:WS03
!
!OTR3
!
0.102806 10 20 0 16.150000 0.15 / name:OTR3
!
!QM01 and BPM11
0.204000 10 20 1 16.252800 -6.772664 0.108 0.016 0.0 0.0 0.0 0.0 0.0 /  
0.099872 10 20 0 16.456800 0.15 /
!
!XC08/YC08
0.183330 10 20 0 16.556672 0.15 /
!
!VV04
!all above same as MAD and similar to yuandao. 
0.0 1 1 -99 16.7 1.0 16.7 /




