1.0
0.0
0.0
0.0
0.0
119
-0.5
0.5
1.0
 0.7774767424474756
 0.23253237424178586
 -1.9070323979031382E-9
 -0.42710257957487874
 2.1413046548201025E-9
 -0.30093157394457315
 -1.1444738983168482E-9
 0.035398941846520586
 -1.9411416555172346E-9
 0.033479784169581486
 -7.649903278475465E-9
 -0.02283495461020959
 -5.466981417299303E-9
 0.05457508886453294
 2.639844929331936E-8
 0.06411873890938567
 1.7512633779687037E-8
 -0.00412977516991468
 -4.290455935200144E-8
 -0.012674903550166263
 -4.283285963006252E-8
 0.005050813462840096
 7.809241228404945E-9
 -0.011927693053041493
 6.618082143720727E-8
 -0.018033908158015005
 6.834487777860782E-8
 -0.0005894915704595187
 1.1846220528349857E-8
 0.003243242943394602
 -9.299358510507576E-8
 -0.0018516390886289004
 -1.318927457288069E-7
 0.0027870377714171377
 1.9269246243755093E-8
 0.005183587872533553
 8.595759996750828E-8
 0.00041087693492099226
 5.3945400105601516E-8
 -0.0008054613172875586
 -1.4999841778847815E-8
 0.0007122445156993001
 7.146855482130538E-8
 -0.0008304272839493528
 1.7667936120909496E-9
 -0.001749861610656289
 -2.901247445934266E-8
 -0.0003239437395985153
 -7.459769578447771E-8
 0.00009913663488005458
 5.022918380450825E-8
 -0.00038537324470075434
 -6.71365156434564E-9
 0.00018872779762181657
 -6.012047663540091E-8
 0.0005598225071255841
 2.222373786677076E-8
 0.00011219947026961867
 1.4902456275548653E-7
 -0.00010583136276548906
 3.217865860913164E-8
 0.000045054294041039014
 -1.2159093065431578E-7
 -0.00010025488856722172
 9.023385058337407E-8
 -0.0002146117388609689
 -8.605130602421587E-8
 -0.00008637874485762413
 4.4105886867587864E-8
 0.00003742564227358436
 1.0335402858156445E-7
 -0.00000970701626656485
 -5.904788383367593E-8
 -0.000016048170781043427
 -3.011126458527902E-8
 0.000004263609593585545
 -3.9769665387758654E-8
 0.000001641932584888441
 -2.2245248324412826E-8
 -0.00002780698520008888
 6.198034127999089E-8
 -0.000021673749100553995
 7.772589627317118E-8
 -0.000030031674969871317
 -4.989011527475136E-8
 -0.000023689279417507198
 -8.543701030567775E-8
 -0.000014268291388081278
 -4.196451876783395E-8
 0.000014686427169334657
 2.796693228545392E-8
 -0.00003555927731870788
 3.688617088374032E-8
 -0.000043154999839419076
 -5.5214130453877386E-8
 0.000011771357960118444
 7.026331428785867E-8
 0.000023271449637925998
 1.6920637067366003E-7
 -0.00003149236897372803
 1.2734851893009325E-7
 -0.000004232798208536051
 -1.039669724943842E-7
 0.0000256789397172339
 -3.595199822969148E-8
 -0.00001164927327474581
 -1.1104240535329727E-7
 -0.00006193039863671687
 -8.902707933323249E-8
 -0.00003727482270076559
 -5.9385367950606E-9
 -0.0000030837753238919735
 1.675763323857714E-7
 0.000019016198739633673
 4.9712325826875585E-8
 -0.0000010665904480011907
 1.1462601453278758E-7
 -0.00001513022792864536
 -6.004241093208009E-8
