1.0
0.0
0.0
0.0
0.0
119
-0.5
0.5
1.0
 0.00007774767410288813
 0.00002325323746203541
 -2.1650588770104606E-13
 -0.00004271025774594372
 3.693939899666559E-13
 -0.000030093157256854045
 1.4901689548579338E-13
 0.000003539894084393377
 -1.3439712890484575E-13
 0.0000033479782136244166
 -9.48655950444171E-13
 -0.0000022834955065981927
 -6.578595952906588E-13
 0.0000054575089651392404
 2.6661978617321474E-12
 0.0000064118738570390346
 1.7628407871502882E-12
 -4.129778733911809E-7
 -4.317804611697107E-12
 -0.0000012674907227907651
 -4.308294435115518E-12
 5.050815132662831E-7
 7.389381619601376E-13
 -0.00000119276865992921
 6.635166695613804E-12
 -0.0000018033902943570084
 6.910274811926725E-12
 -5.894919698446722E-8
 1.2160073206454866E-12
 3.2432384991256224E-7
 -9.301594319844514E-12
 -1.8516417474031434E-7
 -1.3205725827018007E-11
 2.7870400274118696E-7
 1.912563967587608E-12
 5.183589006819355E-7
 8.619039768648554E-12
 4.1087251051642044E-8
 5.389676216517688E-12
 -8.054651112506215E-8
 -1.5856092398946516E-12
 7.122467491914455E-8
 7.062049708795046E-12
 -8.304223036334342E-8
 2.3205874685908693E-13
 -1.7498577744298064E-7
 -2.7660165198156313E-12
 -3.239423652290057E-8
 -7.340519460042606E-12
 9.913296438804845E-9
 5.088490160888103E-12
 -3.853793560764297E-8
 -8.058092345693899E-13
 1.887258317300852E-8
 -6.327345032776464E-12
 5.598246998693552E-8
 2.0664886679569554E-12
 1.122019104731442E-8
 1.509241883313949E-11
 -1.0582951074030579E-8
 3.382610386422705E-12
 4.505609906136198E-9
 -1.2167833177097516E-11
 -1.002550583649581E-8
 9.207563311493677E-12
 -2.1461553238116265E-8
 -8.349939559490367E-12
 -8.638172103292116E-9
 4.282593072687284E-12
 3.742760686325028E-9
 9.979026681657801E-12
 -9.70413214369569E-10
 -5.972791437059479E-12
 -1.604826726216138E-9
 -2.826310878119519E-12
 4.263993918626449E-10
 -3.9655147989416645E-12
 1.6440249398287984E-10
 -2.374279152016604E-12
 -2.7809143378804998E-9
 6.213880352659484E-12
 -2.1678933324515146E-9
 7.951118996580567E-12
 -3.0031633127404807E-9
 -4.871659276056145E-12
 -2.36847237981E-9
 -8.555104425120782E-12
 -1.426611285601315E-9
 -4.2814053038521726E-12
 1.4685042811729914E-9
 2.65107133725352E-12
 -3.556111434610616E-9
 3.5925329120425727E-12
 -4.315581711299453E-9
 -5.4093246738427954E-12
 1.1771231069987527E-9
 7.19990051125359E-12
 2.3271345202038263E-9
 1.692931240363442E-11
 -3.149125704682712E-9
 1.2677871469299543E-11
 -4.2316879533659717E-10
 -1.0417937361109822E-11
 2.5677455079824217E-9
 -3.6255041469364597E-12
 -1.165088331663263E-9
 -1.1149989058481753E-11
 -6.192902917484035E-9
 -8.942387019902139E-12
 -3.727358184171936E-9
 -5.735357269739884E-13
 -3.08405269197495E-10
 1.6857596114046E-11
 1.90177686875527E-9
 5.0251765547313174E-12
 -1.0662614417024217E-10
 1.1399955623449518E-11
 -1.5135293704991836E-9
 -5.995187695772036E-12
