 1.0
 0.0
 0.0
 0.0
 0.0
 47
 -0.637
 0.163
 0.8 
 -0.9733991775195028
 -0.02576564791949497
 -8.217119620800969E-9
 0.4496236994604555
 5.290658371838579E-9
 -0.0445957056471905
 1.7710609975233204E-8
 -0.03928015078683939
 -1.2012291192754596E-8
 -0.009491000637286997
 9.038601945354873E-9
 0.016341922620349964
 -6.680320563019266E-9
 0.010604384714346611
 2.853978876240512E-8
 -0.00958907071687328
 -4.57540330652834E-8
 0.00766643999412975
 -7.575884020700016E-8
 -0.0015290465346281669
 4.9464479147643E-8
 0.0010363014716282723
 1.0004403518078748E-7
 0.0015501389563468257
 -7.330645386368421E-8
 -0.0008123938934744698
 -2.3930996184509782E-8
 0.0017684484933701576
 8.118994773884068E-8
 -0.0005303612864350699
 1.4127551913734544E-8
 0.0008932376535350454
 -5.068198544262372E-8
 0.00022414151287303605
 -4.440334750488029E-9
 0.0004209378142036489
 -2.7225702480017518E-8
 0.00020808736584233042
 3.4852344130496083E-8
 0.00024781756170612145
 8.317467021652885E-8
 0.00031754498762788676
 3.388302346639867E-8
 0.0003170939364936149
 2.719357419356497E-8
 0.00016155703275144552
 2.9048066103589887E-8
