   0.10000000E-11  -0.13954431E-02  -0.19311571E-05   0.10071980E-02   0.33177987E-05   0.50176087E-03   0.36100767E-08   0.50535967E-06
   0.20000000E-11  -0.10958507E-02  -0.19311013E-05   0.10071980E-02   0.68654627E-05   0.50317473E-03   0.35651058E-08   0.50678404E-06
   0.30000000E-11  -0.79625842E-03  -0.19309656E-05   0.10071980E-02   0.17915501E-04   0.51487695E-03   0.33964256E-08   0.51857189E-06
   0.40000000E-11  -0.49666609E-03  -0.19305963E-05   0.10071979E-02   0.49519192E-04   0.59758952E-03   0.29618697E-08   0.60188363E-06
   0.50000000E-11  -0.19707377E-03  -0.19295871E-05   0.10071979E-02   0.13477919E-03   0.99691877E-03   0.18091229E-08   0.10040929E-05
   0.60000000E-11   0.10251855E-03  -0.19269746E-05   0.10071979E-02   0.34227105E-03   0.21394979E-02  -0.10564601E-08   0.21548975E-05
   0.70000000E-11   0.40211087E-03  -0.19209147E-05   0.10071979E-02   0.76430026E-03   0.43762661E-02  -0.62764021E-08   0.44077617E-05
   0.80000000E-11   0.70170318E-03  -0.19088925E-05   0.10071981E-02   0.14310152E-02   0.78624271E-02  -0.16409353E-07   0.79190043E-05
   0.90000000E-11   0.10012955E-02  -0.18890835E-05   0.10071984E-02   0.21862274E-02   0.12594375E-01  -0.54261124E-07   0.12684919E-04
   0.10000000E-10   0.13008877E-02  -0.18627568E-05   0.10071993E-02   0.26211728E-02   0.18611536E-01  -0.11432938E-06   0.18745178E-04
   0.11000000E-10   0.16004800E-02  -0.18371299E-05   0.10072005E-02   0.20584384E-02   0.26159418E-01  -0.90036868E-07   0.26347624E-04
   0.12000000E-10   0.19000721E-02  -0.18280405E-05   0.10072006E-02  -0.39865629E-03   0.34892479E-01   0.61313547E-07   0.35143672E-04
   0.13000000E-10   0.21996641E-02  -0.18600195E-05   0.10071990E-02  -0.54408739E-02   0.45271183E-01   0.22854484E-06   0.45596519E-04
   0.14000000E-10   0.24992559E-02  -0.19653972E-05   0.10071959E-02  -0.13801674E-01   0.56388013E-01   0.33474167E-06   0.56792791E-04
   0.15000000E-10   0.27988473E-02  -0.21843881E-05   0.10071917E-02  -0.26187292E-01   0.67078785E-01   0.44246679E-06   0.67559746E-04
   0.16000000E-10   0.30984384E-02  -0.25613707E-05   0.10071866E-02  -0.42651816E-01   0.77113482E-01   0.49322410E-06   0.77666098E-04
   0.17000000E-10   0.33980288E-02  -0.31390373E-05   0.10071817E-02  -0.62833321E-01   0.85883286E-01   0.39409216E-06   0.86499180E-04
   0.18000000E-10   0.36976184E-02  -0.39562477E-05   0.10071781E-02  -0.86393843E-01   0.92326424E-01   0.27341135E-06   0.92988749E-04
   0.19000000E-10   0.39972069E-02  -0.50469793E-05   0.10071752E-02  -0.11277982E+00   0.96009402E-01   0.25037858E-06   0.96697967E-04
   0.20000000E-10   0.42967941E-02  -0.64366706E-05   0.10071726E-02  -0.14098553E+00   0.97534634E-01   0.23450854E-06   0.98233930E-04
   0.21000000E-10   0.45963796E-02  -0.81398828E-05   0.10071706E-02  -0.17003050E+00   0.97762872E-01   0.13957715E-06   0.98463787E-04
   0.22000000E-10   0.48959631E-02  -0.10162661E-04   0.10071697E-02  -0.19934009E+00   0.97146702E-01   0.18305843E-07   0.97843213E-04
   0.23000000E-10   0.51955444E-02  -0.12506001E-04   0.10071701E-02  -0.22856675E+00   0.96294973E-01  -0.97681225E-07   0.96985371E-04
   0.24000000E-10   0.54951230E-02  -0.15168185E-04   0.10071718E-02  -0.25756289E+00   0.95670192E-01  -0.21007768E-06   0.96356091E-04
   0.25000000E-10   0.57946986E-02  -0.18146845E-04   0.10071747E-02  -0.28635698E+00   0.95349290E-01  -0.31709297E-06   0.96032867E-04
   0.26000000E-10   0.60942710E-02  -0.21440253E-04   0.10071787E-02  -0.31503771E+00   0.95216387E-01  -0.41964253E-06   0.95898997E-04
   0.27000000E-10   0.63938397E-02  -0.25047521E-04   0.10071838E-02  -0.34366946E+00   0.95166282E-01  -0.52002993E-06   0.95848526E-04
   0.28000000E-10   0.66934045E-02  -0.28968277E-04   0.10071900E-02  -0.37228247E+00   0.95147633E-01  -0.61958652E-06   0.95829740E-04
   0.29000000E-10   0.69929651E-02  -0.33202381E-04   0.10071973E-02  -0.40088850E+00   0.95140239E-01  -0.71885983E-06   0.95822292E-04
   0.30000000E-10   0.72925210E-02  -0.37749780E-04   0.10072056E-02  -0.42949181E+00   0.95136742E-01  -0.81803089E-06   0.95818770E-04
   0.31000000E-10   0.75920721E-02  -0.42610451E-04   0.10072151E-02  -0.45809390E+00   0.95134503E-01  -0.91715740E-06   0.95816515E-04
   0.32000000E-10   0.78916179E-02  -0.47784385E-04   0.10072256E-02  -0.48669525E+00   0.95132615E-01  -0.10162685E-05   0.95814613E-04
   0.33000000E-10   0.81911581E-02  -0.53271574E-04   0.10072372E-02  -0.51529600E+00   0.95130761E-01  -0.11153699E-05   0.95812746E-04
   0.34000000E-10   0.84906924E-02  -0.59072012E-04   0.10072498E-02  -0.54389617E+00   0.95128832E-01  -0.12144629E-05   0.95810803E-04
   0.35000000E-10   0.87902205E-02  -0.65185691E-04   0.10072636E-02  -0.57249575E+00   0.95126801E-01  -0.13135479E-05   0.95808757E-04
   0.36000000E-10   0.90897420E-02  -0.71612606E-04   0.10072784E-02  -0.60109470E+00   0.95124665E-01  -0.14126250E-05   0.95806606E-04
   0.37000000E-10   0.93892566E-02  -0.78352750E-04   0.10072943E-02  -0.62969299E+00   0.95122426E-01  -0.15116938E-05   0.95804350E-04
   0.38000000E-10   0.96887641E-02  -0.85406114E-04   0.10073113E-02  -0.65829059E+00   0.95120082E-01  -0.16107537E-05   0.95801990E-04
   0.39000000E-10   0.99882640E-02  -0.92772691E-04   0.10073293E-02  -0.68688747E+00   0.95117634E-01  -0.17098044E-05   0.95799525E-04
   0.40000000E-10   0.10287756E-01  -0.10045247E-03   0.10073484E-02  -0.71548361E+00   0.95115082E-01  -0.18088454E-05   0.95796955E-04
   0.41000000E-10   0.10587240E-01  -0.10844545E-03   0.10073687E-02  -0.74407896E+00   0.95112427E-01  -0.19078763E-05   0.95794280E-04
   0.42000000E-10   0.10886715E-01  -0.11675162E-03   0.10073899E-02  -0.77267349E+00   0.95109667E-01  -0.20068966E-05   0.95791501E-04
   0.43000000E-10   0.11186182E-01  -0.12537097E-03   0.10074123E-02  -0.80126718E+00   0.95106803E-01  -0.21059059E-05   0.95788616E-04
   0.44000000E-10   0.11485639E-01  -0.13430348E-03   0.10074357E-02  -0.82986000E+00   0.95103835E-01  -0.22049039E-05   0.95785627E-04
   0.45000000E-10   0.11785087E-01  -0.14354916E-03   0.10074602E-02  -0.85845190E+00   0.95100764E-01  -0.23038899E-05   0.95782534E-04
   0.46000000E-10   0.12084525E-01  -0.15310799E-03   0.10074858E-02  -0.88704287E+00   0.95097588E-01  -0.24028637E-05   0.95779335E-04
   0.47000000E-10   0.12383952E-01  -0.16297995E-03   0.10075125E-02  -0.91563287E+00   0.95094308E-01  -0.25018248E-05   0.95776032E-04
   0.48000000E-10   0.12683370E-01  -0.17316504E-03   0.10075402E-02  -0.94422187E+00   0.95090924E-01  -0.26007728E-05   0.95772624E-04
   0.49000000E-10   0.12982776E-01  -0.18366325E-03   0.10075690E-02  -0.97280983E+00   0.95087436E-01  -0.26997071E-05   0.95769111E-04
   0.50000000E-10   0.13282171E-01  -0.19447457E-03   0.10075989E-02  -0.10013967E+01   0.95083845E-01  -0.27986275E-05   0.95765494E-04
   0.51000000E-10   0.13581555E-01  -0.20559898E-03   0.10076299E-02  -0.10299825E+01   0.95080149E-01  -0.28975334E-05   0.95761771E-04
   0.52000000E-10   0.13880927E-01  -0.21703647E-03   0.10076619E-02  -0.10585672E+01   0.95076349E-01  -0.29964244E-05   0.95757944E-04
   0.53000000E-10   0.14180287E-01  -0.22878703E-03   0.10076950E-02  -0.10871507E+01   0.95072445E-01  -0.30953001E-05   0.95754013E-04
   0.54000000E-10   0.14479635E-01  -0.24085065E-03   0.10077292E-02  -0.11157331E+01   0.95068438E-01  -0.31941601E-05   0.95749976E-04
   0.55000000E-10   0.14778969E-01  -0.25322731E-03   0.10077644E-02  -0.11443142E+01   0.95064326E-01  -0.32930039E-05   0.95745835E-04
   0.56000000E-10   0.15078291E-01  -0.26591700E-03   0.10078008E-02  -0.11728940E+01   0.95060110E-01  -0.33918311E-05   0.95741590E-04
   0.57000000E-10   0.15377599E-01  -0.27891971E-03   0.10078382E-02  -0.12014726E+01   0.95055791E-01  -0.34906412E-05   0.95737239E-04
   0.58000000E-10   0.15676894E-01  -0.29223542E-03   0.10078766E-02  -0.12300499E+01   0.95051367E-01  -0.35894339E-05   0.95732784E-04
   0.59000000E-10   0.15976174E-01  -0.30586412E-03   0.10079162E-02  -0.12586258E+01   0.95046840E-01  -0.36882087E-05   0.95728224E-04
   0.60000000E-10   0.16275440E-01  -0.31980578E-03   0.10079568E-02  -0.12872003E+01   0.95042208E-01  -0.37869651E-05   0.95723559E-04
   0.61000000E-10   0.16574691E-01  -0.33406041E-03   0.10079985E-02  -0.13157735E+01   0.95037473E-01  -0.38857028E-05   0.95718790E-04
   0.62000000E-10   0.16873927E-01  -0.34862797E-03   0.10080412E-02  -0.13443452E+01   0.95032634E-01  -0.39844213E-05   0.95713916E-04
   0.63000000E-10   0.17173148E-01  -0.36350847E-03   0.10080851E-02  -0.13729154E+01   0.95027690E-01  -0.40831201E-05   0.95708938E-04
   0.64000000E-10   0.17472353E-01  -0.37870187E-03   0.10081300E-02  -0.14014841E+01   0.95022643E-01  -0.41817989E-05   0.95703854E-04
   0.65000000E-10   0.17771542E-01  -0.39420816E-03   0.10081759E-02  -0.14300513E+01   0.95017492E-01  -0.42804572E-05   0.95698666E-04
   0.66000000E-10   0.18070714E-01  -0.41002733E-03   0.10082230E-02  -0.14586169E+01   0.95012237E-01  -0.43790946E-05   0.95693374E-04
   0.67000000E-10   0.18369870E-01  -0.42615935E-03   0.10082711E-02  -0.14871810E+01   0.95006878E-01  -0.44777106E-05   0.95687976E-04
   0.68000000E-10   0.18669009E-01  -0.44260422E-03   0.10083202E-02  -0.15157434E+01   0.95001415E-01  -0.45763048E-05   0.95682475E-04
   0.69000000E-10   0.18968130E-01  -0.45936191E-03   0.10083705E-02  -0.15443041E+01   0.94995848E-01  -0.46748768E-05   0.95676868E-04
   0.70000000E-10   0.19267234E-01  -0.47643241E-03   0.10084218E-02  -0.15728632E+01   0.94990178E-01  -0.47734261E-05   0.95671157E-04
   0.71000000E-10   0.19566320E-01  -0.49381569E-03   0.10084742E-02  -0.16014205E+01   0.94984403E-01  -0.48719524E-05   0.95665341E-04
   0.72000000E-10   0.19865387E-01  -0.51151173E-03   0.10085276E-02  -0.16299761E+01   0.94978525E-01  -0.49704552E-05   0.95659421E-04
   0.73000000E-10   0.20164436E-01  -0.52952053E-03   0.10085821E-02  -0.16585299E+01   0.94972543E-01  -0.50689340E-05   0.95653395E-04
   0.74000000E-10   0.20463465E-01  -0.54784205E-03   0.10086377E-02  -0.16870819E+01   0.94966456E-01  -0.51673884E-05   0.95647266E-04
   0.75000000E-10   0.20762476E-01  -0.56647628E-03   0.10086944E-02  -0.17156320E+01   0.94960266E-01  -0.52658180E-05   0.95641032E-04
   0.76000000E-10   0.21061467E-01  -0.58542319E-03   0.10087521E-02  -0.17441803E+01   0.94953973E-01  -0.53642224E-05   0.95634693E-04
   0.77000000E-10   0.21360437E-01  -0.60468277E-03   0.10088108E-02  -0.17727267E+01   0.94947575E-01  -0.54626012E-05   0.95628249E-04
   0.78000000E-10   0.21659388E-01  -0.62425500E-03   0.10088707E-02  -0.18012711E+01   0.94941073E-01  -0.55609538E-05   0.95621701E-04
   0.79000000E-10   0.21958318E-01  -0.64413985E-03   0.10089316E-02  -0.18298135E+01   0.94934468E-01  -0.56592799E-05   0.95615049E-04
   0.80000000E-10   0.22257227E-01  -0.66433731E-03   0.10089936E-02  -0.18583540E+01   0.94927759E-01  -0.57575791E-05   0.95608291E-04
   0.81000000E-10   0.22556114E-01  -0.68484734E-03   0.10090566E-02  -0.18868924E+01   0.94920946E-01  -0.58558508E-05   0.95601430E-04
   0.82000000E-10   0.22854980E-01  -0.70566993E-03   0.10091207E-02  -0.19154288E+01   0.94914029E-01  -0.59540948E-05   0.95594463E-04
   0.83000000E-10   0.23153824E-01  -0.72680506E-03   0.10091858E-02  -0.19439630E+01   0.94907008E-01  -0.60523105E-05   0.95587393E-04
   0.84000000E-10   0.23452646E-01  -0.74825270E-03   0.10092520E-02  -0.19724952E+01   0.94899884E-01  -0.61504975E-05   0.95580217E-04
   0.85000000E-10   0.23751445E-01  -0.77001283E-03   0.10093193E-02  -0.20010251E+01   0.94892656E-01  -0.62486555E-05   0.95572937E-04
   0.86000000E-10   0.24050221E-01  -0.79208542E-03   0.10093877E-02  -0.20295529E+01   0.94885324E-01  -0.63467839E-05   0.95565553E-04
   0.87000000E-10   0.24348974E-01  -0.81447045E-03   0.10094571E-02  -0.20580785E+01   0.94877888E-01  -0.64448823E-05   0.95558064E-04
   0.88000000E-10   0.24647704E-01  -0.83716790E-03   0.10095275E-02  -0.20866018E+01   0.94870349E-01  -0.65429503E-05   0.95550471E-04
   0.89000000E-10   0.24946409E-01  -0.86017774E-03   0.10095990E-02  -0.21151229E+01   0.94862705E-01  -0.66409876E-05   0.95542773E-04
   0.90000000E-10   0.25245091E-01  -0.88349994E-03   0.10096716E-02  -0.21436416E+01   0.94854958E-01  -0.67389935E-05   0.95534970E-04
   0.91000000E-10   0.25543747E-01  -0.90713449E-03   0.10097452E-02  -0.21721580E+01   0.94847108E-01  -0.68369678E-05   0.95527063E-04
   0.92000000E-10   0.25842379E-01  -0.93108135E-03   0.10098199E-02  -0.22006720E+01   0.94839153E-01  -0.69349100E-05   0.95519052E-04
   0.93000000E-10   0.26140986E-01  -0.95534050E-03   0.10098957E-02  -0.22291836E+01   0.94831095E-01  -0.70328197E-05   0.95510936E-04
   0.94000000E-10   0.26439567E-01  -0.97991191E-03   0.10099725E-02  -0.22576927E+01   0.94822933E-01  -0.71306964E-05   0.95502716E-04
   0.95000000E-10   0.26738122E-01  -0.10047956E-02   0.10100503E-02  -0.22861994E+01   0.94814667E-01  -0.72285397E-05   0.95494391E-04
   0.96000000E-10   0.27036651E-01  -0.10299914E-02   0.10101292E-02  -0.23147036E+01   0.94806298E-01  -0.73263492E-05   0.95485962E-04
   0.97000000E-10   0.27335154E-01  -0.10554994E-02   0.10102092E-02  -0.23432053E+01   0.94797825E-01  -0.74241244E-05   0.95477429E-04
   0.98000000E-10   0.27633630E-01  -0.10813196E-02   0.10102902E-02  -0.23717044E+01   0.94789248E-01  -0.75218650E-05   0.95468791E-04
   0.99000000E-10   0.27932078E-01  -0.11074519E-02   0.10103723E-02  -0.24002009E+01   0.94780568E-01  -0.76195705E-05   0.95460048E-04
   0.10000000E-09   0.28230499E-01  -0.11338963E-02   0.10104554E-02  -0.24286947E+01   0.94771784E-01  -0.77172404E-05   0.95451201E-04
   0.10100000E-09   0.28528893E-01  -0.11606528E-02   0.10105396E-02  -0.24571860E+01   0.94762897E-01  -0.78148744E-05   0.95442250E-04
   0.10200000E-09   0.28827258E-01  -0.11877213E-02   0.10106248E-02  -0.24856745E+01   0.94753905E-01  -0.79124720E-05   0.95433195E-04
   0.10300000E-09   0.29125594E-01  -0.12151018E-02   0.10107111E-02  -0.25141603E+01   0.94744810E-01  -0.80100328E-05   0.95424035E-04
   0.10400000E-09   0.29423902E-01  -0.12427943E-02   0.10107984E-02  -0.25426434E+01   0.94735612E-01  -0.81075564E-05   0.95414770E-04
   0.10500000E-09   0.29722181E-01  -0.12707988E-02   0.10108868E-02  -0.25711237E+01   0.94726310E-01  -0.82050423E-05   0.95405402E-04
   0.10600000E-09   0.30020430E-01  -0.12991151E-02   0.10109762E-02  -0.25996011E+01   0.94716904E-01  -0.83024901E-05   0.95395929E-04
   0.10700000E-09   0.30318650E-01  -0.13277434E-02   0.10110667E-02  -0.26280758E+01   0.94707395E-01  -0.83998994E-05   0.95386352E-04
   0.10800000E-09   0.30616839E-01  -0.13566835E-02   0.10111582E-02  -0.26565475E+01   0.94697782E-01  -0.84972697E-05   0.95376670E-04
   0.10900000E-09   0.30914998E-01  -0.13859354E-02   0.10112508E-02  -0.26850164E+01   0.94688066E-01  -0.85946007E-05   0.95366884E-04
   0.11000000E-09   0.31213126E-01  -0.14154991E-02   0.10113444E-02  -0.27134823E+01   0.94678246E-01  -0.86918920E-05   0.95356994E-04
   0.11100000E-09   0.31511223E-01  -0.14453746E-02   0.10114390E-02  -0.27419452E+01   0.94668322E-01  -0.87891429E-05   0.95346999E-04
   0.11200000E-09   0.31809289E-01  -0.14755618E-02   0.10115347E-02  -0.27704052E+01   0.94658295E-01  -0.88863533E-05   0.95336901E-04
   0.11300000E-09   0.32107323E-01  -0.15060607E-02   0.10116315E-02  -0.27988621E+01   0.94648164E-01  -0.89835226E-05   0.95326698E-04
   0.11400000E-09   0.32405325E-01  -0.15368712E-02   0.10117293E-02  -0.28273159E+01   0.94637930E-01  -0.90806504E-05   0.95316390E-04
   0.11500000E-09   0.32703295E-01  -0.15679934E-02   0.10118281E-02  -0.28557667E+01   0.94627593E-01  -0.91777362E-05   0.95305979E-04
   0.11600000E-09   0.33001232E-01  -0.15994272E-02   0.10119280E-02  -0.28842144E+01   0.94617152E-01  -0.92747798E-05   0.95295463E-04
   0.11700000E-09   0.33299135E-01  -0.16311725E-02   0.10120289E-02  -0.29126588E+01   0.94606607E-01  -0.93717805E-05   0.95284843E-04
   0.11800000E-09   0.33597006E-01  -0.16632293E-02   0.10121308E-02  -0.29411001E+01   0.94595959E-01  -0.94687381E-05   0.95274119E-04
   0.11900000E-09   0.33894843E-01  -0.16955977E-02   0.10122338E-02  -0.29695382E+01   0.94585208E-01  -0.95656521E-05   0.95263290E-04
   0.12000000E-09   0.34192645E-01  -0.17282775E-02   0.10123378E-02  -0.29979731E+01   0.94574353E-01  -0.96625220E-05   0.95252358E-04
   0.12100000E-09   0.34490414E-01  -0.17612687E-02   0.10124429E-02  -0.30264046E+01   0.94563394E-01  -0.97593475E-05   0.95241321E-04
   0.12200000E-09   0.34788148E-01  -0.17945713E-02   0.10125490E-02  -0.30548329E+01   0.94552332E-01  -0.98561281E-05   0.95230180E-04
   0.12300000E-09   0.35085846E-01  -0.18281852E-02   0.10126561E-02  -0.30832578E+01   0.94541167E-01  -0.99528634E-05   0.95218935E-04
   0.12400000E-09   0.35383510E-01  -0.18621104E-02   0.10127643E-02  -0.31116793E+01   0.94529899E-01  -0.10049553E-04   0.95207586E-04
   0.12500000E-09   0.35681138E-01  -0.18963469E-02   0.10128735E-02  -0.31400975E+01   0.94518527E-01  -0.10146196E-04   0.95196133E-04
   0.12600000E-09   0.35978729E-01  -0.19308947E-02   0.10129837E-02  -0.31685121E+01   0.94507051E-01  -0.10242793E-04   0.95184575E-04
   0.12700000E-09   0.36276285E-01  -0.19657536E-02   0.10130950E-02  -0.31969234E+01   0.94495473E-01  -0.10339343E-04   0.95172914E-04
   0.12800000E-09   0.36573804E-01  -0.20009237E-02   0.10132072E-02  -0.32253311E+01   0.94483791E-01  -0.10435845E-04   0.95161148E-04
   0.12900000E-09   0.36871286E-01  -0.20364049E-02   0.10133206E-02  -0.32537353E+01   0.94472005E-01  -0.10532300E-04   0.95149279E-04
   0.13000000E-09   0.37168731E-01  -0.20721972E-02   0.10134349E-02  -0.32821360E+01   0.94460117E-01  -0.10628706E-04   0.95137305E-04
   0.13100000E-09   0.37466138E-01  -0.21083005E-02   0.10135503E-02  -0.33105330E+01   0.94448125E-01  -0.10725064E-04   0.95125227E-04
   0.13200000E-09   0.37763507E-01  -0.21447149E-02   0.10136667E-02  -0.33389265E+01   0.94436029E-01  -0.10821372E-04   0.95113046E-04
   0.13300000E-09   0.38060838E-01  -0.21814401E-02   0.10137842E-02  -0.33673163E+01   0.94423831E-01  -0.10917631E-04   0.95100760E-04
   0.13400000E-09   0.38358130E-01  -0.22184764E-02   0.10139026E-02  -0.33957024E+01   0.94411529E-01  -0.11013840E-04   0.95088370E-04
   0.13500000E-09   0.38655384E-01  -0.22558235E-02   0.10140221E-02  -0.34240848E+01   0.94399124E-01  -0.11109999E-04   0.95075876E-04
   0.13600000E-09   0.38952598E-01  -0.22934814E-02   0.10141426E-02  -0.34524634E+01   0.94386616E-01  -0.11206107E-04   0.95063279E-04
   0.13700000E-09   0.39249773E-01  -0.23314501E-02   0.10142642E-02  -0.34808383E+01   0.94374004E-01  -0.11302164E-04   0.95050577E-04
   0.13800000E-09   0.39546908E-01  -0.23697296E-02   0.10143867E-02  -0.35092094E+01   0.94361289E-01  -0.11398169E-04   0.95037771E-04
   0.13900000E-09   0.39844002E-01  -0.24083198E-02   0.10145103E-02  -0.35375766E+01   0.94348472E-01  -0.11494122E-04   0.95024862E-04
   0.14000000E-09   0.40141056E-01  -0.24472207E-02   0.10146349E-02  -0.35659400E+01   0.94335550E-01  -0.11590022E-04   0.95011848E-04
   0.14100000E-09   0.40438070E-01  -0.24864322E-02   0.10147605E-02  -0.35942994E+01   0.94322526E-01  -0.11685870E-04   0.94998731E-04
   0.14200000E-09   0.40735042E-01  -0.25259543E-02   0.10148872E-02  -0.36226549E+01   0.94309399E-01  -0.11781664E-04   0.94985509E-04
   0.14300000E-09   0.41031973E-01  -0.25657869E-02   0.10150148E-02  -0.36510065E+01   0.94296168E-01  -0.11877405E-04   0.94972184E-04
   0.14400000E-09   0.41328861E-01  -0.26059301E-02   0.10151435E-02  -0.36793541E+01   0.94282834E-01  -0.11973091E-04   0.94958755E-04
   0.14500000E-09   0.41625708E-01  -0.26463837E-02   0.10152732E-02  -0.37076976E+01   0.94269398E-01  -0.12068723E-04   0.94945222E-04
   0.14600000E-09   0.41922512E-01  -0.26871477E-02   0.10154039E-02  -0.37360371E+01   0.94255858E-01  -0.12164300E-04   0.94931585E-04
   0.14700000E-09   0.42219274E-01  -0.27282220E-02   0.10155356E-02  -0.37643725E+01   0.94242215E-01  -0.12259822E-04   0.94917845E-04
   0.14800000E-09   0.42515992E-01  -0.27696067E-02   0.10156683E-02  -0.37927038E+01   0.94228469E-01  -0.12355288E-04   0.94904000E-04
   0.14900000E-09   0.42812667E-01  -0.28113017E-02   0.10158021E-02  -0.38210310E+01   0.94214619E-01  -0.12450697E-04   0.94890052E-04
   0.15000000E-09   0.43109298E-01  -0.28533069E-02   0.10159368E-02  -0.38493539E+01   0.94200667E-01  -0.12546050E-04   0.94876000E-04
   0.15100000E-09   0.43405885E-01  -0.28956223E-02   0.10160726E-02  -0.38776727E+01   0.94186612E-01  -0.12641346E-04   0.94861845E-04
   0.15200000E-09   0.43702428E-01  -0.29382479E-02   0.10162094E-02  -0.39059872E+01   0.94172454E-01  -0.12736584E-04   0.94847585E-04
   0.15300000E-09   0.43998925E-01  -0.29811835E-02   0.10163471E-02  -0.39342975E+01   0.94158193E-01  -0.12831764E-04   0.94833222E-04
   0.15400000E-09   0.44295378E-01  -0.30244292E-02   0.10164859E-02  -0.39626034E+01   0.94143829E-01  -0.12926886E-04   0.94818755E-04
   0.15500000E-09   0.44591786E-01  -0.30679848E-02   0.10166257E-02  -0.39909050E+01   0.94129362E-01  -0.13021950E-04   0.94804185E-04
   0.15600000E-09   0.44888147E-01  -0.31118505E-02   0.10167665E-02  -0.40192022E+01   0.94114791E-01  -0.13116954E-04   0.94789510E-04
   0.15700000E-09   0.45184463E-01  -0.31560260E-02   0.10169083E-02  -0.40474951E+01   0.94100118E-01  -0.13211899E-04   0.94774732E-04
   0.15800000E-09   0.45480732E-01  -0.32005114E-02   0.10170511E-02  -0.40757835E+01   0.94085343E-01  -0.13306783E-04   0.94759851E-04
   0.15900000E-09   0.45776955E-01  -0.32453066E-02   0.10171949E-02  -0.41040675E+01   0.94070464E-01  -0.13401608E-04   0.94744866E-04
   0.16000000E-09   0.46073131E-01  -0.32904115E-02   0.10173397E-02  -0.41323470E+01   0.94055482E-01  -0.13496371E-04   0.94729777E-04
   0.16100000E-09   0.46369259E-01  -0.33358262E-02   0.10174855E-02  -0.41606219E+01   0.94040398E-01  -0.13591073E-04   0.94714585E-04
   0.16200000E-09   0.46665339E-01  -0.33815505E-02   0.10176323E-02  -0.41888923E+01   0.94025210E-01  -0.13685714E-04   0.94699289E-04
   0.16300000E-09   0.46961372E-01  -0.34275844E-02   0.10177801E-02  -0.42171581E+01   0.94009920E-01  -0.13780293E-04   0.94683889E-04
   0.16400000E-09   0.47257356E-01  -0.34739279E-02   0.10179289E-02  -0.42454193E+01   0.93994527E-01  -0.13874809E-04   0.94668386E-04
   0.16500000E-09   0.47553292E-01  -0.35205809E-02   0.10180787E-02  -0.42736759E+01   0.93979031E-01  -0.13969262E-04   0.94652779E-04
   0.16600000E-09   0.47849179E-01  -0.35675433E-02   0.10182295E-02  -0.43019278E+01   0.93963433E-01  -0.14063652E-04   0.94637069E-04
   0.16700000E-09   0.48145016E-01  -0.36148152E-02   0.10183812E-02  -0.43301750E+01   0.93947731E-01  -0.14157978E-04   0.94621256E-04
   0.16800000E-09   0.48440804E-01  -0.36623964E-02   0.10185340E-02  -0.43584175E+01   0.93931927E-01  -0.14252240E-04   0.94605338E-04
   0.16900000E-09   0.48736542E-01  -0.37102869E-02   0.10186878E-02  -0.43866551E+01   0.93916020E-01  -0.14346438E-04   0.94589318E-04
   0.17000000E-09   0.49032230E-01  -0.37584866E-02   0.10188425E-02  -0.44148880E+01   0.93900011E-01  -0.14440571E-04   0.94573194E-04
   0.17100000E-09   0.49327867E-01  -0.38069956E-02   0.10189982E-02  -0.44431161E+01   0.93883899E-01  -0.14534638E-04   0.94556966E-04
   0.17200000E-09   0.49623453E-01  -0.38558136E-02   0.10191549E-02  -0.44713393E+01   0.93867684E-01  -0.14628640E-04   0.94540636E-04
   0.17300000E-09   0.49918988E-01  -0.39049408E-02   0.10193127E-02  -0.44995576E+01   0.93851366E-01  -0.14722575E-04   0.94524201E-04
   0.17400000E-09   0.50214472E-01  -0.39543770E-02   0.10194713E-02  -0.45277710E+01   0.93834946E-01  -0.14816444E-04   0.94507664E-04
   0.17500000E-09   0.50509904E-01  -0.40041222E-02   0.10196310E-02  -0.45559794E+01   0.93818423E-01  -0.14910246E-04   0.94491023E-04
   0.17600000E-09   0.50805283E-01  -0.40541764E-02   0.10197917E-02  -0.45841829E+01   0.93801798E-01  -0.15003980E-04   0.94474278E-04
   0.17700000E-09   0.51100610E-01  -0.41045394E-02   0.10199533E-02  -0.46123813E+01   0.93785070E-01  -0.15097647E-04   0.94457431E-04
   0.17800000E-09   0.51395884E-01  -0.41552112E-02   0.10201159E-02  -0.46405747E+01   0.93768239E-01  -0.15191245E-04   0.94440480E-04
   0.17900000E-09   0.51691105E-01  -0.42061918E-02   0.10202795E-02  -0.46687631E+01   0.93751306E-01  -0.15284775E-04   0.94423426E-04
   0.18000000E-09   0.51986273E-01  -0.42574811E-02   0.10204441E-02  -0.46969463E+01   0.93734270E-01  -0.15378236E-04   0.94406268E-04
   0.18100000E-09   0.52281386E-01  -0.43090790E-02   0.10206096E-02  -0.47251244E+01   0.93717132E-01  -0.15471627E-04   0.94389007E-04
   0.18200000E-09   0.52576446E-01  -0.43609855E-02   0.10207761E-02  -0.47532973E+01   0.93699891E-01  -0.15564948E-04   0.94371643E-04
   0.18300000E-09   0.52871451E-01  -0.44132006E-02   0.10209436E-02  -0.47814650E+01   0.93682548E-01  -0.15658200E-04   0.94354176E-04
   0.18400000E-09   0.53166402E-01  -0.44657242E-02   0.10211121E-02  -0.48096275E+01   0.93665103E-01  -0.15751380E-04   0.94336606E-04
   0.18500000E-09   0.53461297E-01  -0.45185561E-02   0.10212815E-02  -0.48377847E+01   0.93647555E-01  -0.15844490E-04   0.94318932E-04
   0.18600000E-09   0.53756137E-01  -0.45716965E-02   0.10214519E-02  -0.48659366E+01   0.93629904E-01  -0.15937528E-04   0.94301156E-04
   0.18700000E-09   0.54050921E-01  -0.46251451E-02   0.10216233E-02  -0.48940833E+01   0.93612151E-01  -0.16030494E-04   0.94283276E-04
   0.18800000E-09   0.54345649E-01  -0.46789020E-02   0.10217957E-02  -0.49222245E+01   0.93594296E-01  -0.16123388E-04   0.94265293E-04
   0.18900000E-09   0.54640321E-01  -0.47329671E-02   0.10219690E-02  -0.49503604E+01   0.93576339E-01  -0.16216209E-04   0.94247207E-04
   0.19000000E-09   0.54934936E-01  -0.47873403E-02   0.10221433E-02  -0.49784909E+01   0.93558279E-01  -0.16308957E-04   0.94229018E-04
   0.19100000E-09   0.55229494E-01  -0.48420216E-02   0.10223185E-02  -0.50066159E+01   0.93540116E-01  -0.16401631E-04   0.94210726E-04
   0.19200000E-09   0.55523994E-01  -0.48970109E-02   0.10224947E-02  -0.50347354E+01   0.93521852E-01  -0.16494232E-04   0.94192331E-04
   0.19300000E-09   0.55818437E-01  -0.49523081E-02   0.10226719E-02  -0.50628495E+01   0.93503485E-01  -0.16586758E-04   0.94173833E-04
   0.19400000E-09   0.56112822E-01  -0.50079132E-02   0.10228500E-02  -0.50909580E+01   0.93485016E-01  -0.16679209E-04   0.94155231E-04
   0.19500000E-09   0.56407149E-01  -0.50638262E-02   0.10230291E-02  -0.51190609E+01   0.93466445E-01  -0.16771586E-04   0.94136527E-04
   0.19600000E-09   0.56701417E-01  -0.51200469E-02   0.10232091E-02  -0.51471582E+01   0.93447771E-01  -0.16863887E-04   0.94117720E-04
   0.19700000E-09   0.56995626E-01  -0.51765754E-02   0.10233901E-02  -0.51752499E+01   0.93428995E-01  -0.16956111E-04   0.94098810E-04
   0.19800000E-09   0.57289776E-01  -0.52334115E-02   0.10235720E-02  -0.52033360E+01   0.93410118E-01  -0.17048260E-04   0.94079797E-04
   0.19900000E-09   0.57583866E-01  -0.52905551E-02   0.10237549E-02  -0.52314164E+01   0.93391137E-01  -0.17140332E-04   0.94060682E-04
   0.20000000E-09   0.57877896E-01  -0.53480063E-02   0.10239388E-02  -0.52594910E+01   0.93372055E-01  -0.17232327E-04   0.94041463E-04
   0.20100000E-09   0.58171866E-01  -0.54057650E-02   0.10241236E-02  -0.52875599E+01   0.93352871E-01  -0.17324244E-04   0.94022141E-04
   0.20200000E-09   0.58465776E-01  -0.54638310E-02   0.10243093E-02  -0.53156230E+01   0.93333585E-01  -0.17416083E-04   0.94002717E-04
   0.20300000E-09   0.58759624E-01  -0.55222044E-02   0.10244960E-02  -0.53436803E+01   0.93314196E-01  -0.17507844E-04   0.93983190E-04
   0.20400000E-09   0.59053412E-01  -0.55808850E-02   0.10246837E-02  -0.53717317E+01   0.93294706E-01  -0.17599526E-04   0.93963560E-04
   0.20500000E-09   0.59347138E-01  -0.56398729E-02   0.10248723E-02  -0.53997773E+01   0.93275113E-01  -0.17691129E-04   0.93943827E-04
   0.20600000E-09   0.59640802E-01  -0.56991679E-02   0.10250618E-02  -0.54278169E+01   0.93255418E-01  -0.17782652E-04   0.93923992E-04
   0.20700000E-09   0.59934404E-01  -0.57587699E-02   0.10252523E-02  -0.54558507E+01   0.93235622E-01  -0.17874096E-04   0.93904054E-04
   0.20800000E-09   0.60227943E-01  -0.58186790E-02   0.10254437E-02  -0.54838784E+01   0.93215723E-01  -0.17965459E-04   0.93884013E-04
   0.20900000E-09   0.60521419E-01  -0.58788950E-02   0.10256361E-02  -0.55119002E+01   0.93195723E-01  -0.18056741E-04   0.93863870E-04
   0.21000000E-09   0.60814833E-01  -0.59394179E-02   0.10258294E-02  -0.55399159E+01   0.93175620E-01  -0.18147942E-04   0.93843623E-04
   0.21100000E-09   0.61108183E-01  -0.60002476E-02   0.10260236E-02  -0.55679256E+01   0.93155416E-01  -0.18239062E-04   0.93823275E-04
   0.21200000E-09   0.61401469E-01  -0.60613840E-02   0.10262188E-02  -0.55959292E+01   0.93135110E-01  -0.18330099E-04   0.93802823E-04
   0.21300000E-09   0.61694691E-01  -0.61228272E-02   0.10264149E-02  -0.56239266E+01   0.93114702E-01  -0.18421055E-04   0.93782269E-04
   0.21400000E-09   0.61987849E-01  -0.61845769E-02   0.10266119E-02  -0.56519179E+01   0.93094192E-01  -0.18511927E-04   0.93761613E-04
   0.21500000E-09   0.62280942E-01  -0.62466332E-02   0.10268098E-02  -0.56799031E+01   0.93073580E-01  -0.18602717E-04   0.93740854E-04
   0.21600000E-09   0.62573970E-01  -0.63089959E-02   0.10270087E-02  -0.57078820E+01   0.93052867E-01  -0.18693423E-04   0.93719992E-04
   0.21700000E-09   0.62866932E-01  -0.63716651E-02   0.10272086E-02  -0.57358547E+01   0.93032052E-01  -0.18784045E-04   0.93699028E-04
   0.21800000E-09   0.63159829E-01  -0.64346406E-02   0.10274093E-02  -0.57638211E+01   0.93011135E-01  -0.18874582E-04   0.93677961E-04
   0.21900000E-09   0.63452660E-01  -0.64979223E-02   0.10276110E-02  -0.57917812E+01   0.92990116E-01  -0.18965035E-04   0.93656792E-04
   0.22000000E-09   0.63745424E-01  -0.65615103E-02   0.10278136E-02  -0.58197350E+01   0.92968996E-01  -0.19055403E-04   0.93635521E-04
   0.22100000E-09   0.64038122E-01  -0.66254044E-02   0.10280171E-02  -0.58476824E+01   0.92947774E-01  -0.19145685E-04   0.93614147E-04
   0.22200000E-09   0.64330753E-01  -0.66896045E-02   0.10282215E-02  -0.58756234E+01   0.92926450E-01  -0.19235882E-04   0.93592671E-04
   0.22300000E-09   0.64623316E-01  -0.67541107E-02   0.10284269E-02  -0.59035580E+01   0.92905025E-01  -0.19325992E-04   0.93571092E-04
   0.22400000E-09   0.64915812E-01  -0.68189227E-02   0.10286332E-02  -0.59314861E+01   0.92883498E-01  -0.19416015E-04   0.93549412E-04
   0.22500000E-09   0.65208240E-01  -0.68840407E-02   0.10288404E-02  -0.59594077E+01   0.92861869E-01  -0.19505952E-04   0.93527628E-04
   0.22600000E-09   0.65500600E-01  -0.69494644E-02   0.10290485E-02  -0.59873228E+01   0.92840139E-01  -0.19595801E-04   0.93505743E-04
   0.22700000E-09   0.65792891E-01  -0.70151938E-02   0.10292575E-02  -0.60152314E+01   0.92818307E-01  -0.19685561E-04   0.93483755E-04
   0.22800000E-09   0.66085113E-01  -0.70812288E-02   0.10294675E-02  -0.60431334E+01   0.92796374E-01  -0.19775234E-04   0.93461665E-04
   0.22900000E-09   0.66377266E-01  -0.71475694E-02   0.10296783E-02  -0.60710288E+01   0.92774340E-01  -0.19864818E-04   0.93439473E-04
   0.23000000E-09   0.66669349E-01  -0.72142155E-02   0.10298901E-02  -0.60989176E+01   0.92752204E-01  -0.19954313E-04   0.93417179E-04
   0.23100000E-09   0.66961363E-01  -0.72811670E-02   0.10301027E-02  -0.61267996E+01   0.92729966E-01  -0.20043719E-04   0.93394782E-04
   0.23200000E-09   0.67253307E-01  -0.73484238E-02   0.10303163E-02  -0.61546750E+01   0.92707627E-01  -0.20133034E-04   0.93372283E-04
   0.23300000E-09   0.67545179E-01  -0.74159859E-02   0.10305308E-02  -0.61825437E+01   0.92685187E-01  -0.20222260E-04   0.93349683E-04
   0.23400000E-09   0.67836982E-01  -0.74838533E-02   0.10307461E-02  -0.62104055E+01   0.92662645E-01  -0.20311395E-04   0.93326980E-04
   0.23500000E-09   0.68128713E-01  -0.75520257E-02   0.10309624E-02  -0.62382606E+01   0.92640002E-01  -0.20400439E-04   0.93304175E-04
   0.23600000E-09   0.68420372E-01  -0.76205032E-02   0.10311796E-02  -0.62661089E+01   0.92617258E-01  -0.20489391E-04   0.93281268E-04
   0.23700000E-09   0.68711960E-01  -0.76892856E-02   0.10313977E-02  -0.62939503E+01   0.92594412E-01  -0.20578252E-04   0.93258259E-04
   0.23800000E-09   0.69003476E-01  -0.77583730E-02   0.10316166E-02  -0.63217848E+01   0.92571465E-01  -0.20667020E-04   0.93235148E-04
   0.23900000E-09   0.69294919E-01  -0.78277652E-02   0.10318365E-02  -0.63496125E+01   0.92548417E-01  -0.20755696E-04   0.93211935E-04
   0.24000000E-09   0.69586289E-01  -0.78974621E-02   0.10320573E-02  -0.63774331E+01   0.92525268E-01  -0.20844280E-04   0.93188620E-04
   0.24100000E-09   0.69877587E-01  -0.79674637E-02   0.10322789E-02  -0.64052468E+01   0.92502017E-01  -0.20932769E-04   0.93165203E-04
   0.24200000E-09   0.70168811E-01  -0.80377698E-02   0.10325015E-02  -0.64330535E+01   0.92478665E-01  -0.21021165E-04   0.93141685E-04
   0.24300000E-09   0.70459961E-01  -0.81083805E-02   0.10327249E-02  -0.64608532E+01   0.92455213E-01  -0.21109467E-04   0.93118064E-04
   0.24400000E-09   0.70751038E-01  -0.81792957E-02   0.10329492E-02  -0.64886458E+01   0.92431659E-01  -0.21197675E-04   0.93094342E-04
   0.24500000E-09   0.71042040E-01  -0.82505152E-02   0.10331744E-02  -0.65164313E+01   0.92408004E-01  -0.21285787E-04   0.93070518E-04
   0.24600000E-09   0.71332967E-01  -0.83220390E-02   0.10334005E-02  -0.65442097E+01   0.92384248E-01  -0.21373804E-04   0.93046592E-04
   0.24700000E-09   0.71623820E-01  -0.83938670E-02   0.10336275E-02  -0.65719809E+01   0.92360390E-01  -0.21461726E-04   0.93022564E-04
   0.24800000E-09   0.71914597E-01  -0.84659991E-02   0.10338554E-02  -0.65997449E+01   0.92336432E-01  -0.21549552E-04   0.92998434E-04
   0.24900000E-09   0.72205299E-01  -0.85384352E-02   0.10340841E-02  -0.66275017E+01   0.92312373E-01  -0.21637281E-04   0.92974203E-04
   0.25000000E-09   0.72495925E-01  -0.86111754E-02   0.10343137E-02  -0.66552513E+01   0.92288213E-01  -0.21724913E-04   0.92949870E-04
   0.25100000E-09   0.72786474E-01  -0.86842194E-02   0.10345442E-02  -0.66829936E+01   0.92263952E-01  -0.21812449E-04   0.92925436E-04
   0.25200000E-09   0.73076947E-01  -0.87575672E-02   0.10347756E-02  -0.67107285E+01   0.92239590E-01  -0.21899886E-04   0.92900900E-04
   0.25300000E-09   0.73367343E-01  -0.88312188E-02   0.10350078E-02  -0.67384562E+01   0.92215127E-01  -0.21987226E-04   0.92876262E-04
   0.25400000E-09   0.73657662E-01  -0.89051740E-02   0.10352409E-02  -0.67661764E+01   0.92190564E-01  -0.22074468E-04   0.92851523E-04
   0.25500000E-09   0.73947903E-01  -0.89794328E-02   0.10354749E-02  -0.67938893E+01   0.92165899E-01  -0.22161610E-04   0.92826682E-04
   0.25600000E-09   0.74238067E-01  -0.90539950E-02   0.10357097E-02  -0.68215947E+01   0.92141134E-01  -0.22248654E-04   0.92801740E-04
   0.25700000E-09   0.74528153E-01  -0.91288607E-02   0.10359455E-02  -0.68492927E+01   0.92116268E-01  -0.22335598E-04   0.92776696E-04
   0.25800000E-09   0.74818160E-01  -0.92040297E-02   0.10361820E-02  -0.68769832E+01   0.92091301E-01  -0.22422442E-04   0.92751550E-04
   0.25900000E-09   0.75108088E-01  -0.92795019E-02   0.10364195E-02  -0.69046662E+01   0.92066234E-01  -0.22509187E-04   0.92726304E-04
   0.26000000E-09   0.75397937E-01  -0.93552773E-02   0.10366578E-02  -0.69323416E+01   0.92041066E-01  -0.22595830E-04   0.92700956E-04
   0.26100000E-09   0.75687707E-01  -0.94313558E-02   0.10368969E-02  -0.69600094E+01   0.92015797E-01  -0.22682373E-04   0.92675506E-04
   0.26200000E-09   0.75977397E-01  -0.95077372E-02   0.10371370E-02  -0.69876696E+01   0.91990427E-01  -0.22768814E-04   0.92649955E-04
   0.26300000E-09   0.76267007E-01  -0.95844216E-02   0.10373778E-02  -0.70153222E+01   0.91964957E-01  -0.22855153E-04   0.92624303E-04
   0.26400000E-09   0.76556536E-01  -0.96614088E-02   0.10376196E-02  -0.70429671E+01   0.91939387E-01  -0.22941391E-04   0.92598549E-04
   0.26500000E-09   0.76845985E-01  -0.97386987E-02   0.10378622E-02  -0.70706043E+01   0.91913715E-01  -0.23027525E-04   0.92572695E-04
   0.26600000E-09   0.77135353E-01  -0.98162913E-02   0.10381056E-02  -0.70982338E+01   0.91887944E-01  -0.23113557E-04   0.92546739E-04
   0.26700000E-09   0.77424640E-01  -0.98941864E-02   0.10383499E-02  -0.71258555E+01   0.91862071E-01  -0.23199486E-04   0.92520681E-04
   0.26800000E-09   0.77713845E-01  -0.99723841E-02   0.10385950E-02  -0.71534694E+01   0.91836099E-01  -0.23285311E-04   0.92494523E-04
   0.26900000E-09   0.78002968E-01  -0.10050884E-01   0.10388410E-02  -0.71810755E+01   0.91810026E-01  -0.23371032E-04   0.92468264E-04
   0.27000000E-09   0.78292009E-01  -0.10129686E-01   0.10390878E-02  -0.72086737E+01   0.91783852E-01  -0.23456649E-04   0.92441903E-04
   0.27100000E-09   0.78580968E-01  -0.10208791E-01   0.10393355E-02  -0.72362641E+01   0.91757578E-01  -0.23542161E-04   0.92415441E-04
   0.27200000E-09   0.78869843E-01  -0.10288198E-01   0.10395840E-02  -0.72638465E+01   0.91731204E-01  -0.23627568E-04   0.92388878E-04
   0.27300000E-09   0.79158635E-01  -0.10367907E-01   0.10398334E-02  -0.72914210E+01   0.91704730E-01  -0.23712870E-04   0.92362214E-04
   0.27400000E-09   0.79447344E-01  -0.10447917E-01   0.10400835E-02  -0.73189875E+01   0.91678155E-01  -0.23798065E-04   0.92335449E-04
   0.27500000E-09   0.79735969E-01  -0.10528230E-01   0.10403346E-02  -0.73465460E+01   0.91651480E-01  -0.23883154E-04   0.92308584E-04
   0.27600000E-09   0.80024510E-01  -0.10608844E-01   0.10405864E-02  -0.73740965E+01   0.91624704E-01  -0.23968137E-04   0.92281617E-04
   0.27700000E-09   0.80312966E-01  -0.10689761E-01   0.10408391E-02  -0.74016389E+01   0.91597829E-01  -0.24053013E-04   0.92254549E-04
   0.27800000E-09   0.80601337E-01  -0.10770978E-01   0.10410926E-02  -0.74291733E+01   0.91570853E-01  -0.24137781E-04   0.92227380E-04
   0.27900000E-09   0.80889624E-01  -0.10852498E-01   0.10413470E-02  -0.74566995E+01   0.91543777E-01  -0.24222442E-04   0.92200111E-04
   0.28000000E-09   0.81177825E-01  -0.10934318E-01   0.10416022E-02  -0.74842175E+01   0.91516601E-01  -0.24306995E-04   0.92172741E-04
   0.28100000E-09   0.81465940E-01  -0.11016440E-01   0.10418582E-02  -0.75117274E+01   0.91489325E-01  -0.24391439E-04   0.92145270E-04
   0.28200000E-09   0.81753969E-01  -0.11098864E-01   0.10421150E-02  -0.75392290E+01   0.91461949E-01  -0.24475774E-04   0.92117698E-04
   0.28300000E-09   0.82041912E-01  -0.11181588E-01   0.10423727E-02  -0.75667224E+01   0.91434473E-01  -0.24560000E-04   0.92090025E-04
   0.28400000E-09   0.82329768E-01  -0.11264614E-01   0.10426311E-02  -0.75942075E+01   0.91406897E-01  -0.24644117E-04   0.92062252E-04
   0.28500000E-09   0.82617538E-01  -0.11347940E-01   0.10428904E-02  -0.76216843E+01   0.91379220E-01  -0.24728124E-04   0.92034378E-04
   0.28600000E-09   0.82905220E-01  -0.11431568E-01   0.10431505E-02  -0.76491528E+01   0.91351444E-01  -0.24812020E-04   0.92006403E-04
   0.28700000E-09   0.83192814E-01  -0.11515496E-01   0.10434115E-02  -0.76766129E+01   0.91323568E-01  -0.24895806E-04   0.91978328E-04
   0.28800000E-09   0.83480320E-01  -0.11599725E-01   0.10436732E-02  -0.77040647E+01   0.91295593E-01  -0.24979480E-04   0.91950152E-04
   0.28900000E-09   0.83767739E-01  -0.11684254E-01   0.10439357E-02  -0.77315079E+01   0.91267517E-01  -0.25063044E-04   0.91921875E-04
   0.29000000E-09   0.84055068E-01  -0.11769085E-01   0.10441991E-02  -0.77589428E+01   0.91239341E-01  -0.25146495E-04   0.91893498E-04
   0.29100000E-09   0.84342309E-01  -0.11854215E-01   0.10444633E-02  -0.77863691E+01   0.91211066E-01  -0.25229835E-04   0.91865021E-04
   0.29200000E-09   0.84629460E-01  -0.11939646E-01   0.10447282E-02  -0.78137870E+01   0.91182691E-01  -0.25313062E-04   0.91836443E-04
   0.29300000E-09   0.84916522E-01  -0.12025377E-01   0.10449940E-02  -0.78411963E+01   0.91154216E-01  -0.25396176E-04   0.91807765E-04
   0.29400000E-09   0.85203495E-01  -0.12111408E-01   0.10452606E-02  -0.78685970E+01   0.91125642E-01  -0.25479177E-04   0.91778986E-04
   0.29500000E-09   0.85490377E-01  -0.12197740E-01   0.10455280E-02  -0.78959891E+01   0.91096968E-01  -0.25562064E-04   0.91750107E-04
   0.29600000E-09   0.85777169E-01  -0.12284371E-01   0.10457962E-02  -0.79233726E+01   0.91068194E-01  -0.25644837E-04   0.91721127E-04
   0.29700000E-09   0.86063869E-01  -0.12371302E-01   0.10460651E-02  -0.79507474E+01   0.91039321E-01  -0.25727497E-04   0.91692047E-04
   0.29800000E-09   0.86350479E-01  -0.12458533E-01   0.10463349E-02  -0.79781135E+01   0.91010348E-01  -0.25810041E-04   0.91662867E-04
   0.29900000E-09   0.86636998E-01  -0.12546064E-01   0.10466055E-02  -0.80054709E+01   0.90981275E-01  -0.25892470E-04   0.91633587E-04
   0.30000000E-09   0.86923425E-01  -0.12633894E-01   0.10468768E-02  -0.80328195E+01   0.90952104E-01  -0.25974784E-04   0.91604207E-04
   0.30100000E-09   0.87209759E-01  -0.12722024E-01   0.10471490E-02  -0.80601594E+01   0.90922832E-01  -0.26056983E-04   0.91574726E-04
   0.30200000E-09   0.87496002E-01  -0.12810453E-01   0.10474219E-02  -0.80874904E+01   0.90893461E-01  -0.26139065E-04   0.91545145E-04
   0.30300000E-09   0.87782152E-01  -0.12899181E-01   0.10476956E-02  -0.81148126E+01   0.90863991E-01  -0.26221031E-04   0.91515464E-04
   0.30400000E-09   0.88068208E-01  -0.12988209E-01   0.10479702E-02  -0.81421259E+01   0.90834422E-01  -0.26302880E-04   0.91485683E-04
   0.30500000E-09   0.88354172E-01  -0.13077536E-01   0.10482454E-02  -0.81694303E+01   0.90804753E-01  -0.26384612E-04   0.91455802E-04
   0.30600000E-09   0.88640042E-01  -0.13167161E-01   0.10485215E-02  -0.81967258E+01   0.90774984E-01  -0.26466226E-04   0.91425821E-04
   0.30700000E-09   0.88925818E-01  -0.13257086E-01   0.10487984E-02  -0.82240123E+01   0.90745117E-01  -0.26547722E-04   0.91395740E-04
   0.30800000E-09   0.89211500E-01  -0.13347310E-01   0.10490760E-02  -0.82512898E+01   0.90715150E-01  -0.26629100E-04   0.91365559E-04
   0.30900000E-09   0.89497088E-01  -0.13437832E-01   0.10493544E-02  -0.82785583E+01   0.90685084E-01  -0.26710360E-04   0.91335278E-04
   0.31000000E-09   0.89782580E-01  -0.13528652E-01   0.10496336E-02  -0.83058178E+01   0.90654919E-01  -0.26791500E-04   0.91304897E-04
   0.31100000E-09   0.90067978E-01  -0.13619772E-01   0.10499135E-02  -0.83330681E+01   0.90624655E-01  -0.26872522E-04   0.91274416E-04
   0.31200000E-09   0.90353280E-01  -0.13711189E-01   0.10501942E-02  -0.83603094E+01   0.90594291E-01  -0.26953423E-04   0.91243836E-04
   0.31300000E-09   0.90638486E-01  -0.13802905E-01   0.10504757E-02  -0.83875415E+01   0.90563829E-01  -0.27034205E-04   0.91213155E-04
   0.31400000E-09   0.90923596E-01  -0.13894920E-01   0.10507580E-02  -0.84147644E+01   0.90533267E-01  -0.27114866E-04   0.91182375E-04
   0.31500000E-09   0.91208610E-01  -0.13987232E-01   0.10510410E-02  -0.84419781E+01   0.90502607E-01  -0.27195407E-04   0.91151496E-04
   0.31600000E-09   0.91493527E-01  -0.14079842E-01   0.10513248E-02  -0.84691826E+01   0.90471847E-01  -0.27275826E-04   0.91120516E-04
   0.31700000E-09   0.91778347E-01  -0.14172750E-01   0.10516093E-02  -0.84963778E+01   0.90440989E-01  -0.27356124E-04   0.91089437E-04
   0.31800000E-09   0.92063070E-01  -0.14265957E-01   0.10518946E-02  -0.85235638E+01   0.90410031E-01  -0.27436301E-04   0.91058258E-04
   0.31900000E-09   0.92347695E-01  -0.14359460E-01   0.10521807E-02  -0.85507404E+01   0.90378975E-01  -0.27516355E-04   0.91026980E-04
   0.32000000E-09   0.92632223E-01  -0.14453262E-01   0.10524675E-02  -0.85779077E+01   0.90347820E-01  -0.27596287E-04   0.90995602E-04
   0.32100000E-09   0.92916652E-01  -0.14547360E-01   0.10527550E-02  -0.86050655E+01   0.90316566E-01  -0.27676096E-04   0.90964125E-04
   0.32200000E-09   0.93200982E-01  -0.14641757E-01   0.10530433E-02  -0.86322140E+01   0.90285213E-01  -0.27755781E-04   0.90932548E-04
   0.32300000E-09   0.93485214E-01  -0.14736450E-01   0.10533324E-02  -0.86593530E+01   0.90253762E-01  -0.27835344E-04   0.90900871E-04
   0.32400000E-09   0.93769346E-01  -0.14831441E-01   0.10536222E-02  -0.86864826E+01   0.90222212E-01  -0.27914782E-04   0.90869096E-04
   0.32500000E-09   0.94053379E-01  -0.14926729E-01   0.10539128E-02  -0.87136027E+01   0.90190563E-01  -0.27994096E-04   0.90837221E-04
   0.32600000E-09   0.94337312E-01  -0.15022314E-01   0.10542041E-02  -0.87407132E+01   0.90158816E-01  -0.28073286E-04   0.90805246E-04
   0.32700000E-09   0.94621145E-01  -0.15118195E-01   0.10544961E-02  -0.87678142E+01   0.90126970E-01  -0.28152350E-04   0.90773173E-04
   0.32800000E-09   0.94904878E-01  -0.15214374E-01   0.10547889E-02  -0.87949056E+01   0.90095025E-01  -0.28231290E-04   0.90740999E-04
   0.32900000E-09   0.95188509E-01  -0.15310849E-01   0.10550824E-02  -0.88219873E+01   0.90062982E-01  -0.28310104E-04   0.90708727E-04
   0.33000000E-09   0.95472040E-01  -0.15407620E-01   0.10553766E-02  -0.88490594E+01   0.90030840E-01  -0.28388792E-04   0.90676356E-04
   0.33100000E-09   0.95755469E-01  -0.15504689E-01   0.10556716E-02  -0.88761219E+01   0.89998600E-01  -0.28467353E-04   0.90643885E-04
   0.33200000E-09   0.96038797E-01  -0.15602053E-01   0.10559673E-02  -0.89031746E+01   0.89966262E-01  -0.28545789E-04   0.90611315E-04
   0.33300000E-09   0.96322023E-01  -0.15699714E-01   0.10562638E-02  -0.89302176E+01   0.89933808E-01  -0.28624090E-04   0.90578630E-04
   0.33400000E-09   0.96605146E-01  -0.15797671E-01   0.10565610E-02  -0.89572509E+01   0.89901507E-01  -0.28702343E-04   0.90546098E-04
   0.33500000E-09   0.96888167E-01  -0.15895924E-01   0.10568589E-02  -0.89842753E+01   0.89870989E-01  -0.28781043E-04   0.90515373E-04
   0.33600000E-09   0.97171085E-01  -0.15994472E-01   0.10571575E-02  -0.90112936E+01   0.89847578E-01  -0.28862000E-04   0.90491786E-04
   0.33700000E-09   0.97453900E-01  -0.16093317E-01   0.10574569E-02  -0.90383131E+01   0.89844517E-01  -0.28949578E-04   0.90488654E-04
   0.33800000E-09   0.97736611E-01  -0.16192458E-01   0.10577573E-02  -0.90653540E+01   0.89896345E-01  -0.29054526E-04   0.90540930E-04
   0.33900000E-09   0.98019218E-01  -0.16291895E-01   0.10580589E-02  -0.90924616E+01   0.90078053E-01  -0.29199771E-04   0.90724670E-04
   0.34000000E-09   0.98301720E-01  -0.16391630E-01   0.10583622E-02  -0.91197184E+01   0.90515469E-01  -0.29421011E-04   0.91168471E-04
   0.34100000E-09   0.98584116E-01  -0.16491665E-01   0.10586682E-02  -0.91472167E+01   0.91302505E-01  -0.29731443E-04   0.91972908E-04
   0.34200000E-09   0.98866404E-01  -0.16592003E-01   0.10589774E-02  -0.91749624E+01   0.92298731E-01  -0.30044139E-04   0.93010222E-04
   0.34300000E-09   0.99148584E-01  -0.16692644E-01   0.10592885E-02  -0.92027605E+01   0.92994869E-01  -0.30116250E-04   0.93791870E-04
   0.34400000E-09   0.99430656E-01  -0.16793588E-01   0.10595974E-02  -0.92301675E+01   0.92679957E-01  -0.29653133E-04   0.93619486E-04
   0.34500000E-09   0.99712623E-01  -0.16894827E-01   0.10598975E-02  -0.92564676E+01   0.90612634E-01  -0.28409034E-04   0.91742182E-04
   0.34600000E-09   0.99994490E-01  -0.16996342E-01   0.10601794E-02  -0.92808259E+01   0.86258948E-01  -0.26152832E-04   0.87630610E-04
   0.34700000E-09   0.10027627E+00  -0.17098110E-01   0.10604323E-02  -0.93025698E+01   0.79941157E-01  -0.22823213E-04   0.81642052E-04
   0.34800000E-09   0.10055796E+00  -0.17200098E-01   0.10606464E-02  -0.93209515E+01   0.71789963E-01  -0.18628950E-04   0.73829772E-04
   0.34900000E-09   0.10083960E+00  -0.17302265E-01   0.10608149E-02  -0.93354190E+01   0.62044652E-01  -0.14009190E-04   0.64309701E-04
   0.35000000E-09   0.10112118E+00  -0.17404570E-01   0.10609358E-02  -0.93460269E+01   0.51835807E-01  -0.94058515E-05   0.54184139E-04
   0.35100000E-09   0.10140273E+00  -0.17506972E-01   0.10610117E-02  -0.93531139E+01   0.42099192E-01  -0.52995477E-05   0.44352243E-04
   0.35200000E-09   0.10168425E+00  -0.17609434E-01   0.10610506E-02  -0.93570476E+01   0.32893577E-01  -0.22306261E-05   0.34830396E-04
   0.35300000E-09   0.10196577E+00  -0.17711926E-01   0.10610642E-02  -0.93584864E+01   0.24177076E-01  -0.40696047E-06   0.25650203E-04
   0.35400000E-09   0.10224728E+00  -0.17814425E-01   0.10610641E-02  -0.93584347E+01   0.16720468E-01   0.44190514E-06   0.17735984E-04
   0.35500000E-09   0.10252879E+00  -0.17916920E-01   0.10610583E-02  -0.93577518E+01   0.11265965E-01   0.67557357E-06   0.11934740E-04
   0.35600000E-09   0.10281031E+00  -0.18019407E-01   0.10610519E-02  -0.93569433E+01   0.71338328E-02   0.55463603E-06   0.75490197E-05
   0.35700000E-09   0.10309183E+00  -0.18121886E-01   0.10610474E-02  -0.93562988E+01   0.40011909E-02   0.33164141E-06   0.42324798E-05
   0.35800000E-09   0.10337335E+00  -0.18224359E-01   0.10610448E-02  -0.93559083E+01   0.19802943E-02   0.16100097E-06   0.20950036E-05
   0.35900000E-09   0.10365488E+00  -0.18326830E-01   0.10610436E-02  -0.93557173E+01   0.95878585E-03   0.69664561E-07   0.10149256E-05
   0.36000000E-09   0.10393640E+00  -0.18429298E-01   0.10610431E-02  -0.93556360E+01   0.59898196E-03   0.29409508E-07   0.63486488E-06
   0.36100000E-09   0.10421792E+00  -0.18531766E-01   0.10610429E-02  -0.93556038E+01   0.52090309E-03   0.13240100E-07   0.55254193E-06
   0.36200000E-09   0.10449945E+00  -0.18634234E-01   0.10610428E-02  -0.93555915E+01   0.50918178E-03   0.69869870E-08   0.54021849E-06
