   0.10000000E-11   0.00000000E+00   0.00000000E+00   0.00000000E+00   0.00000000E+00  -0.13954431E-02   0.27353612E+02
   0.20000000E-11   0.00000000E+00   0.00000000E+00   0.00000000E+00   0.00000000E+00  -0.10958507E-02   0.27353612E+02
   0.30000000E-11   0.00000000E+00   0.00000000E+00   0.00000000E+00   0.00000000E+00  -0.79625842E-03   0.27353612E+02
   0.40000000E-11   0.00000000E+00   0.00000000E+00   0.00000000E+00   0.00000000E+00  -0.49666609E-03   0.27353612E+02
   0.50000000E-11   0.00000000E+00   0.00000000E+00   0.00000000E+00   0.00000000E+00  -0.19707377E-03   0.27353612E+02
   0.60000000E-11   0.00000000E+00   0.00000000E+00   0.00000000E+00   0.00000000E+00   0.10251855E-03   0.27353612E+02
   0.70000000E-11  -0.23796642E-10  -0.43453991E-05   0.00000000E+00   0.00000000E+00   0.40211087E-03   0.27353612E+02
   0.80000000E-11  -0.13780583E-09  -0.16473313E-04   0.00000000E+00   0.00000000E+00   0.70170319E-03   0.27353612E+02
   0.90000000E-11  -0.50392284E-09  -0.50381689E-04   0.00000000E+00   0.00000000E+00   0.10012955E-02   0.27353612E+02
   0.10000000E-10  -0.15753991E-08  -0.14527583E-03   0.00000000E+00   0.00000000E+00   0.13008878E-02   0.27353612E+02
   0.11000000E-10  -0.46187347E-08  -0.41045418E-03   0.00000000E+00   0.00000000E+00   0.16004802E-02   0.27353612E+02
   0.12000000E-10  -0.13138991E-07  -0.11453920E-02   0.00000000E+00   0.00000000E+00   0.19000725E-02   0.27353612E+02
   0.13000000E-10  -0.36545897E-07  -0.31288393E-02   0.00000000E+00   0.00000000E+00   0.21996648E-02   0.27353612E+02
   0.14000000E-10  -0.98114599E-07  -0.81139480E-02   0.00000000E+00   0.00000000E+00   0.24992571E-02   0.27353611E+02
   0.15000000E-10  -0.24569471E-06  -0.18835001E-01   0.00000000E+00   0.00000000E+00   0.27988494E-02   0.27353605E+02
   0.16000000E-10  -0.55077754E-06  -0.36874819E-01   0.00000000E+00   0.00000000E+00   0.30984415E-02   0.27353587E+02
   0.17000000E-10  -0.10846476E-05  -0.60612822E-01   0.00000000E+00   0.00000000E+00   0.33980334E-02   0.27353545E+02
   0.18000000E-10  -0.18947013E-05  -0.87307493E-01   0.00000000E+00   0.00000000E+00   0.36976246E-02   0.27353472E+02
   0.19000000E-10  -0.30037864E-05  -0.11521760E+00   0.00000000E+00   0.00000000E+00   0.39972148E-02   0.27353369E+02
   0.20000000E-10  -0.44210235E-05  -0.14357779E+00   0.00000000E+00   0.00000000E+00   0.42968037E-02   0.27353235E+02
   0.21000000E-10  -0.61497524E-05  -0.17209772E+00   0.00000000E+00   0.00000000E+00   0.45963910E-02   0.27353070E+02
   0.22000000E-10  -0.81911525E-05  -0.20067329E+00   0.00000000E+00   0.00000000E+00   0.48959763E-02   0.27352876E+02
   0.23000000E-10  -0.10545633E-04  -0.22926797E+00   0.00000000E+00   0.00000000E+00   0.51955594E-02   0.27352651E+02
   0.24000000E-10  -0.13213334E-04  -0.25786907E+00   0.00000000E+00   0.00000000E+00   0.54951398E-02   0.27352396E+02
   0.25000000E-10  -0.16194302E-04  -0.28647218E+00   0.00000000E+00   0.00000000E+00   0.57947172E-02   0.27352112E+02
   0.26000000E-10  -0.19488549E-04  -0.31507575E+00   0.00000000E+00   0.00000000E+00   0.60942914E-02   0.27351797E+02
   0.27000000E-10  -0.23096080E-04  -0.34367938E+00   0.00000000E+00   0.00000000E+00   0.63938619E-02   0.27351453E+02
   0.28000000E-10  -0.27016892E-04  -0.37228264E+00   0.00000000E+00   0.00000000E+00   0.66934286E-02   0.27351078E+02
   0.29000000E-10  -0.31250980E-04  -0.40088548E+00   0.00000000E+00   0.00000000E+00   0.69929909E-02   0.27350674E+02
   0.30000000E-10  -0.35798341E-04  -0.42948789E+00   0.00000000E+00   0.00000000E+00   0.72925487E-02   0.27350240E+02
   0.31000000E-10  -0.40658969E-04  -0.45808983E+00   0.00000000E+00   0.00000000E+00   0.75921015E-02   0.27349776E+02
   0.32000000E-10  -0.45832859E-04  -0.48669127E+00   0.00000000E+00   0.00000000E+00   0.78916491E-02   0.27349282E+02
   0.33000000E-10  -0.51320006E-04  -0.51529218E+00   0.00000000E+00   0.00000000E+00   0.81911912E-02   0.27348758E+02
   0.34000000E-10  -0.57120403E-04  -0.54389252E+00   0.00000000E+00   0.00000000E+00   0.84907273E-02   0.27348204E+02
   0.35000000E-10  -0.63234043E-04  -0.57249227E+00   0.00000000E+00   0.00000000E+00   0.87902572E-02   0.27347620E+02
   0.36000000E-10  -0.69660921E-04  -0.60109140E+00   0.00000000E+00   0.00000000E+00   0.90897805E-02   0.27347007E+02
   0.37000000E-10  -0.76401030E-04  -0.62968986E+00   0.00000000E+00   0.00000000E+00   0.93892970E-02   0.27346363E+02
   0.38000000E-10  -0.83454361E-04  -0.65828764E+00   0.00000000E+00   0.00000000E+00   0.96888062E-02   0.27345690E+02
   0.39000000E-10  -0.90820907E-04  -0.68688469E+00   0.00000000E+00   0.00000000E+00   0.99883079E-02   0.27344986E+02
   0.40000000E-10  -0.98500661E-04  -0.71548100E+00   0.00000000E+00   0.00000000E+00   0.10287802E-01   0.27344253E+02
   0.41000000E-10  -0.10649361E-03  -0.74407652E+00   0.00000000E+00   0.00000000E+00   0.10587287E-01   0.27343490E+02
   0.42000000E-10  -0.11479976E-03  -0.77267123E+00   0.00000000E+00   0.00000000E+00   0.10886765E-01   0.27342697E+02
   0.43000000E-10  -0.12341908E-03  -0.80126509E+00   0.00000000E+00   0.00000000E+00   0.11186233E-01   0.27341874E+02
   0.44000000E-10  -0.13235157E-03  -0.82985808E+00   0.00000000E+00   0.00000000E+00   0.11485692E-01   0.27341021E+02
   0.45000000E-10  -0.14159723E-03  -0.85845016E+00   0.00000000E+00   0.00000000E+00   0.11785141E-01   0.27340138E+02
   0.46000000E-10  -0.15115604E-03  -0.88704130E+00   0.00000000E+00   0.00000000E+00   0.12084581E-01   0.27339225E+02
   0.47000000E-10  -0.16102799E-03  -0.91563148E+00   0.00000000E+00   0.00000000E+00   0.12384011E-01   0.27338283E+02
   0.48000000E-10  -0.17121307E-03  -0.94422065E+00   0.00000000E+00   0.00000000E+00   0.12683430E-01   0.27337310E+02
   0.49000000E-10  -0.18171126E-03  -0.97280878E+00   0.00000000E+00   0.00000000E+00   0.12982838E-01   0.27336308E+02
   0.50000000E-10  -0.19252257E-03  -0.10013959E+01   0.00000000E+00   0.00000000E+00   0.13282235E-01   0.27335275E+02
   0.51000000E-10  -0.20364697E-03  -0.10299818E+01   0.00000000E+00   0.00000000E+00   0.13581621E-01   0.27334213E+02
   0.52000000E-10  -0.21508446E-03  -0.10585667E+01   0.00000000E+00   0.00000000E+00   0.13880995E-01   0.27333121E+02
   0.53000000E-10  -0.22683502E-03  -0.10871504E+01   0.00000000E+00   0.00000000E+00   0.14180357E-01   0.27331999E+02
   0.54000000E-10  -0.23889863E-03  -0.11157329E+01   0.00000000E+00   0.00000000E+00   0.14479706E-01   0.27330847E+02
   0.55000000E-10  -0.25127529E-03  -0.11443142E+01   0.00000000E+00   0.00000000E+00   0.14779042E-01   0.27329666E+02
   0.56000000E-10  -0.26396498E-03  -0.11728942E+01   0.00000000E+00   0.00000000E+00   0.15078366E-01   0.27328454E+02
   0.57000000E-10  -0.27696769E-03  -0.12014730E+01   0.00000000E+00   0.00000000E+00   0.15377676E-01   0.27327212E+02
   0.58000000E-10  -0.29028341E-03  -0.12300504E+01   0.00000000E+00   0.00000000E+00   0.15676972E-01   0.27325941E+02
   0.59000000E-10  -0.30391211E-03  -0.12586265E+01   0.00000000E+00   0.00000000E+00   0.15976254E-01   0.27324640E+02
   0.60000000E-10  -0.31785379E-03  -0.12872012E+01   0.00000000E+00   0.00000000E+00   0.16275522E-01   0.27323309E+02
   0.61000000E-10  -0.33210842E-03  -0.13157745E+01   0.00000000E+00   0.00000000E+00   0.16574775E-01   0.27321948E+02
   0.62000000E-10  -0.34667600E-03  -0.13443464E+01   0.00000000E+00   0.00000000E+00   0.16874013E-01   0.27320557E+02
   0.63000000E-10  -0.36155651E-03  -0.13729168E+01   0.00000000E+00   0.00000000E+00   0.17173235E-01   0.27319136E+02
   0.64000000E-10  -0.37674993E-03  -0.14014857E+01   0.00000000E+00   0.00000000E+00   0.17472442E-01   0.27317685E+02
   0.65000000E-10  -0.39225624E-03  -0.14300530E+01   0.00000000E+00   0.00000000E+00   0.17771633E-01   0.27316204E+02
   0.66000000E-10  -0.40807543E-03  -0.14586188E+01   0.00000000E+00   0.00000000E+00   0.18070807E-01   0.27314694E+02
   0.67000000E-10  -0.42420747E-03  -0.14871830E+01   0.00000000E+00   0.00000000E+00   0.18369965E-01   0.27313154E+02
   0.68000000E-10  -0.44065237E-03  -0.15157456E+01   0.00000000E+00   0.00000000E+00   0.18669105E-01   0.27311584E+02
   0.69000000E-10  -0.45741008E-03  -0.15443065E+01   0.00000000E+00   0.00000000E+00   0.18968229E-01   0.27309983E+02
   0.70000000E-10  -0.47448061E-03  -0.15728658E+01   0.00000000E+00   0.00000000E+00   0.19267334E-01   0.27308354E+02
   0.71000000E-10  -0.49186392E-03  -0.16014233E+01   0.00000000E+00   0.00000000E+00   0.19566422E-01   0.27306694E+02
   0.72000000E-10  -0.50955999E-03  -0.16299790E+01   0.00000000E+00   0.00000000E+00   0.19865491E-01   0.27305004E+02
   0.73000000E-10  -0.52756882E-03  -0.16585330E+01   0.00000000E+00   0.00000000E+00   0.20164541E-01   0.27303285E+02
   0.74000000E-10  -0.54589038E-03  -0.16870852E+01   0.00000000E+00   0.00000000E+00   0.20463573E-01   0.27301535E+02
   0.75000000E-10  -0.56452464E-03  -0.17156355E+01   0.00000000E+00   0.00000000E+00   0.20762585E-01   0.27299756E+02
   0.76000000E-10  -0.58347160E-03  -0.17441839E+01   0.00000000E+00   0.00000000E+00   0.21061578E-01   0.27297947E+02
   0.77000000E-10  -0.60273122E-03  -0.17727305E+01   0.00000000E+00   0.00000000E+00   0.21360550E-01   0.27296108E+02
   0.78000000E-10  -0.62230350E-03  -0.18012751E+01   0.00000000E+00   0.00000000E+00   0.21659503E-01   0.27294239E+02
   0.79000000E-10  -0.64218839E-03  -0.18298177E+01   0.00000000E+00   0.00000000E+00   0.21958434E-01   0.27292340E+02
   0.80000000E-10  -0.66238589E-03  -0.18583583E+01   0.00000000E+00   0.00000000E+00   0.22257345E-01   0.27290412E+02
   0.81000000E-10  -0.68289598E-03  -0.18868969E+01   0.00000000E+00   0.00000000E+00   0.22556234E-01   0.27288454E+02
   0.82000000E-10  -0.70371862E-03  -0.19154334E+01   0.00000000E+00   0.00000000E+00   0.22855102E-01   0.27286465E+02
   0.83000000E-10  -0.72485380E-03  -0.19439679E+01   0.00000000E+00   0.00000000E+00   0.23153948E-01   0.27284447E+02
   0.84000000E-10  -0.74630149E-03  -0.19725002E+01   0.00000000E+00   0.00000000E+00   0.23452771E-01   0.27282399E+02
   0.85000000E-10  -0.76806168E-03  -0.20010303E+01   0.00000000E+00   0.00000000E+00   0.23751572E-01   0.27280322E+02
   0.86000000E-10  -0.79013433E-03  -0.20295583E+01   0.00000000E+00   0.00000000E+00   0.24050351E-01   0.27278214E+02
   0.87000000E-10  -0.81251942E-03  -0.20580840E+01   0.00000000E+00   0.00000000E+00   0.24349105E-01   0.27276077E+02
   0.88000000E-10  -0.83521693E-03  -0.20866075E+01   0.00000000E+00   0.00000000E+00   0.24647837E-01   0.27273910E+02
   0.89000000E-10  -0.85822683E-03  -0.21151287E+01   0.00000000E+00   0.00000000E+00   0.24946544E-01   0.27271713E+02
   0.90000000E-10  -0.88154910E-03  -0.21436476E+01   0.00000000E+00   0.00000000E+00   0.25245227E-01   0.27269486E+02
   0.91000000E-10  -0.90518372E-03  -0.21721642E+01   0.00000000E+00   0.00000000E+00   0.25543886E-01   0.27267229E+02
   0.92000000E-10  -0.92913065E-03  -0.22006784E+01   0.00000000E+00   0.00000000E+00   0.25842519E-01   0.27264943E+02
   0.93000000E-10  -0.95338987E-03  -0.22291901E+01   0.00000000E+00   0.00000000E+00   0.26141128E-01   0.27262626E+02
   0.94000000E-10  -0.97796135E-03  -0.22576995E+01   0.00000000E+00   0.00000000E+00   0.26439711E-01   0.27260280E+02
   0.95000000E-10  -0.10028451E-02  -0.22862063E+01   0.00000000E+00   0.00000000E+00   0.26738268E-01   0.27257904E+02
   0.96000000E-10  -0.10280410E-02  -0.23147107E+01   0.00000000E+00   0.00000000E+00   0.27036799E-01   0.27255498E+02
   0.97000000E-10  -0.10535491E-02  -0.23432125E+01   0.00000000E+00   0.00000000E+00   0.27335303E-01   0.27253063E+02
   0.98000000E-10  -0.10793694E-02  -0.23717118E+01   0.00000000E+00   0.00000000E+00   0.27633781E-01   0.27250597E+02
   0.99000000E-10  -0.11055018E-02  -0.24002085E+01   0.00000000E+00   0.00000000E+00   0.27932231E-01   0.27248102E+02
   0.10000000E-09  -0.11319463E-02  -0.24287025E+01   0.00000000E+00   0.00000000E+00   0.28230654E-01   0.27245577E+02
   0.10100000E-09  -0.11587028E-02  -0.24571939E+01   0.00000000E+00   0.00000000E+00   0.28529049E-01   0.27243023E+02
   0.10200000E-09  -0.11857714E-02  -0.24856826E+01   0.00000000E+00   0.00000000E+00   0.28827416E-01   0.27240438E+02
   0.10300000E-09  -0.12131520E-02  -0.25141686E+01   0.00000000E+00   0.00000000E+00   0.29125754E-01   0.27237824E+02
   0.10400000E-09  -0.12408446E-02  -0.25426518E+01   0.00000000E+00   0.00000000E+00   0.29424064E-01   0.27235179E+02
   0.10500000E-09  -0.12688492E-02  -0.25711323E+01   0.00000000E+00   0.00000000E+00   0.29722345E-01   0.27232506E+02
   0.10600000E-09  -0.12971656E-02  -0.25996100E+01   0.00000000E+00   0.00000000E+00   0.30020596E-01   0.27229802E+02
   0.10700000E-09  -0.13257940E-02  -0.26280848E+01   0.00000000E+00   0.00000000E+00   0.30318817E-01   0.27227068E+02
   0.10800000E-09  -0.13547342E-02  -0.26565567E+01   0.00000000E+00   0.00000000E+00   0.30617008E-01   0.27224305E+02
   0.10900000E-09  -0.13839862E-02  -0.26850257E+01   0.00000000E+00   0.00000000E+00   0.30915169E-01   0.27221512E+02
   0.11000000E-09  -0.14135500E-02  -0.27134918E+01   0.00000000E+00   0.00000000E+00   0.31213299E-01   0.27218689E+02
   0.11100000E-09  -0.14434256E-02  -0.27419549E+01   0.00000000E+00   0.00000000E+00   0.31511398E-01   0.27215837E+02
   0.11200000E-09  -0.14736129E-02  -0.27704150E+01   0.00000000E+00   0.00000000E+00   0.31809466E-01   0.27212954E+02
   0.11300000E-09  -0.15041119E-02  -0.27988721E+01   0.00000000E+00   0.00000000E+00   0.32107501E-01   0.27210042E+02
   0.11400000E-09  -0.15349225E-02  -0.28273262E+01   0.00000000E+00   0.00000000E+00   0.32405505E-01   0.27207100E+02
   0.11500000E-09  -0.15660448E-02  -0.28557771E+01   0.00000000E+00   0.00000000E+00   0.32703476E-01   0.27204129E+02
   0.11600000E-09  -0.15974787E-02  -0.28842249E+01   0.00000000E+00   0.00000000E+00   0.33001415E-01   0.27201127E+02
   0.11700000E-09  -0.16292242E-02  -0.29126696E+01   0.00000000E+00   0.00000000E+00   0.33299321E-01   0.27198096E+02
   0.11800000E-09  -0.16612811E-02  -0.29411110E+01   0.00000000E+00   0.00000000E+00   0.33597193E-01   0.27195035E+02
   0.11900000E-09  -0.16936496E-02  -0.29695493E+01   0.00000000E+00   0.00000000E+00   0.33895032E-01   0.27191945E+02
   0.12000000E-09  -0.17263295E-02  -0.29979843E+01   0.00000000E+00   0.00000000E+00   0.34192836E-01   0.27188824E+02
   0.12100000E-09  -0.17593208E-02  -0.30264160E+01   0.00000000E+00   0.00000000E+00   0.34490606E-01   0.27185674E+02
   0.12200000E-09  -0.17926235E-02  -0.30548445E+01   0.00000000E+00   0.00000000E+00   0.34788342E-01   0.27182494E+02
   0.12300000E-09  -0.18262376E-02  -0.30832695E+01   0.00000000E+00   0.00000000E+00   0.35086043E-01   0.27179285E+02
   0.12400000E-09  -0.18601630E-02  -0.31116912E+01   0.00000000E+00   0.00000000E+00   0.35383708E-01   0.27176046E+02
   0.12500000E-09  -0.18943996E-02  -0.31401096E+01   0.00000000E+00   0.00000000E+00   0.35681337E-01   0.27172777E+02
   0.12600000E-09  -0.19289475E-02  -0.31685244E+01   0.00000000E+00   0.00000000E+00   0.35978931E-01   0.27169478E+02
   0.12700000E-09  -0.19638066E-02  -0.31969358E+01   0.00000000E+00   0.00000000E+00   0.36276488E-01   0.27166150E+02
   0.12800000E-09  -0.19989768E-02  -0.32253437E+01   0.00000000E+00   0.00000000E+00   0.36574009E-01   0.27162791E+02
   0.12900000E-09  -0.20344581E-02  -0.32537481E+01   0.00000000E+00   0.00000000E+00   0.36871493E-01   0.27159404E+02
   0.13000000E-09  -0.20702506E-02  -0.32821490E+01   0.00000000E+00   0.00000000E+00   0.37168939E-01   0.27155986E+02
   0.13100000E-09  -0.21063540E-02  -0.33105462E+01   0.00000000E+00   0.00000000E+00   0.37466348E-01   0.27152539E+02
   0.13200000E-09  -0.21427685E-02  -0.33389398E+01   0.00000000E+00   0.00000000E+00   0.37763719E-01   0.27149062E+02
   0.13300000E-09  -0.21794940E-02  -0.33673298E+01   0.00000000E+00   0.00000000E+00   0.38061052E-01   0.27145555E+02
   0.13400000E-09  -0.22165303E-02  -0.33957160E+01   0.00000000E+00   0.00000000E+00   0.38358346E-01   0.27142019E+02
   0.13500000E-09  -0.22538776E-02  -0.34240986E+01   0.00000000E+00   0.00000000E+00   0.38655602E-01   0.27138453E+02
   0.13600000E-09  -0.22915357E-02  -0.34524774E+01   0.00000000E+00   0.00000000E+00   0.38952818E-01   0.27134857E+02
   0.13700000E-09  -0.23295045E-02  -0.34808525E+01   0.00000000E+00   0.00000000E+00   0.39249994E-01   0.27131232E+02
   0.13800000E-09  -0.23677842E-02  -0.35092237E+01   0.00000000E+00   0.00000000E+00   0.39547131E-01   0.27127577E+02
   0.13900000E-09  -0.24063746E-02  -0.35375911E+01   0.00000000E+00   0.00000000E+00   0.39844227E-01   0.27123892E+02
   0.14000000E-09  -0.24452756E-02  -0.35659546E+01   0.00000000E+00   0.00000000E+00   0.40141283E-01   0.27120178E+02
   0.14100000E-09  -0.24844873E-02  -0.35943143E+01   0.00000000E+00   0.00000000E+00   0.40438299E-01   0.27116434E+02
   0.14200000E-09  -0.25240095E-02  -0.36226700E+01   0.00000000E+00   0.00000000E+00   0.40735272E-01   0.27112660E+02
   0.14300000E-09  -0.25638423E-02  -0.36510217E+01   0.00000000E+00   0.00000000E+00   0.41032205E-01   0.27108857E+02
   0.14400000E-09  -0.26039856E-02  -0.36793695E+01   0.00000000E+00   0.00000000E+00   0.41329096E-01   0.27105024E+02
   0.14500000E-09  -0.26444394E-02  -0.37077132E+01   0.00000000E+00   0.00000000E+00   0.41625944E-01   0.27101161E+02
   0.14600000E-09  -0.26852036E-02  -0.37360529E+01   0.00000000E+00   0.00000000E+00   0.41922750E-01   0.27097269E+02
   0.14700000E-09  -0.27262781E-02  -0.37643884E+01   0.00000000E+00   0.00000000E+00   0.42219513E-01   0.27093347E+02
   0.14800000E-09  -0.27676630E-02  -0.37927199E+01   0.00000000E+00   0.00000000E+00   0.42516233E-01   0.27089396E+02
   0.14900000E-09  -0.28093582E-02  -0.38210472E+01   0.00000000E+00   0.00000000E+00   0.42812910E-01   0.27085414E+02
   0.15000000E-09  -0.28513636E-02  -0.38493704E+01   0.00000000E+00   0.00000000E+00   0.43109543E-01   0.27081404E+02
   0.15100000E-09  -0.28936791E-02  -0.38776893E+01   0.00000000E+00   0.00000000E+00   0.43406132E-01   0.27077363E+02
   0.15200000E-09  -0.29363048E-02  -0.39060040E+01   0.00000000E+00   0.00000000E+00   0.43702676E-01   0.27073293E+02
   0.15300000E-09  -0.29792407E-02  -0.39343144E+01   0.00000000E+00   0.00000000E+00   0.43999176E-01   0.27069194E+02
   0.15400000E-09  -0.30224865E-02  -0.39626205E+01   0.00000000E+00   0.00000000E+00   0.44295631E-01   0.27065065E+02
   0.15500000E-09  -0.30660424E-02  -0.39909223E+01   0.00000000E+00   0.00000000E+00   0.44592040E-01   0.27060906E+02
   0.15600000E-09  -0.31099082E-02  -0.40192197E+01   0.00000000E+00   0.00000000E+00   0.44888403E-01   0.27056717E+02
   0.15700000E-09  -0.31540839E-02  -0.40475127E+01   0.00000000E+00   0.00000000E+00   0.45184721E-01   0.27052499E+02
   0.15800000E-09  -0.31985695E-02  -0.40758013E+01   0.00000000E+00   0.00000000E+00   0.45480992E-01   0.27048252E+02
   0.15900000E-09  -0.32433649E-02  -0.41040854E+01   0.00000000E+00   0.00000000E+00   0.45777216E-01   0.27043975E+02
   0.16000000E-09  -0.32884700E-02  -0.41323651E+01   0.00000000E+00   0.00000000E+00   0.46073394E-01   0.27039668E+02
   0.16100000E-09  -0.33338849E-02  -0.41606402E+01   0.00000000E+00   0.00000000E+00   0.46369524E-01   0.27035332E+02
   0.16200000E-09  -0.33796094E-02  -0.41889108E+01   0.00000000E+00   0.00000000E+00   0.46665606E-01   0.27030966E+02
   0.16300000E-09  -0.34256435E-02  -0.42171768E+01   0.00000000E+00   0.00000000E+00   0.46961641E-01   0.27026570E+02
   0.16400000E-09  -0.34719872E-02  -0.42454382E+01   0.00000000E+00   0.00000000E+00   0.47257627E-01   0.27022145E+02
   0.16500000E-09  -0.35186404E-02  -0.42736949E+01   0.00000000E+00   0.00000000E+00   0.47553564E-01   0.27017691E+02
   0.16600000E-09  -0.35656031E-02  -0.43019470E+01   0.00000000E+00   0.00000000E+00   0.47849453E-01   0.27013207E+02
   0.16700000E-09  -0.36128751E-02  -0.43301943E+01   0.00000000E+00   0.00000000E+00   0.48145292E-01   0.27008693E+02
   0.16800000E-09  -0.36604566E-02  -0.43584370E+01   0.00000000E+00   0.00000000E+00   0.48441082E-01   0.27004150E+02
   0.16900000E-09  -0.37083473E-02  -0.43866748E+01   0.00000000E+00   0.00000000E+00   0.48736822E-01   0.26999577E+02
   0.17000000E-09  -0.37565472E-02  -0.44149079E+01   0.00000000E+00   0.00000000E+00   0.49032511E-01   0.26994975E+02
   0.17100000E-09  -0.38050564E-02  -0.44431361E+01   0.00000000E+00   0.00000000E+00   0.49328150E-01   0.26990343E+02
   0.17200000E-09  -0.38538747E-02  -0.44713595E+01   0.00000000E+00   0.00000000E+00   0.49623738E-01   0.26985682E+02
   0.17300000E-09  -0.39030021E-02  -0.44995780E+01   0.00000000E+00   0.00000000E+00   0.49919275E-01   0.26980991E+02
   0.17400000E-09  -0.39524386E-02  -0.45277916E+01   0.00000000E+00   0.00000000E+00   0.50214760E-01   0.26976271E+02
   0.17500000E-09  -0.40021840E-02  -0.45560002E+01   0.00000000E+00   0.00000000E+00   0.50510194E-01   0.26971521E+02
   0.17600000E-09  -0.40522384E-02  -0.45842038E+01   0.00000000E+00   0.00000000E+00   0.50805575E-01   0.26966742E+02
   0.17700000E-09  -0.41026016E-02  -0.46124024E+01   0.00000000E+00   0.00000000E+00   0.51100904E-01   0.26961933E+02
   0.17800000E-09  -0.41532737E-02  -0.46405960E+01   0.00000000E+00   0.00000000E+00   0.51396180E-01   0.26957095E+02
   0.17900000E-09  -0.42042545E-02  -0.46687845E+01   0.00000000E+00   0.00000000E+00   0.51691403E-01   0.26952227E+02
   0.18000000E-09  -0.42555440E-02  -0.46969679E+01   0.00000000E+00   0.00000000E+00   0.51986572E-01   0.26947330E+02
   0.18100000E-09  -0.43071422E-02  -0.47251461E+01   0.00000000E+00   0.00000000E+00   0.52281687E-01   0.26942403E+02
   0.18200000E-09  -0.43590489E-02  -0.47533192E+01   0.00000000E+00   0.00000000E+00   0.52576749E-01   0.26937447E+02
   0.18300000E-09  -0.44112643E-02  -0.47814871E+01   0.00000000E+00   0.00000000E+00   0.52871756E-01   0.26932461E+02
   0.18400000E-09  -0.44637880E-02  -0.48096498E+01   0.00000000E+00   0.00000000E+00   0.53166708E-01   0.26927446E+02
   0.18500000E-09  -0.45166203E-02  -0.48378072E+01   0.00000000E+00   0.00000000E+00   0.53461605E-01   0.26922401E+02
   0.18600000E-09  -0.45697609E-02  -0.48659593E+01   0.00000000E+00   0.00000000E+00   0.53756447E-01   0.26917327E+02
   0.18700000E-09  -0.46232097E-02  -0.48941060E+01   0.00000000E+00   0.00000000E+00   0.54051233E-01   0.26912224E+02
   0.18800000E-09  -0.46769669E-02  -0.49222475E+01   0.00000000E+00   0.00000000E+00   0.54345962E-01   0.26907091E+02
   0.18900000E-09  -0.47310322E-02  -0.49503835E+01   0.00000000E+00   0.00000000E+00   0.54640636E-01   0.26901929E+02
   0.19000000E-09  -0.47854057E-02  -0.49785142E+01   0.00000000E+00   0.00000000E+00   0.54935253E-01   0.26896737E+02
   0.19100000E-09  -0.48400872E-02  -0.50066394E+01   0.00000000E+00   0.00000000E+00   0.55229812E-01   0.26891516E+02
   0.19200000E-09  -0.48950768E-02  -0.50347591E+01   0.00000000E+00   0.00000000E+00   0.55524315E-01   0.26886266E+02
   0.19300000E-09  -0.49503743E-02  -0.50628733E+01   0.00000000E+00   0.00000000E+00   0.55818760E-01   0.26880986E+02
   0.19400000E-09  -0.50059797E-02  -0.50909820E+01   0.00000000E+00   0.00000000E+00   0.56113146E-01   0.26875676E+02
   0.19500000E-09  -0.50618929E-02  -0.51190851E+01   0.00000000E+00   0.00000000E+00   0.56407475E-01   0.26870338E+02
   0.19600000E-09  -0.51181139E-02  -0.51471826E+01   0.00000000E+00   0.00000000E+00   0.56701745E-01   0.26864970E+02
   0.19700000E-09  -0.51746426E-02  -0.51752744E+01   0.00000000E+00   0.00000000E+00   0.56995956E-01   0.26859572E+02
   0.19800000E-09  -0.52314790E-02  -0.52033607E+01   0.00000000E+00   0.00000000E+00   0.57290107E-01   0.26854145E+02
   0.19900000E-09  -0.52886229E-02  -0.52314412E+01   0.00000000E+00   0.00000000E+00   0.57584199E-01   0.26848689E+02
   0.20000000E-09  -0.53460744E-02  -0.52595160E+01   0.00000000E+00   0.00000000E+00   0.57878231E-01   0.26843203E+02
   0.20100000E-09  -0.54038333E-02  -0.52875850E+01   0.00000000E+00   0.00000000E+00   0.58172203E-01   0.26837688E+02
   0.20200000E-09  -0.54618997E-02  -0.53156483E+01   0.00000000E+00   0.00000000E+00   0.58466114E-01   0.26832144E+02
   0.20300000E-09  -0.55202733E-02  -0.53437058E+01   0.00000000E+00   0.00000000E+00   0.58759965E-01   0.26826571E+02
   0.20400000E-09  -0.55789542E-02  -0.53717574E+01   0.00000000E+00   0.00000000E+00   0.59053754E-01   0.26820968E+02
   0.20500000E-09  -0.56379424E-02  -0.53998031E+01   0.00000000E+00   0.00000000E+00   0.59347482E-01   0.26815335E+02
   0.20600000E-09  -0.56972376E-02  -0.54278430E+01   0.00000000E+00   0.00000000E+00   0.59641147E-01   0.26809674E+02
   0.20700000E-09  -0.57568400E-02  -0.54558769E+01   0.00000000E+00   0.00000000E+00   0.59934751E-01   0.26803983E+02
   0.20800000E-09  -0.58167493E-02  -0.54839048E+01   0.00000000E+00   0.00000000E+00   0.60228292E-01   0.26798262E+02
   0.20900000E-09  -0.58769657E-02  -0.55119267E+01   0.00000000E+00   0.00000000E+00   0.60521771E-01   0.26792513E+02
   0.21000000E-09  -0.59374888E-02  -0.55399426E+01   0.00000000E+00   0.00000000E+00   0.60815186E-01   0.26786734E+02
   0.21100000E-09  -0.59983188E-02  -0.55679525E+01   0.00000000E+00   0.00000000E+00   0.61108538E-01   0.26780926E+02
   0.21200000E-09  -0.60594556E-02  -0.55959562E+01   0.00000000E+00   0.00000000E+00   0.61401825E-01   0.26775088E+02
   0.21300000E-09  -0.61208990E-02  -0.56239539E+01   0.00000000E+00   0.00000000E+00   0.61695049E-01   0.26769222E+02
   0.21400000E-09  -0.61826490E-02  -0.56519453E+01   0.00000000E+00   0.00000000E+00   0.61988209E-01   0.26763326E+02
   0.21500000E-09  -0.62447056E-02  -0.56799307E+01   0.00000000E+00   0.00000000E+00   0.62281304E-01   0.26757400E+02
   0.21600000E-09  -0.63070686E-02  -0.57079097E+01   0.00000000E+00   0.00000000E+00   0.62574333E-01   0.26751446E+02
   0.21700000E-09  -0.63697381E-02  -0.57358826E+01   0.00000000E+00   0.00000000E+00   0.62867297E-01   0.26745462E+02
   0.21800000E-09  -0.64327139E-02  -0.57638492E+01   0.00000000E+00   0.00000000E+00   0.63160196E-01   0.26739449E+02
   0.21900000E-09  -0.64959960E-02  -0.57918094E+01   0.00000000E+00   0.00000000E+00   0.63453029E-01   0.26733406E+02
   0.22000000E-09  -0.65595843E-02  -0.58197634E+01   0.00000000E+00   0.00000000E+00   0.63745795E-01   0.26727335E+02
   0.22100000E-09  -0.66234787E-02  -0.58477110E+01   0.00000000E+00   0.00000000E+00   0.64038494E-01   0.26721234E+02
   0.22200000E-09  -0.66876791E-02  -0.58756521E+01   0.00000000E+00   0.00000000E+00   0.64331127E-01   0.26715104E+02
   0.22300000E-09  -0.67521856E-02  -0.59035869E+01   0.00000000E+00   0.00000000E+00   0.64623692E-01   0.26708945E+02
   0.22400000E-09  -0.68169980E-02  -0.59315152E+01   0.00000000E+00   0.00000000E+00   0.64916190E-01   0.26702757E+02
   0.22500000E-09  -0.68821162E-02  -0.59594370E+01   0.00000000E+00   0.00000000E+00   0.65208620E-01   0.26696539E+02
   0.22600000E-09  -0.69475403E-02  -0.59873523E+01   0.00000000E+00   0.00000000E+00   0.65500981E-01   0.26690292E+02
   0.22700000E-09  -0.70132700E-02  -0.60152610E+01   0.00000000E+00   0.00000000E+00   0.65793274E-01   0.26684016E+02
   0.22800000E-09  -0.70793053E-02  -0.60431632E+01   0.00000000E+00   0.00000000E+00   0.66085498E-01   0.26677711E+02
   0.22900000E-09  -0.71456463E-02  -0.60710588E+01   0.00000000E+00   0.00000000E+00   0.66377653E-01   0.26671376E+02
   0.23000000E-09  -0.72122927E-02  -0.60989477E+01   0.00000000E+00   0.00000000E+00   0.66669738E-01   0.26665013E+02
   0.23100000E-09  -0.72792445E-02  -0.61268299E+01   0.00000000E+00   0.00000000E+00   0.66961754E-01   0.26658620E+02
   0.23200000E-09  -0.73465017E-02  -0.61547055E+01   0.00000000E+00   0.00000000E+00   0.67253699E-01   0.26652198E+02
   0.23300000E-09  -0.74140642E-02  -0.61825743E+01   0.00000000E+00   0.00000000E+00   0.67545573E-01   0.26645747E+02
   0.23400000E-09  -0.74819318E-02  -0.62104363E+01   0.00000000E+00   0.00000000E+00   0.67837377E-01   0.26639267E+02
   0.23500000E-09  -0.75501046E-02  -0.62382916E+01   0.00000000E+00   0.00000000E+00   0.68129110E-01   0.26632758E+02
   0.23600000E-09  -0.76185824E-02  -0.62661400E+01   0.00000000E+00   0.00000000E+00   0.68420771E-01   0.26626220E+02
   0.23700000E-09  -0.76873652E-02  -0.62939816E+01   0.00000000E+00   0.00000000E+00   0.68712361E-01   0.26619652E+02
   0.23800000E-09  -0.77564529E-02  -0.63218163E+01   0.00000000E+00   0.00000000E+00   0.69003878E-01   0.26613055E+02
   0.23900000E-09  -0.78258454E-02  -0.63496441E+01   0.00000000E+00   0.00000000E+00   0.69295323E-01   0.26606430E+02
   0.24000000E-09  -0.78955427E-02  -0.63774650E+01   0.00000000E+00   0.00000000E+00   0.69586696E-01   0.26599775E+02
   0.24100000E-09  -0.79655446E-02  -0.64052788E+01   0.00000000E+00   0.00000000E+00   0.69877995E-01   0.26593091E+02
   0.24200000E-09  -0.80358512E-02  -0.64330857E+01   0.00000000E+00   0.00000000E+00   0.70169221E-01   0.26586378E+02
   0.24300000E-09  -0.81064622E-02  -0.64608855E+01   0.00000000E+00   0.00000000E+00   0.70460373E-01   0.26579636E+02
   0.24400000E-09  -0.81773777E-02  -0.64886783E+01   0.00000000E+00   0.00000000E+00   0.70751451E-01   0.26572865E+02
   0.24500000E-09  -0.82485976E-02  -0.65164640E+01   0.00000000E+00   0.00000000E+00   0.71042455E-01   0.26566064E+02
   0.24600000E-09  -0.83201217E-02  -0.65442425E+01   0.00000000E+00   0.00000000E+00   0.71333385E-01   0.26559235E+02
   0.24700000E-09  -0.83919501E-02  -0.65720139E+01   0.00000000E+00   0.00000000E+00   0.71624239E-01   0.26552377E+02
   0.24800000E-09  -0.84640826E-02  -0.65997781E+01   0.00000000E+00   0.00000000E+00   0.71915018E-01   0.26545489E+02
   0.24900000E-09  -0.85365191E-02  -0.66275351E+01   0.00000000E+00   0.00000000E+00   0.72205721E-01   0.26538573E+02
   0.25000000E-09  -0.86092596E-02  -0.66552848E+01   0.00000000E+00   0.00000000E+00   0.72496349E-01   0.26531628E+02
   0.25100000E-09  -0.86823040E-02  -0.66830273E+01   0.00000000E+00   0.00000000E+00   0.72786900E-01   0.26524653E+02
   0.25200000E-09  -0.87556522E-02  -0.67107624E+01   0.00000000E+00   0.00000000E+00   0.73077375E-01   0.26517650E+02
   0.25300000E-09  -0.88293041E-02  -0.67384902E+01   0.00000000E+00   0.00000000E+00   0.73367773E-01   0.26510617E+02
   0.25400000E-09  -0.89032597E-02  -0.67662106E+01   0.00000000E+00   0.00000000E+00   0.73658093E-01   0.26503556E+02
   0.25500000E-09  -0.89775189E-02  -0.67939237E+01   0.00000000E+00   0.00000000E+00   0.73948337E-01   0.26496465E+02
   0.25600000E-09  -0.90520815E-02  -0.68216293E+01   0.00000000E+00   0.00000000E+00   0.74238502E-01   0.26489346E+02
   0.25700000E-09  -0.91269476E-02  -0.68493274E+01   0.00000000E+00   0.00000000E+00   0.74528589E-01   0.26482198E+02
   0.25800000E-09  -0.92021169E-02  -0.68770181E+01   0.00000000E+00   0.00000000E+00   0.74818598E-01   0.26475020E+02
   0.25900000E-09  -0.92775895E-02  -0.69047012E+01   0.00000000E+00   0.00000000E+00   0.75108528E-01   0.26467814E+02
   0.26000000E-09  -0.93533653E-02  -0.69323768E+01   0.00000000E+00   0.00000000E+00   0.75398379E-01   0.26460579E+02
   0.26100000E-09  -0.94294442E-02  -0.69600448E+01   0.00000000E+00   0.00000000E+00   0.75688151E-01   0.26453315E+02
   0.26200000E-09  -0.95058260E-02  -0.69877052E+01   0.00000000E+00   0.00000000E+00   0.75977842E-01   0.26446022E+02
   0.26300000E-09  -0.95825108E-02  -0.70153579E+01   0.00000000E+00   0.00000000E+00   0.76267454E-01   0.26438700E+02
   0.26400000E-09  -0.96594984E-02  -0.70430030E+01   0.00000000E+00   0.00000000E+00   0.76556986E-01   0.26431349E+02
   0.26500000E-09  -0.97367887E-02  -0.70706404E+01   0.00000000E+00   0.00000000E+00   0.76846436E-01   0.26423969E+02
   0.26600000E-09  -0.98143817E-02  -0.70982700E+01   0.00000000E+00   0.00000000E+00   0.77135806E-01   0.26416560E+02
   0.26700000E-09  -0.98922772E-02  -0.71258919E+01   0.00000000E+00   0.00000000E+00   0.77425095E-01   0.26409122E+02
   0.26800000E-09  -0.99704753E-02  -0.71535060E+01   0.00000000E+00   0.00000000E+00   0.77714301E-01   0.26401656E+02
   0.26900000E-09  -0.10048976E-01  -0.71811122E+01   0.00000000E+00   0.00000000E+00   0.78003426E-01   0.26394160E+02
   0.27000000E-09  -0.10127778E-01  -0.72087106E+01   0.00000000E+00   0.00000000E+00   0.78292469E-01   0.26386636E+02
   0.27100000E-09  -0.10206883E-01  -0.72363012E+01   0.00000000E+00   0.00000000E+00   0.78581429E-01   0.26379083E+02
   0.27200000E-09  -0.10286291E-01  -0.72638838E+01   0.00000000E+00   0.00000000E+00   0.78870306E-01   0.26371501E+02
   0.27300000E-09  -0.10366000E-01  -0.72914584E+01   0.00000000E+00   0.00000000E+00   0.79159100E-01   0.26363890E+02
   0.27400000E-09  -0.10446011E-01  -0.73190251E+01   0.00000000E+00   0.00000000E+00   0.79447811E-01   0.26356251E+02
   0.27500000E-09  -0.10526324E-01  -0.73465838E+01   0.00000000E+00   0.00000000E+00   0.79736437E-01   0.26348582E+02
   0.27600000E-09  -0.10606939E-01  -0.73741344E+01   0.00000000E+00   0.00000000E+00   0.80024980E-01   0.26340885E+02
   0.27700000E-09  -0.10687855E-01  -0.74016770E+01   0.00000000E+00   0.00000000E+00   0.80313438E-01   0.26333159E+02
   0.27800000E-09  -0.10769074E-01  -0.74292115E+01   0.00000000E+00   0.00000000E+00   0.80601811E-01   0.26325404E+02
   0.27900000E-09  -0.10850593E-01  -0.74567379E+01   0.00000000E+00   0.00000000E+00   0.80890099E-01   0.26317620E+02
   0.28000000E-09  -0.10932414E-01  -0.74842561E+01   0.00000000E+00   0.00000000E+00   0.81178302E-01   0.26309808E+02
   0.28100000E-09  -0.11014537E-01  -0.75117661E+01   0.00000000E+00   0.00000000E+00   0.81466419E-01   0.26301967E+02
   0.28200000E-09  -0.11096961E-01  -0.75392679E+01   0.00000000E+00   0.00000000E+00   0.81754450E-01   0.26294097E+02
   0.28300000E-09  -0.11179686E-01  -0.75667615E+01   0.00000000E+00   0.00000000E+00   0.82042395E-01   0.26286198E+02
   0.28400000E-09  -0.11262712E-01  -0.75942468E+01   0.00000000E+00   0.00000000E+00   0.82330253E-01   0.26278270E+02
   0.28500000E-09  -0.11346039E-01  -0.76217238E+01   0.00000000E+00   0.00000000E+00   0.82618024E-01   0.26270314E+02
   0.28600000E-09  -0.11429666E-01  -0.76491924E+01   0.00000000E+00   0.00000000E+00   0.82905708E-01   0.26262329E+02
   0.28700000E-09  -0.11513595E-01  -0.76766527E+01   0.00000000E+00   0.00000000E+00   0.83193304E-01   0.26254315E+02
   0.28800000E-09  -0.11597825E-01  -0.77041046E+01   0.00000000E+00   0.00000000E+00   0.83480812E-01   0.26246273E+02
   0.28900000E-09  -0.11682355E-01  -0.77315481E+01   0.00000000E+00   0.00000000E+00   0.83768232E-01   0.26238202E+02
   0.29000000E-09  -0.11767185E-01  -0.77589831E+01   0.00000000E+00   0.00000000E+00   0.84055563E-01   0.26230102E+02
   0.29100000E-09  -0.11852316E-01  -0.77864096E+01   0.00000000E+00   0.00000000E+00   0.84342806E-01   0.26221974E+02
   0.29200000E-09  -0.11937747E-01  -0.78138276E+01   0.00000000E+00   0.00000000E+00   0.84629959E-01   0.26213817E+02
   0.29300000E-09  -0.12023479E-01  -0.78412371E+01   0.00000000E+00   0.00000000E+00   0.84917023E-01   0.26205631E+02
   0.29400000E-09  -0.12109511E-01  -0.78686379E+01   0.00000000E+00   0.00000000E+00   0.85203997E-01   0.26197416E+02
   0.29500000E-09  -0.12195843E-01  -0.78960302E+01   0.00000000E+00   0.00000000E+00   0.85490881E-01   0.26189173E+02
   0.29600000E-09  -0.12282474E-01  -0.79234139E+01   0.00000000E+00   0.00000000E+00   0.85777674E-01   0.26180901E+02
   0.29700000E-09  -0.12369406E-01  -0.79507888E+01   0.00000000E+00   0.00000000E+00   0.86064377E-01   0.26172601E+02
   0.29800000E-09  -0.12456637E-01  -0.79781551E+01   0.00000000E+00   0.00000000E+00   0.86350988E-01   0.26164272E+02
   0.29900000E-09  -0.12544169E-01  -0.80055127E+01   0.00000000E+00   0.00000000E+00   0.86637508E-01   0.26155914E+02
   0.30000000E-09  -0.12631999E-01  -0.80328615E+01   0.00000000E+00   0.00000000E+00   0.86923937E-01   0.26147528E+02
   0.30100000E-09  -0.12720129E-01  -0.80602015E+01   0.00000000E+00   0.00000000E+00   0.87210274E-01   0.26139113E+02
   0.30200000E-09  -0.12808559E-01  -0.80875327E+01   0.00000000E+00   0.00000000E+00   0.87496518E-01   0.26130670E+02
   0.30300000E-09  -0.12897288E-01  -0.81148551E+01   0.00000000E+00   0.00000000E+00   0.87782669E-01   0.26122198E+02
   0.30400000E-09  -0.12986316E-01  -0.81421685E+01   0.00000000E+00   0.00000000E+00   0.88068728E-01   0.26113697E+02
   0.30500000E-09  -0.13075643E-01  -0.81694731E+01   0.00000000E+00   0.00000000E+00   0.88354693E-01   0.26105168E+02
   0.30600000E-09  -0.13165269E-01  -0.81967688E+01   0.00000000E+00   0.00000000E+00   0.88640565E-01   0.26096610E+02
   0.30700000E-09  -0.13255194E-01  -0.82240554E+01   0.00000000E+00   0.00000000E+00   0.88926343E-01   0.26088024E+02
   0.30800000E-09  -0.13345418E-01  -0.82513331E+01   0.00000000E+00   0.00000000E+00   0.89212027E-01   0.26079409E+02
   0.30900000E-09  -0.13435941E-01  -0.82786018E+01   0.00000000E+00   0.00000000E+00   0.89497616E-01   0.26070766E+02
   0.31000000E-09  -0.13526762E-01  -0.83058614E+01   0.00000000E+00   0.00000000E+00   0.89783110E-01   0.26062094E+02
   0.31100000E-09  -0.13617882E-01  -0.83331119E+01   0.00000000E+00   0.00000000E+00   0.90068509E-01   0.26053394E+02
   0.31200000E-09  -0.13709300E-01  -0.83603533E+01   0.00000000E+00   0.00000000E+00   0.90353813E-01   0.26044665E+02
   0.31300000E-09  -0.13801017E-01  -0.83875856E+01   0.00000000E+00   0.00000000E+00   0.90639021E-01   0.26035908E+02
   0.31400000E-09  -0.13893031E-01  -0.84148087E+01   0.00000000E+00   0.00000000E+00   0.90924133E-01   0.26027122E+02
   0.31500000E-09  -0.13985344E-01  -0.84420226E+01   0.00000000E+00   0.00000000E+00   0.91209149E-01   0.26018308E+02
   0.31600000E-09  -0.14077955E-01  -0.84692272E+01   0.00000000E+00   0.00000000E+00   0.91494068E-01   0.26009465E+02
   0.31700000E-09  -0.14170864E-01  -0.84964226E+01   0.00000000E+00   0.00000000E+00   0.91778890E-01   0.26000594E+02
   0.31800000E-09  -0.14264070E-01  -0.85236087E+01   0.00000000E+00   0.00000000E+00   0.92063614E-01   0.25991694E+02
   0.31900000E-09  -0.14357574E-01  -0.85507855E+01   0.00000000E+00   0.00000000E+00   0.92348241E-01   0.25982766E+02
   0.32000000E-09  -0.14451376E-01  -0.85779530E+01   0.00000000E+00   0.00000000E+00   0.92632770E-01   0.25973810E+02
   0.32100000E-09  -0.14545476E-01  -0.86051110E+01   0.00000000E+00   0.00000000E+00   0.92917201E-01   0.25964825E+02
   0.32200000E-09  -0.14639872E-01  -0.86322596E+01   0.00000000E+00   0.00000000E+00   0.93201533E-01   0.25955812E+02
   0.32300000E-09  -0.14734566E-01  -0.86593988E+01   0.00000000E+00   0.00000000E+00   0.93485766E-01   0.25946770E+02
   0.32400000E-09  -0.14829558E-01  -0.86865286E+01   0.00000000E+00   0.00000000E+00   0.93769900E-01   0.25937700E+02
   0.32500000E-09  -0.14924846E-01  -0.87136488E+01   0.00000000E+00   0.00000000E+00   0.94053935E-01   0.25928602E+02
   0.32600000E-09  -0.15020431E-01  -0.87407595E+01   0.00000000E+00   0.00000000E+00   0.94337870E-01   0.25919475E+02
   0.32700000E-09  -0.15116313E-01  -0.87678606E+01   0.00000000E+00   0.00000000E+00   0.94621705E-01   0.25910320E+02
   0.32800000E-09  -0.15212492E-01  -0.87949522E+01   0.00000000E+00   0.00000000E+00   0.94905439E-01   0.25901137E+02
   0.32900000E-09  -0.15308968E-01  -0.88220341E+01   0.00000000E+00   0.00000000E+00   0.95189072E-01   0.25891925E+02
   0.33000000E-09  -0.15405740E-01  -0.88491064E+01   0.00000000E+00   0.00000000E+00   0.95472605E-01   0.25882685E+02
   0.33100000E-09  -0.15502809E-01  -0.88761690E+01   0.00000000E+00   0.00000000E+00   0.95756036E-01   0.25873417E+02
   0.33200000E-09  -0.15600174E-01  -0.89032219E+01   0.00000000E+00   0.00000000E+00   0.96039366E-01   0.25864120E+02
   0.33300000E-09  -0.15697835E-01  -0.89302651E+01   0.00000000E+00   0.00000000E+00   0.96322593E-01   0.25854795E+02
   0.33400000E-09  -0.15795793E-01  -0.89572985E+01   0.00000000E+00   0.00000000E+00   0.96605718E-01   0.25845442E+02
   0.33500000E-09  -0.15894046E-01  -0.89843221E+01   0.00000000E+00   0.00000000E+00   0.96888741E-01   0.25836061E+02
   0.33600000E-09  -0.15992595E-01  -0.90113358E+01   0.00000000E+00   0.00000000E+00   0.97171661E-01   0.25826651E+02
   0.33700000E-09  -0.16091440E-01  -0.90383397E+01   0.00000000E+00   0.00000000E+00   0.97454477E-01   0.25817213E+02
   0.33800000E-09  -0.16190581E-01  -0.90653338E+01   0.00000000E+00   0.00000000E+00   0.97737190E-01   0.25807747E+02
   0.33900000E-09  -0.16290018E-01  -0.90923179E+01   0.00000000E+00   0.00000000E+00   0.98019799E-01   0.25798253E+02
   0.34000000E-09  -0.16389750E-01  -0.91192921E+01   0.00000000E+00   0.00000000E+00   0.98302304E-01   0.25788730E+02
   0.34100000E-09  -0.16489777E-01  -0.91462563E+01   0.00000000E+00   0.00000000E+00   0.98584705E-01   0.25779179E+02
   0.34200000E-09  -0.16590100E-01  -0.91731910E+01   0.00000000E+00   0.00000000E+00   0.98867001E-01   0.25769607E+02
   0.34300000E-09  -0.16690717E-01  -0.92000822E+01   0.00000000E+00   0.00000000E+00   0.99149191E-01   0.25760019E+02
   0.34400000E-09  -0.16791628E-01  -0.92268726E+01   0.00000000E+00   0.00000000E+00   0.99431277E-01   0.25750435E+02
   0.34500000E-09  -0.16892831E-01  -0.92534105E+01   0.00000000E+00   0.00000000E+00   0.99713259E-01   0.25740910E+02
   0.34600000E-09  -0.16994322E-01  -0.92793058E+01   0.00000000E+00   0.00000000E+00   0.99995137E-01   0.25731587E+02
   0.34700000E-09  -0.17096087E-01  -0.93036302E+01   0.00000000E+00   0.00000000E+00   0.10027692E+00   0.25722802E+02
   0.34800000E-09  -0.17198101E-01  -0.93245589E+01   0.00000000E+00   0.00000000E+00   0.10055860E+00   0.25715223E+02
   0.34900000E-09  -0.17300312E-01  -0.93398005E+01   0.00000000E+00   0.00000000E+00   0.10084022E+00   0.25709691E+02
   0.35000000E-09  -0.17402655E-01  -0.93486363E+01   0.00000000E+00   0.00000000E+00   0.10112179E+00   0.25706479E+02
   0.35100000E-09  -0.17505070E-01  -0.93528065E+01   0.00000000E+00   0.00000000E+00   0.10140334E+00   0.25704962E+02
   0.35200000E-09  -0.17607516E-01  -0.93545423E+01   0.00000000E+00   0.00000000E+00   0.10168487E+00   0.25704331E+02
   0.35300000E-09  -0.17709976E-01  -0.93552239E+01   0.00000000E+00   0.00000000E+00   0.10196639E+00   0.25704083E+02
   0.35400000E-09  -0.17812441E-01  -0.93554855E+01   0.00000000E+00   0.00000000E+00   0.10224792E+00   0.25703987E+02
   0.35500000E-09  -0.17914909E-01  -0.93555851E+01   0.00000000E+00   0.00000000E+00   0.10252944E+00   0.25703951E+02
   0.35600000E-09  -0.18017377E-01  -0.93556230E+01   0.00000000E+00   0.00000000E+00   0.10281097E+00   0.25703937E+02
   0.35700000E-09  -0.18119845E-01  -0.93556374E+01   0.00000000E+00   0.00000000E+00   0.10309249E+00   0.25703932E+02
   0.35800000E-09  -0.18222313E-01  -0.93556428E+01   0.00000000E+00   0.00000000E+00   0.10337402E+00   0.25703930E+02
   0.35900000E-09  -0.18324781E-01  -0.93556449E+01   0.00000000E+00   0.00000000E+00   0.10365554E+00   0.25703929E+02
   0.36000000E-09  -0.18427250E-01  -0.93556457E+01   0.00000000E+00   0.00000000E+00   0.10393706E+00   0.25703929E+02
   0.36100000E-09  -0.18529718E-01  -0.93556461E+01   0.00000000E+00   0.00000000E+00   0.10421859E+00   0.25703929E+02
   0.36200000E-09  -0.18632186E-01  -0.93556462E+01   0.00000000E+00   0.00000000E+00   0.10450011E+00   0.25703929E+02
