   0.00000000E+00   0.35004965E-01   0.27198430E-02   0.13695157E-02   0.26733255E-02   0.13456168E-02   0.27350681E-02   0.26980387E-03
   0.36600000E-09   0.14449844E+00   0.25555568E-02   0.14610874E-02   0.26483036E-02   0.96097678E-01   0.28443541E-02   0.29159313E-03
   0.37100000E-09   0.14599640E+00   0.25555525E-02   0.14610874E-02   0.26430410E-02   0.96097678E-01   0.28443549E-02   0.29159313E-03
   0.37600000E-09   0.14749436E+00   0.25555481E-02   0.14610874E-02   0.26377784E-02   0.96097678E-01   0.28443557E-02   0.29159313E-03
   0.38100000E-09   0.14899232E+00   0.25555438E-02   0.14610874E-02   0.26325159E-02   0.96097678E-01   0.28443564E-02   0.29159313E-03
   0.38600000E-09   0.15049028E+00   0.25555395E-02   0.14610874E-02   0.26272533E-02   0.96097678E-01   0.28443572E-02   0.29159313E-03
   0.39100000E-09   0.15198825E+00   0.25555352E-02   0.14610874E-02   0.26219907E-02   0.96097678E-01   0.28443580E-02   0.29159313E-03
   0.39600000E-09   0.15348621E+00   0.25555308E-02   0.14610874E-02   0.26167281E-02   0.96097678E-01   0.28443588E-02   0.29159313E-03
   0.40100000E-09   0.15498417E+00   0.25555265E-02   0.14610874E-02   0.26114655E-02   0.96097678E-01   0.28443595E-02   0.29159313E-03
   0.40600000E-09   0.15648213E+00   0.25555222E-02   0.14610874E-02   0.26062029E-02   0.96097678E-01   0.28443603E-02   0.29159313E-03
   0.41100000E-09   0.15798009E+00   0.25555178E-02   0.14610874E-02   0.26009403E-02   0.96097678E-01   0.28443611E-02   0.29159313E-03
   0.41600000E-09   0.15947805E+00   0.25555135E-02   0.14610874E-02   0.25956777E-02   0.96097678E-01   0.28443619E-02   0.29159313E-03
   0.42100000E-09   0.16097601E+00   0.25555092E-02   0.14610874E-02   0.25904152E-02   0.96097678E-01   0.28443626E-02   0.29159313E-03
   0.42600000E-09   0.16247397E+00   0.25555049E-02   0.14610874E-02   0.25851526E-02   0.96097678E-01   0.28443634E-02   0.29159313E-03
   0.43100000E-09   0.16397193E+00   0.25555005E-02   0.14610874E-02   0.25798900E-02   0.96097678E-01   0.28443642E-02   0.29159313E-03
   0.43600000E-09   0.16546989E+00   0.25554962E-02   0.14610874E-02   0.25746274E-02   0.96097678E-01   0.28443649E-02   0.29159313E-03
   0.44100000E-09   0.16696785E+00   0.25554919E-02   0.14610874E-02   0.25693648E-02   0.96097678E-01   0.28443657E-02   0.29159313E-03
   0.44600000E-09   0.16846581E+00   0.25554876E-02   0.14610874E-02   0.25641022E-02   0.96097678E-01   0.28443665E-02   0.29159313E-03
   0.45100000E-09   0.16996377E+00   0.25554832E-02   0.14610874E-02   0.25588396E-02   0.96097678E-01   0.28443673E-02   0.29159313E-03
   0.45600000E-09   0.17146173E+00   0.25554789E-02   0.14610874E-02   0.25535770E-02   0.96097678E-01   0.28443680E-02   0.29159313E-03
   0.46100000E-09   0.17295969E+00   0.25554746E-02   0.14610874E-02   0.25483145E-02   0.96097678E-01   0.28443688E-02   0.29159313E-03
   0.46600000E-09   0.17445765E+00   0.25554702E-02   0.14610874E-02   0.25430519E-02   0.96097678E-01   0.28443696E-02   0.29159313E-03
   0.47100000E-09   0.17595561E+00   0.25554659E-02   0.14610874E-02   0.25377893E-02   0.96097678E-01   0.28443703E-02   0.29159313E-03
   0.47600000E-09   0.17745357E+00   0.25554616E-02   0.14610874E-02   0.25325267E-02   0.96097678E-01   0.28443711E-02   0.29159313E-03
   0.48100000E-09   0.17895153E+00   0.25554573E-02   0.14610874E-02   0.25272641E-02   0.96097678E-01   0.28443719E-02   0.29159313E-03
   0.48600000E-09   0.18044949E+00   0.25554529E-02   0.14610874E-02   0.25220015E-02   0.96097678E-01   0.28443727E-02   0.29159313E-03
   0.49100000E-09   0.18194745E+00   0.25554486E-02   0.14610874E-02   0.25167389E-02   0.96097678E-01   0.28443734E-02   0.29159313E-03
   0.49600000E-09   0.18344541E+00   0.25554443E-02   0.14610874E-02   0.25114763E-02   0.96097678E-01   0.28443742E-02   0.29159313E-03
   0.50100000E-09   0.18494337E+00   0.25554400E-02   0.14610874E-02   0.25062138E-02   0.96097678E-01   0.28443750E-02   0.29159313E-03
   0.50600000E-09   0.18644133E+00   0.25554356E-02   0.14610874E-02   0.25009512E-02   0.96097678E-01   0.28443757E-02   0.29159313E-03
   0.51100000E-09   0.18793929E+00   0.25554313E-02   0.14610874E-02   0.24956886E-02   0.96097678E-01   0.28443765E-02   0.29159313E-03
   0.51600000E-09   0.18943726E+00   0.25554270E-02   0.14610874E-02   0.24904260E-02   0.96097678E-01   0.28443773E-02   0.29159313E-03
   0.52100000E-09   0.19093522E+00   0.25554226E-02   0.14610874E-02   0.24851634E-02   0.96097678E-01   0.28443781E-02   0.29159313E-03
   0.52600000E-09   0.19243318E+00   0.25554183E-02   0.14610874E-02   0.24799008E-02   0.96097678E-01   0.28443788E-02   0.29159313E-03
   0.53100000E-09   0.19393114E+00   0.25554140E-02   0.14610874E-02   0.24746382E-02   0.96097678E-01   0.28443796E-02   0.29159313E-03
   0.53600000E-09   0.19542910E+00   0.25554097E-02   0.14610874E-02   0.24693757E-02   0.96097678E-01   0.28443804E-02   0.29159313E-03
   0.54100000E-09   0.19692706E+00   0.25554053E-02   0.14610874E-02   0.24641131E-02   0.96097678E-01   0.28443811E-02   0.29159313E-03
   0.54600000E-09   0.19842502E+00   0.25554010E-02   0.14610874E-02   0.24588505E-02   0.96097678E-01   0.28443819E-02   0.29159313E-03
   0.55100000E-09   0.19992298E+00   0.25553967E-02   0.14610874E-02   0.24535879E-02   0.96097678E-01   0.28443827E-02   0.29159313E-03
   0.55600000E-09   0.20142094E+00   0.25553924E-02   0.14610874E-02   0.24483253E-02   0.96097678E-01   0.28443835E-02   0.29159313E-03
   0.56100000E-09   0.20291890E+00   0.25553880E-02   0.14610874E-02   0.24430627E-02   0.96097678E-01   0.28443842E-02   0.29159313E-03
   0.56600000E-09   0.20441686E+00   0.25553837E-02   0.14610874E-02   0.24378001E-02   0.96097678E-01   0.28443850E-02   0.29159313E-03
   0.57100000E-09   0.20591482E+00   0.25553794E-02   0.14610874E-02   0.24325375E-02   0.96097678E-01   0.28443858E-02   0.29159313E-03
   0.57600000E-09   0.20741278E+00   0.25553750E-02   0.14610874E-02   0.24272750E-02   0.96097678E-01   0.28443866E-02   0.29159313E-03
   0.58100000E-09   0.20891074E+00   0.25553707E-02   0.14610874E-02   0.24220124E-02   0.96097678E-01   0.28443873E-02   0.29159313E-03
   0.58600000E-09   0.21040870E+00   0.25553664E-02   0.14610874E-02   0.24167498E-02   0.96097678E-01   0.28443881E-02   0.29159313E-03
   0.59100000E-09   0.21190666E+00   0.25553621E-02   0.14610874E-02   0.24114872E-02   0.96097678E-01   0.28443889E-02   0.29159313E-03
   0.59600000E-09   0.21340462E+00   0.25553577E-02   0.14610874E-02   0.24062246E-02   0.96097678E-01   0.28443896E-02   0.29159313E-03
   0.60100000E-09   0.21490258E+00   0.25553534E-02   0.14610874E-02   0.24009620E-02   0.96097678E-01   0.28443904E-02   0.29159313E-03
   0.60600000E-09   0.21640054E+00   0.25553491E-02   0.14610874E-02   0.23956994E-02   0.96097678E-01   0.28443912E-02   0.29159313E-03
   0.61100000E-09   0.21789850E+00   0.25553448E-02   0.14610874E-02   0.23904368E-02   0.96097678E-01   0.28443920E-02   0.29159313E-03
   0.61600000E-09   0.21939646E+00   0.25553404E-02   0.14610874E-02   0.23851743E-02   0.96097678E-01   0.28443927E-02   0.29159313E-03
   0.62100000E-09   0.22089442E+00   0.25553361E-02   0.14610874E-02   0.23799117E-02   0.96097678E-01   0.28443935E-02   0.29159313E-03
   0.62600000E-09   0.22239238E+00   0.25553318E-02   0.14610874E-02   0.23746491E-02   0.96097678E-01   0.28443943E-02   0.29159313E-03
   0.63100000E-09   0.22389034E+00   0.25553274E-02   0.14610874E-02   0.23693865E-02   0.96097678E-01   0.28443950E-02   0.29159313E-03
   0.63600000E-09   0.22538830E+00   0.25553231E-02   0.14610874E-02   0.23641239E-02   0.96097678E-01   0.28443958E-02   0.29159313E-03
   0.64100000E-09   0.22688627E+00   0.25553188E-02   0.14610874E-02   0.23588613E-02   0.96097678E-01   0.28443966E-02   0.29159313E-03
   0.64600000E-09   0.22838423E+00   0.25553145E-02   0.14610874E-02   0.23535987E-02   0.96097678E-01   0.28443974E-02   0.29159313E-03
   0.65100000E-09   0.22988219E+00   0.25553101E-02   0.14610874E-02   0.23483361E-02   0.96097678E-01   0.28443981E-02   0.29159313E-03
   0.65600000E-09   0.23138015E+00   0.25553058E-02   0.14610874E-02   0.23430736E-02   0.96097678E-01   0.28443989E-02   0.29159313E-03
   0.66100000E-09   0.23287811E+00   0.25553015E-02   0.14610874E-02   0.23378110E-02   0.96097678E-01   0.28443997E-02   0.29159313E-03
   0.66600000E-09   0.23437607E+00   0.25552972E-02   0.14610874E-02   0.23325484E-02   0.96097678E-01   0.28444004E-02   0.29159313E-03
   0.67100000E-09   0.23587403E+00   0.25552928E-02   0.14610874E-02   0.23272858E-02   0.96097678E-01   0.28444012E-02   0.29159313E-03
   0.67600000E-09   0.23737199E+00   0.25552885E-02   0.14610874E-02   0.23220232E-02   0.96097678E-01   0.28444020E-02   0.29159313E-03
   0.68100000E-09   0.23886995E+00   0.25552842E-02   0.14610874E-02   0.23167606E-02   0.96097678E-01   0.28444028E-02   0.29159313E-03
   0.68600000E-09   0.24036791E+00   0.25552799E-02   0.14610874E-02   0.23114980E-02   0.96097678E-01   0.28444035E-02   0.29159313E-03
   0.69100000E-09   0.24186587E+00   0.25552755E-02   0.14610874E-02   0.23062355E-02   0.96097678E-01   0.28444043E-02   0.29159313E-03
   0.69600000E-09   0.24336383E+00   0.25552712E-02   0.14610874E-02   0.23009729E-02   0.96097678E-01   0.28444051E-02   0.29159313E-03
   0.70100000E-09   0.24486179E+00   0.25552669E-02   0.14610874E-02   0.22957103E-02   0.96097678E-01   0.28444059E-02   0.29159313E-03
   0.70600000E-09   0.24635975E+00   0.25552625E-02   0.14610874E-02   0.22904477E-02   0.96097678E-01   0.28444066E-02   0.29159313E-03
   0.71100000E-09   0.24785771E+00   0.25552582E-02   0.14610874E-02   0.22851851E-02   0.96097678E-01   0.28444074E-02   0.29159313E-03
   0.71600000E-09   0.24935567E+00   0.25552539E-02   0.14610874E-02   0.22799225E-02   0.96097678E-01   0.28444082E-02   0.29159313E-03
   0.72100000E-09   0.25085363E+00   0.25552496E-02   0.14610874E-02   0.22746599E-02   0.96097678E-01   0.28444089E-02   0.29159313E-03
   0.72600000E-09   0.25235159E+00   0.25552452E-02   0.14610874E-02   0.22693973E-02   0.96097678E-01   0.28444097E-02   0.29159313E-03
   0.73100000E-09   0.25384955E+00   0.25552409E-02   0.14610874E-02   0.22641348E-02   0.96097678E-01   0.28444105E-02   0.29159313E-03
   0.73600000E-09   0.25534751E+00   0.25552366E-02   0.14610874E-02   0.22588722E-02   0.96097678E-01   0.28444113E-02   0.29159313E-03
   0.74100000E-09   0.25684547E+00   0.25552323E-02   0.14610874E-02   0.22536096E-02   0.96097678E-01   0.28444120E-02   0.29159313E-03
   0.74600000E-09   0.25834343E+00   0.25552279E-02   0.14610874E-02   0.22483470E-02   0.96097678E-01   0.28444128E-02   0.29159313E-03
   0.75100000E-09   0.25984139E+00   0.25552236E-02   0.14610874E-02   0.22430844E-02   0.96097678E-01   0.28444136E-02   0.29159313E-03
   0.75600000E-09   0.26133935E+00   0.25552193E-02   0.14610874E-02   0.22378218E-02   0.96097678E-01   0.28444143E-02   0.29159313E-03
   0.76100000E-09   0.26283731E+00   0.25552149E-02   0.14610874E-02   0.22325592E-02   0.96097678E-01   0.28444151E-02   0.29159313E-03
   0.76600000E-09   0.26433528E+00   0.25552106E-02   0.14610874E-02   0.22272966E-02   0.96097678E-01   0.28444159E-02   0.29159313E-03
   0.77100000E-09   0.26583324E+00   0.25552063E-02   0.14610874E-02   0.22220341E-02   0.96097678E-01   0.28444167E-02   0.29159313E-03
   0.77600000E-09   0.26733120E+00   0.25552020E-02   0.14610874E-02   0.22167715E-02   0.96097678E-01   0.28444174E-02   0.29159313E-03
   0.78100000E-09   0.26882916E+00   0.25551976E-02   0.14610874E-02   0.22115089E-02   0.96097678E-01   0.28444182E-02   0.29159313E-03
   0.78600000E-09   0.27032712E+00   0.25551933E-02   0.14610874E-02   0.22062463E-02   0.96097678E-01   0.28444190E-02   0.29159313E-03
   0.79100000E-09   0.27182508E+00   0.25551890E-02   0.14610874E-02   0.22009837E-02   0.96097678E-01   0.28444197E-02   0.29159313E-03
   0.79600000E-09   0.27332304E+00   0.25551847E-02   0.14610874E-02   0.21957211E-02   0.96097678E-01   0.28444205E-02   0.29159313E-03
   0.80100000E-09   0.27482100E+00   0.25551803E-02   0.14610874E-02   0.21904585E-02   0.96097678E-01   0.28444213E-02   0.29159313E-03
   0.80600000E-09   0.27631896E+00   0.25551760E-02   0.14610874E-02   0.21851960E-02   0.96097678E-01   0.28444221E-02   0.29159313E-03
   0.81100000E-09   0.27781692E+00   0.25551717E-02   0.14610874E-02   0.21799334E-02   0.96097678E-01   0.28444228E-02   0.29159313E-03
   0.81600000E-09   0.27931488E+00   0.25551673E-02   0.14610874E-02   0.21746708E-02   0.96097678E-01   0.28444236E-02   0.29159313E-03
   0.82100000E-09   0.28081284E+00   0.25551630E-02   0.14610874E-02   0.21694082E-02   0.96097678E-01   0.28444244E-02   0.29159313E-03
   0.82600000E-09   0.28231080E+00   0.25551587E-02   0.14610874E-02   0.21641456E-02   0.96097678E-01   0.28444251E-02   0.29159313E-03
   0.83100000E-09   0.28380876E+00   0.25551544E-02   0.14610874E-02   0.21588830E-02   0.96097678E-01   0.28444259E-02   0.29159313E-03
   0.83600000E-09   0.28530672E+00   0.25551500E-02   0.14610874E-02   0.21536204E-02   0.96097678E-01   0.28444267E-02   0.29159313E-03
   0.84100000E-09   0.28680468E+00   0.25551457E-02   0.14610874E-02   0.21483578E-02   0.96097678E-01   0.28444275E-02   0.29159313E-03
   0.84600000E-09   0.28830264E+00   0.25551414E-02   0.14610874E-02   0.21430953E-02   0.96097678E-01   0.28444282E-02   0.29159313E-03
   0.85100000E-09   0.28980060E+00   0.25551371E-02   0.14610874E-02   0.21378327E-02   0.96097678E-01   0.28444290E-02   0.29159313E-03
   0.85600000E-09   0.29129856E+00   0.25551327E-02   0.14610874E-02   0.21325701E-02   0.96097678E-01   0.28444298E-02   0.29159313E-03
   0.86100000E-09   0.29279652E+00   0.25551284E-02   0.14610874E-02   0.21273075E-02   0.96097678E-01   0.28444306E-02   0.29159313E-03
   0.86600000E-09   0.29429448E+00   0.25551241E-02   0.14610874E-02   0.21220449E-02   0.96097678E-01   0.28444313E-02   0.29159313E-03
   0.87100000E-09   0.29579244E+00   0.25551197E-02   0.14610874E-02   0.21167823E-02   0.96097678E-01   0.28444321E-02   0.29159313E-03
   0.87600000E-09   0.29729040E+00   0.25551154E-02   0.14610874E-02   0.21115197E-02   0.96097678E-01   0.28444329E-02   0.29159313E-03
   0.88100000E-09   0.29878836E+00   0.25551111E-02   0.14610874E-02   0.21062571E-02   0.96097678E-01   0.28444336E-02   0.29159313E-03
   0.88600000E-09   0.30028633E+00   0.25551068E-02   0.14610874E-02   0.21009946E-02   0.96097678E-01   0.28444344E-02   0.29159313E-03
   0.89100000E-09   0.30178429E+00   0.25551024E-02   0.14610874E-02   0.20957320E-02   0.96097678E-01   0.28444352E-02   0.29159313E-03
   0.89600000E-09   0.30328225E+00   0.25550981E-02   0.14610874E-02   0.20904694E-02   0.96097678E-01   0.28444360E-02   0.29159313E-03
   0.90100000E-09   0.30478021E+00   0.25550938E-02   0.14610874E-02   0.20852068E-02   0.96097678E-01   0.28444367E-02   0.29159313E-03
   0.90600000E-09   0.30627817E+00   0.25550895E-02   0.14610874E-02   0.20799442E-02   0.96097678E-01   0.28444375E-02   0.29159313E-03
   0.91100000E-09   0.30777613E+00   0.25550851E-02   0.14610874E-02   0.20746816E-02   0.96097678E-01   0.28444383E-02   0.29159313E-03
   0.91600000E-09   0.30927409E+00   0.25550808E-02   0.14610874E-02   0.20694190E-02   0.96097678E-01   0.28444390E-02   0.29159313E-03
   0.92100000E-09   0.31077205E+00   0.25550765E-02   0.14610874E-02   0.20641564E-02   0.96097678E-01   0.28444398E-02   0.29159313E-03
   0.92600000E-09   0.31227001E+00   0.25550721E-02   0.14610874E-02   0.20588939E-02   0.96097678E-01   0.28444406E-02   0.29159313E-03
   0.93100000E-09   0.31376797E+00   0.25550678E-02   0.14610874E-02   0.20536313E-02   0.96097678E-01   0.28444414E-02   0.29159313E-03
   0.93600000E-09   0.31526593E+00   0.25550635E-02   0.14610874E-02   0.20483687E-02   0.96097678E-01   0.28444421E-02   0.29159313E-03
   0.94100000E-09   0.31676389E+00   0.25550592E-02   0.14610874E-02   0.20431061E-02   0.96097678E-01   0.28444429E-02   0.29159313E-03
   0.94600000E-09   0.31826185E+00   0.25550548E-02   0.14610874E-02   0.20378435E-02   0.96097678E-01   0.28444437E-02   0.29159313E-03
   0.95100000E-09   0.31975981E+00   0.25550505E-02   0.14610874E-02   0.20325809E-02   0.96097678E-01   0.28444444E-02   0.29159313E-03
   0.95600000E-09   0.32125777E+00   0.25550462E-02   0.14610874E-02   0.20273183E-02   0.96097678E-01   0.28444452E-02   0.29159313E-03
   0.96100000E-09   0.32275573E+00   0.25550419E-02   0.14610874E-02   0.20220558E-02   0.96097678E-01   0.28444460E-02   0.29159313E-03
   0.96600000E-09   0.32425369E+00   0.25550375E-02   0.14610874E-02   0.20167932E-02   0.96097678E-01   0.28444468E-02   0.29159313E-03
   0.97100000E-09   0.32575165E+00   0.25550332E-02   0.14610874E-02   0.20115306E-02   0.96097678E-01   0.28444475E-02   0.29159313E-03
   0.97600000E-09   0.32724961E+00   0.25550289E-02   0.14610874E-02   0.20062680E-02   0.96097678E-01   0.28444483E-02   0.29159313E-03
   0.98100000E-09   0.32874757E+00   0.25550245E-02   0.14610874E-02   0.20010054E-02   0.96097678E-01   0.28444491E-02   0.29159313E-03
   0.98600000E-09   0.33024553E+00   0.25550202E-02   0.14610874E-02   0.19957428E-02   0.96097678E-01   0.28444498E-02   0.29159313E-03
   0.99100000E-09   0.33174349E+00   0.25550159E-02   0.14610874E-02   0.19904802E-02   0.96097678E-01   0.28444506E-02   0.29159313E-03
   0.99600000E-09   0.33324145E+00   0.25550116E-02   0.14610874E-02   0.19852176E-02   0.96097678E-01   0.28444514E-02   0.29159313E-03
   0.10010000E-08   0.33473941E+00   0.25550072E-02   0.14610874E-02   0.19799551E-02   0.96097678E-01   0.28444522E-02   0.29159313E-03
   0.10060000E-08   0.33623737E+00   0.25550029E-02   0.14610874E-02   0.19746925E-02   0.96097678E-01   0.28444529E-02   0.29159313E-03
   0.10110000E-08   0.33773534E+00   0.25549986E-02   0.14610874E-02   0.19694299E-02   0.96097678E-01   0.28444537E-02   0.29159313E-03
   0.10160000E-08   0.33923330E+00   0.25549943E-02   0.14610874E-02   0.19641673E-02   0.96097678E-01   0.28444545E-02   0.29159313E-03
   0.10210000E-08   0.34073126E+00   0.25549899E-02   0.14610874E-02   0.19589047E-02   0.96097678E-01   0.28444553E-02   0.29159313E-03
   0.10260000E-08   0.34222922E+00   0.25549856E-02   0.14610874E-02   0.19536421E-02   0.96097678E-01   0.28444560E-02   0.29159313E-03
   0.10310000E-08   0.34372718E+00   0.25549813E-02   0.14610874E-02   0.19483795E-02   0.96097678E-01   0.28444568E-02   0.29159313E-03
   0.10360000E-08   0.34522514E+00   0.25549769E-02   0.14610874E-02   0.19431169E-02   0.96097678E-01   0.28444576E-02   0.29159313E-03
   0.10410000E-08   0.34672310E+00   0.25549726E-02   0.14610874E-02   0.19378544E-02   0.96097678E-01   0.28444583E-02   0.29159313E-03
   0.10460000E-08   0.34822106E+00   0.25549683E-02   0.14610874E-02   0.19325918E-02   0.96097678E-01   0.28444591E-02   0.29159313E-03
   0.10510000E-08   0.34971902E+00   0.25549640E-02   0.14610874E-02   0.19273292E-02   0.96097678E-01   0.28444599E-02   0.29159313E-03
   0.10560000E-08   0.35121698E+00   0.25549596E-02   0.14610874E-02   0.19220666E-02   0.96097678E-01   0.28444607E-02   0.29159313E-03
   0.10610000E-08   0.35271494E+00   0.25549553E-02   0.14610874E-02   0.19168040E-02   0.96097678E-01   0.28444614E-02   0.29159313E-03
   0.10660000E-08   0.35421290E+00   0.25549510E-02   0.14610874E-02   0.19115414E-02   0.96097678E-01   0.28444622E-02   0.29159313E-03
   0.10710000E-08   0.35571086E+00   0.25549467E-02   0.14610874E-02   0.19062788E-02   0.96097678E-01   0.28444630E-02   0.29159313E-03
   0.10760000E-08   0.35720882E+00   0.25549423E-02   0.14610874E-02   0.19010162E-02   0.96097678E-01   0.28444637E-02   0.29159313E-03
   0.10810000E-08   0.35870678E+00   0.25549380E-02   0.14610874E-02   0.18957537E-02   0.96097678E-01   0.28444645E-02   0.29159313E-03
   0.10860000E-08   0.36020474E+00   0.25549337E-02   0.14610874E-02   0.18904911E-02   0.96097678E-01   0.28444653E-02   0.29159313E-03
   0.10910000E-08   0.36170270E+00   0.25549293E-02   0.14610874E-02   0.18852285E-02   0.96097678E-01   0.28444661E-02   0.29159313E-03
   0.10960000E-08   0.36320066E+00   0.25549250E-02   0.14610874E-02   0.18799659E-02   0.96097678E-01   0.28444668E-02   0.29159313E-03
   0.11010000E-08   0.36469862E+00   0.25549207E-02   0.14610874E-02   0.18747033E-02   0.96097678E-01   0.28444676E-02   0.29159313E-03
   0.11060000E-08   0.36619658E+00   0.25549164E-02   0.14610874E-02   0.18694407E-02   0.96097678E-01   0.28444684E-02   0.29159313E-03
   0.11110000E-08   0.36769454E+00   0.25549120E-02   0.14610874E-02   0.18641781E-02   0.96097678E-01   0.28444691E-02   0.29159313E-03
   0.11160000E-08   0.36919250E+00   0.25549077E-02   0.14610874E-02   0.18589156E-02   0.96097678E-01   0.28444699E-02   0.29159313E-03
   0.11210000E-08   0.37069046E+00   0.25549034E-02   0.14610874E-02   0.18536530E-02   0.96097678E-01   0.28444707E-02   0.29159313E-03
   0.11260000E-08   0.37218842E+00   0.25548991E-02   0.14610874E-02   0.18483904E-02   0.96097678E-01   0.28444715E-02   0.29159313E-03
   0.11310000E-08   0.37368638E+00   0.25548947E-02   0.14610874E-02   0.18431278E-02   0.96097678E-01   0.28444722E-02   0.29159313E-03
   0.11360000E-08   0.37518435E+00   0.25548904E-02   0.14610874E-02   0.18378652E-02   0.96097678E-01   0.28444730E-02   0.29159313E-03
   0.11410000E-08   0.37668231E+00   0.25548861E-02   0.14610874E-02   0.18326026E-02   0.96097678E-01   0.28444738E-02   0.29159313E-03
   0.11460000E-08   0.37818027E+00   0.25548817E-02   0.14610874E-02   0.18273400E-02   0.96097678E-01   0.28444746E-02   0.29159313E-03
   0.11510000E-08   0.37967823E+00   0.25548774E-02   0.14610874E-02   0.18220774E-02   0.96097678E-01   0.28444753E-02   0.29159313E-03
   0.11560000E-08   0.38117619E+00   0.25548731E-02   0.14610874E-02   0.18168149E-02   0.96097678E-01   0.28444761E-02   0.29159313E-03
   0.11610000E-08   0.38267415E+00   0.25548688E-02   0.14610874E-02   0.18115523E-02   0.96097678E-01   0.28444769E-02   0.29159313E-03
   0.11660000E-08   0.38417211E+00   0.25548644E-02   0.14610874E-02   0.18062897E-02   0.96097678E-01   0.28444776E-02   0.29159313E-03
   0.11710000E-08   0.38567007E+00   0.25548601E-02   0.14610874E-02   0.18010271E-02   0.96097678E-01   0.28444784E-02   0.29159313E-03
   0.11760000E-08   0.38716803E+00   0.25548558E-02   0.14610874E-02   0.17957645E-02   0.96097678E-01   0.28444792E-02   0.29159313E-03
   0.11810000E-08   0.38866599E+00   0.25548515E-02   0.14610874E-02   0.17905019E-02   0.96097678E-01   0.28444800E-02   0.29159313E-03
   0.11860000E-08   0.39016395E+00   0.25548471E-02   0.14610874E-02   0.17852393E-02   0.96097678E-01   0.28444807E-02   0.29159313E-03
   0.11910000E-08   0.39166191E+00   0.25548428E-02   0.14610874E-02   0.17799767E-02   0.96097678E-01   0.28444815E-02   0.29159313E-03
   0.11960000E-08   0.39315987E+00   0.25548385E-02   0.14610874E-02   0.17747142E-02   0.96097678E-01   0.28444823E-02   0.29159313E-03
   0.12010000E-08   0.39465783E+00   0.25548341E-02   0.14610874E-02   0.17694516E-02   0.96097678E-01   0.28444830E-02   0.29159313E-03
   0.12060000E-08   0.39615579E+00   0.25548298E-02   0.14610874E-02   0.17641890E-02   0.96097678E-01   0.28444838E-02   0.29159313E-03
   0.12110000E-08   0.39765375E+00   0.25548255E-02   0.14610874E-02   0.17589264E-02   0.96097678E-01   0.28444846E-02   0.29159313E-03
   0.12160000E-08   0.39915171E+00   0.25548212E-02   0.14610874E-02   0.17536638E-02   0.96097678E-01   0.28444854E-02   0.29159313E-03
   0.12210000E-08   0.40064967E+00   0.25548168E-02   0.14610874E-02   0.17484012E-02   0.96097678E-01   0.28444861E-02   0.29159313E-03
   0.12260000E-08   0.40214763E+00   0.25548125E-02   0.14610874E-02   0.17431386E-02   0.96097678E-01   0.28444869E-02   0.29159313E-03
   0.12310000E-08   0.40364559E+00   0.25548082E-02   0.14610874E-02   0.17378761E-02   0.96097678E-01   0.28444877E-02   0.29159313E-03
   0.12360000E-08   0.40514355E+00   0.25548039E-02   0.14610874E-02   0.17326135E-02   0.96097678E-01   0.28444884E-02   0.29159313E-03
   0.12410000E-08   0.40664151E+00   0.25547995E-02   0.14610874E-02   0.17273509E-02   0.96097678E-01   0.28444892E-02   0.29159313E-03
   0.12460000E-08   0.40813947E+00   0.25547952E-02   0.14610874E-02   0.17220883E-02   0.96097678E-01   0.28444900E-02   0.29159313E-03
   0.12510000E-08   0.40963743E+00   0.25547909E-02   0.14610874E-02   0.17168257E-02   0.96097678E-01   0.28444908E-02   0.29159313E-03
   0.12560000E-08   0.41113539E+00   0.25547865E-02   0.14610874E-02   0.17115631E-02   0.96097678E-01   0.28444915E-02   0.29159313E-03
   0.12610000E-08   0.41263336E+00   0.25547822E-02   0.14610874E-02   0.17063005E-02   0.96097678E-01   0.28444923E-02   0.29159313E-03
   0.12660000E-08   0.41413132E+00   0.25547779E-02   0.14610874E-02   0.17010379E-02   0.96097678E-01   0.28444931E-02   0.29159313E-03
   0.12710000E-08   0.41562928E+00   0.25547736E-02   0.14610874E-02   0.16957754E-02   0.96097678E-01   0.28444938E-02   0.29159313E-03
   0.12760000E-08   0.41712724E+00   0.25547692E-02   0.14610874E-02   0.16905128E-02   0.96097678E-01   0.28444946E-02   0.29159313E-03
   0.12810000E-08   0.41862520E+00   0.25547649E-02   0.14610874E-02   0.16852502E-02   0.96097678E-01   0.28444954E-02   0.29159313E-03
   0.12860000E-08   0.42012316E+00   0.25547606E-02   0.14610874E-02   0.16799876E-02   0.96097678E-01   0.28444962E-02   0.29159313E-03
   0.12910000E-08   0.42162112E+00   0.25547563E-02   0.14610874E-02   0.16747250E-02   0.96097678E-01   0.28444969E-02   0.29159313E-03
   0.12960000E-08   0.42311908E+00   0.25547519E-02   0.14610874E-02   0.16694624E-02   0.96097678E-01   0.28444977E-02   0.29159313E-03
   0.13010000E-08   0.42461704E+00   0.25547476E-02   0.14610874E-02   0.16641998E-02   0.96097678E-01   0.28444985E-02   0.29159313E-03
   0.13060000E-08   0.42611500E+00   0.25547433E-02   0.14610874E-02   0.16589372E-02   0.96097678E-01   0.28444993E-02   0.29159313E-03
   0.13110000E-08   0.42761296E+00   0.25547389E-02   0.14610874E-02   0.16536747E-02   0.96097678E-01   0.28445000E-02   0.29159313E-03
   0.13160000E-08   0.42911092E+00   0.25547346E-02   0.14610874E-02   0.16484121E-02   0.96097678E-01   0.28445008E-02   0.29159313E-03
   0.13210000E-08   0.43060888E+00   0.25547303E-02   0.14610874E-02   0.16431495E-02   0.96097678E-01   0.28445016E-02   0.29159313E-03
   0.13260000E-08   0.43210684E+00   0.25547260E-02   0.14610874E-02   0.16378869E-02   0.96097678E-01   0.28445023E-02   0.29159313E-03
   0.13310000E-08   0.43360480E+00   0.25547216E-02   0.14610874E-02   0.16326243E-02   0.96097678E-01   0.28445031E-02   0.29159313E-03
   0.13360000E-08   0.43510276E+00   0.25547173E-02   0.14610874E-02   0.16273617E-02   0.96097678E-01   0.28445039E-02   0.29159313E-03
   0.13410000E-08   0.43660072E+00   0.25547130E-02   0.14610874E-02   0.16220991E-02   0.96097678E-01   0.28445047E-02   0.29159313E-03
   0.13460000E-08   0.43809868E+00   0.25547087E-02   0.14610874E-02   0.16168365E-02   0.96097678E-01   0.28445054E-02   0.29159313E-03
   0.13510000E-08   0.43959664E+00   0.25547043E-02   0.14610874E-02   0.16115740E-02   0.96097678E-01   0.28445062E-02   0.29159313E-03
   0.13560000E-08   0.44109460E+00   0.25547000E-02   0.14610874E-02   0.16063114E-02   0.96097678E-01   0.28445070E-02   0.29159313E-03
   0.13610000E-08   0.44259256E+00   0.25546957E-02   0.14610874E-02   0.16010488E-02   0.96097678E-01   0.28445077E-02   0.29159313E-03
   0.13660000E-08   0.44409052E+00   0.25546913E-02   0.14610874E-02   0.15957862E-02   0.96097678E-01   0.28445085E-02   0.29159313E-03
   0.13710000E-08   0.44558848E+00   0.25546870E-02   0.14610874E-02   0.15905236E-02   0.96097678E-01   0.28445093E-02   0.29159313E-03
   0.13760000E-08   0.44708644E+00   0.25546827E-02   0.14610874E-02   0.15852610E-02   0.96097678E-01   0.28445101E-02   0.29159313E-03
   0.13810000E-08   0.44858440E+00   0.25546784E-02   0.14610874E-02   0.15799984E-02   0.96097678E-01   0.28445108E-02   0.29159313E-03
   0.13860000E-08   0.45008237E+00   0.25546740E-02   0.14610874E-02   0.15747359E-02   0.96097678E-01   0.28445116E-02   0.29159313E-03
   0.13910000E-08   0.45158033E+00   0.25546697E-02   0.14610874E-02   0.15694733E-02   0.96097678E-01   0.28445124E-02   0.29159313E-03
   0.13960000E-08   0.45307829E+00   0.25546654E-02   0.14610874E-02   0.15642107E-02   0.96097678E-01   0.28445131E-02   0.29159313E-03
   0.14010000E-08   0.45457625E+00   0.25546611E-02   0.14610874E-02   0.15589481E-02   0.96097678E-01   0.28445139E-02   0.29159313E-03
   0.14060000E-08   0.45607421E+00   0.25546567E-02   0.14610874E-02   0.15536855E-02   0.96097678E-01   0.28445147E-02   0.29159313E-03
   0.14110000E-08   0.45757217E+00   0.25546524E-02   0.14610874E-02   0.15484229E-02   0.96097678E-01   0.28445155E-02   0.29159313E-03
   0.14160000E-08   0.45907013E+00   0.25546481E-02   0.14610874E-02   0.15431603E-02   0.96097678E-01   0.28445162E-02   0.29159313E-03
   0.14210000E-08   0.46056809E+00   0.25546437E-02   0.14610874E-02   0.15378977E-02   0.96097678E-01   0.28445170E-02   0.29159313E-03
   0.14260000E-08   0.46206605E+00   0.25546394E-02   0.14610874E-02   0.15326352E-02   0.96097678E-01   0.28445178E-02   0.29159313E-03
   0.14310000E-08   0.46356401E+00   0.25546351E-02   0.14610874E-02   0.15273726E-02   0.96097678E-01   0.28445185E-02   0.29159313E-03
   0.14360000E-08   0.46506197E+00   0.25546308E-02   0.14610874E-02   0.15221100E-02   0.96097678E-01   0.28445193E-02   0.29159313E-03
   0.14410000E-08   0.46655993E+00   0.25546264E-02   0.14610874E-02   0.15168474E-02   0.96097678E-01   0.28445201E-02   0.29159313E-03
   0.14460000E-08   0.46805789E+00   0.25546221E-02   0.14610874E-02   0.15115848E-02   0.96097678E-01   0.28445209E-02   0.29159313E-03
   0.14510000E-08   0.46955585E+00   0.25546178E-02   0.14610874E-02   0.15063222E-02   0.96097678E-01   0.28445216E-02   0.29159313E-03
   0.14560000E-08   0.47105381E+00   0.25546135E-02   0.14610874E-02   0.15010596E-02   0.96097678E-01   0.28445224E-02   0.29159313E-03
   0.14610000E-08   0.47255177E+00   0.25546091E-02   0.14610874E-02   0.14957970E-02   0.96097678E-01   0.28445232E-02   0.29159313E-03
   0.14660000E-08   0.47404973E+00   0.25546048E-02   0.14610874E-02   0.14905345E-02   0.96097678E-01   0.28445240E-02   0.29159313E-03
   0.14710000E-08   0.47554769E+00   0.25546005E-02   0.14610874E-02   0.14852719E-02   0.96097678E-01   0.28445247E-02   0.29159313E-03
   0.14760000E-08   0.47704565E+00   0.25545962E-02   0.14610874E-02   0.14800093E-02   0.96097678E-01   0.28445255E-02   0.29159313E-03
   0.14810000E-08   0.47854361E+00   0.25545918E-02   0.14610874E-02   0.14747467E-02   0.96097678E-01   0.28445263E-02   0.29159313E-03
   0.14860000E-08   0.48004157E+00   0.25545875E-02   0.14610874E-02   0.14694841E-02   0.96097678E-01   0.28445270E-02   0.29159313E-03
   0.14910000E-08   0.48153953E+00   0.25545832E-02   0.14610874E-02   0.14642215E-02   0.96097678E-01   0.28445278E-02   0.29159313E-03
   0.14960000E-08   0.48303749E+00   0.25545788E-02   0.14610874E-02   0.14589589E-02   0.96097678E-01   0.28445286E-02   0.29159313E-03
   0.15010000E-08   0.48453545E+00   0.25545745E-02   0.14610874E-02   0.14536963E-02   0.96097678E-01   0.28445294E-02   0.29159313E-03
   0.15060000E-08   0.48603342E+00   0.25545702E-02   0.14610874E-02   0.14484338E-02   0.96097678E-01   0.28445301E-02   0.29159313E-03
   0.15110000E-08   0.48753138E+00   0.25545659E-02   0.14610874E-02   0.14431712E-02   0.96097678E-01   0.28445309E-02   0.29159313E-03
   0.15160000E-08   0.48902934E+00   0.25545615E-02   0.14610874E-02   0.14379086E-02   0.96097678E-01   0.28445317E-02   0.29159313E-03
   0.15210000E-08   0.49052730E+00   0.25545572E-02   0.14610874E-02   0.14326460E-02   0.96097678E-01   0.28445324E-02   0.29159313E-03
   0.15260000E-08   0.49202526E+00   0.25545529E-02   0.14610874E-02   0.14273834E-02   0.96097678E-01   0.28445332E-02   0.29159313E-03
   0.15310000E-08   0.49352322E+00   0.25545486E-02   0.14610874E-02   0.14221208E-02   0.96097678E-01   0.28445340E-02   0.29159313E-03
   0.15360000E-08   0.49502118E+00   0.25545442E-02   0.14610874E-02   0.14168582E-02   0.96097678E-01   0.28445348E-02   0.29159313E-03
   0.15410000E-08   0.49651914E+00   0.25545399E-02   0.14610874E-02   0.14115957E-02   0.96097678E-01   0.28445355E-02   0.29159313E-03
   0.15460000E-08   0.49801710E+00   0.25545356E-02   0.14610874E-02   0.14063331E-02   0.96097678E-01   0.28445363E-02   0.29159313E-03
   0.15510000E-08   0.49951506E+00   0.25545312E-02   0.14610874E-02   0.14010705E-02   0.96097678E-01   0.28445371E-02   0.29159313E-03
   0.15560000E-08   0.50101302E+00   0.25545269E-02   0.14610874E-02   0.13958079E-02   0.96097678E-01   0.28445378E-02   0.29159313E-03
   0.15610000E-08   0.50251098E+00   0.25545226E-02   0.14610874E-02   0.13905453E-02   0.96097678E-01   0.28445386E-02   0.29159313E-03
   0.15660000E-08   0.50400894E+00   0.25545183E-02   0.14610874E-02   0.13852827E-02   0.96097678E-01   0.28445394E-02   0.29159313E-03
   0.15710000E-08   0.50550690E+00   0.25545139E-02   0.14610874E-02   0.13800201E-02   0.96097678E-01   0.28445402E-02   0.29159313E-03
   0.15760000E-08   0.50700486E+00   0.25545096E-02   0.14610874E-02   0.13747575E-02   0.96097678E-01   0.28445409E-02   0.29159313E-03
   0.15810000E-08   0.50850282E+00   0.25545053E-02   0.14610874E-02   0.13694950E-02   0.96097678E-01   0.28445417E-02   0.29159313E-03
   0.15860000E-08   0.51000078E+00   0.25545010E-02   0.14610874E-02   0.13642324E-02   0.96097678E-01   0.28445425E-02   0.29159313E-03
   0.15910000E-08   0.51149874E+00   0.25544966E-02   0.14610874E-02   0.13589698E-02   0.96097678E-01   0.28445433E-02   0.29159313E-03
   0.15960000E-08   0.51299670E+00   0.25544923E-02   0.14610874E-02   0.13537072E-02   0.96097678E-01   0.28445440E-02   0.29159313E-03
   0.16010000E-08   0.51449466E+00   0.25544880E-02   0.14610874E-02   0.13484446E-02   0.96097678E-01   0.28445448E-02   0.29159313E-03
   0.16060000E-08   0.51599262E+00   0.25544836E-02   0.14610874E-02   0.13431820E-02   0.96097678E-01   0.28445456E-02   0.29159313E-03
   0.16110000E-08   0.51749058E+00   0.25544793E-02   0.14610874E-02   0.13379194E-02   0.96097678E-01   0.28445463E-02   0.29159313E-03
   0.16160000E-08   0.51898854E+00   0.25544750E-02   0.14610874E-02   0.13326568E-02   0.96097678E-01   0.28445471E-02   0.29159313E-03
   0.16210000E-08   0.52048650E+00   0.25544707E-02   0.14610874E-02   0.13273943E-02   0.96097678E-01   0.28445479E-02   0.29159313E-03
   0.16260000E-08   0.52198446E+00   0.25544663E-02   0.14610874E-02   0.13221317E-02   0.96097678E-01   0.28445487E-02   0.29159313E-03
   0.16310000E-08   0.52348243E+00   0.25544620E-02   0.14610874E-02   0.13168691E-02   0.96097678E-01   0.28445494E-02   0.29159313E-03
   0.16360000E-08   0.52498039E+00   0.25544577E-02   0.14610874E-02   0.13116065E-02   0.96097678E-01   0.28445502E-02   0.29159313E-03
   0.16410000E-08   0.52647835E+00   0.25544534E-02   0.14610874E-02   0.13063439E-02   0.96097678E-01   0.28445510E-02   0.29159313E-03
   0.16460000E-08   0.52797631E+00   0.25544490E-02   0.14610874E-02   0.13010813E-02   0.96097678E-01   0.28445517E-02   0.29159313E-03
   0.16510000E-08   0.52947427E+00   0.25544447E-02   0.14610874E-02   0.12958187E-02   0.96097678E-01   0.28445525E-02   0.29159313E-03
   0.16560000E-08   0.53097223E+00   0.25544404E-02   0.14610874E-02   0.12905562E-02   0.96097678E-01   0.28445533E-02   0.29159313E-03
   0.16610000E-08   0.53247019E+00   0.25544360E-02   0.14610874E-02   0.12852936E-02   0.96097678E-01   0.28445541E-02   0.29159313E-03
   0.16660000E-08   0.53396815E+00   0.25544317E-02   0.14610874E-02   0.12800310E-02   0.96097678E-01   0.28445548E-02   0.29159313E-03
   0.16710000E-08   0.53546611E+00   0.25544274E-02   0.14610874E-02   0.12747684E-02   0.96097678E-01   0.28445556E-02   0.29159313E-03
   0.16760000E-08   0.53696407E+00   0.25544231E-02   0.14610874E-02   0.12695058E-02   0.96097678E-01   0.28445564E-02   0.29159313E-03
   0.16810000E-08   0.53846203E+00   0.25544187E-02   0.14610874E-02   0.12642432E-02   0.96097678E-01   0.28445571E-02   0.29159313E-03
   0.16860000E-08   0.53995999E+00   0.25544144E-02   0.14610874E-02   0.12589806E-02   0.96097678E-01   0.28445579E-02   0.29159313E-03
   0.16910000E-08   0.54145795E+00   0.25544101E-02   0.14610874E-02   0.12537180E-02   0.96097678E-01   0.28445587E-02   0.29159313E-03
   0.16960000E-08   0.54295591E+00   0.25544058E-02   0.14610874E-02   0.12484555E-02   0.96097678E-01   0.28445595E-02   0.29159313E-03
   0.17010000E-08   0.54445387E+00   0.25544014E-02   0.14610874E-02   0.12431929E-02   0.96097678E-01   0.28445602E-02   0.29159313E-03
   0.17060000E-08   0.54595183E+00   0.25543971E-02   0.14610874E-02   0.12379303E-02   0.96097678E-01   0.28445610E-02   0.29159313E-03
   0.17110000E-08   0.54744979E+00   0.25543928E-02   0.14610874E-02   0.12326677E-02   0.96097678E-01   0.28445618E-02   0.29159313E-03
   0.17160000E-08   0.54894775E+00   0.25543884E-02   0.14610874E-02   0.12274051E-02   0.96097678E-01   0.28445625E-02   0.29159313E-03
   0.17210000E-08   0.55044571E+00   0.25543841E-02   0.14610874E-02   0.12221425E-02   0.96097678E-01   0.28445633E-02   0.29159313E-03
   0.17260000E-08   0.55194367E+00   0.25543798E-02   0.14610874E-02   0.12168799E-02   0.96097678E-01   0.28445641E-02   0.29159313E-03
   0.17310000E-08   0.55344163E+00   0.25543755E-02   0.14610874E-02   0.12116173E-02   0.96097678E-01   0.28445649E-02   0.29159313E-03
   0.17360000E-08   0.55493959E+00   0.25543711E-02   0.14610874E-02   0.12063548E-02   0.96097678E-01   0.28445656E-02   0.29159313E-03
   0.17410000E-08   0.55643755E+00   0.25543668E-02   0.14610874E-02   0.12010922E-02   0.96097678E-01   0.28445664E-02   0.29159313E-03
   0.17460000E-08   0.55793551E+00   0.25543625E-02   0.14610874E-02   0.11958296E-02   0.96097678E-01   0.28445672E-02   0.29159313E-03
   0.17510000E-08   0.55943347E+00   0.25543582E-02   0.14610874E-02   0.11905670E-02   0.96097678E-01   0.28445680E-02   0.29159313E-03
   0.17560000E-08   0.56093144E+00   0.25543538E-02   0.14610874E-02   0.11853044E-02   0.96097678E-01   0.28445687E-02   0.29159313E-03
   0.17610000E-08   0.56242940E+00   0.25543495E-02   0.14610874E-02   0.11800418E-02   0.96097678E-01   0.28445695E-02   0.29159313E-03
   0.17660000E-08   0.56392736E+00   0.25543452E-02   0.14610874E-02   0.11747792E-02   0.96097678E-01   0.28445703E-02   0.29159313E-03
   0.17710000E-08   0.56542532E+00   0.25543408E-02   0.14610874E-02   0.11695166E-02   0.96097678E-01   0.28445710E-02   0.29159313E-03
   0.17760000E-08   0.56692328E+00   0.25543365E-02   0.14610874E-02   0.11642541E-02   0.96097678E-01   0.28445718E-02   0.29159313E-03
   0.17810000E-08   0.56842124E+00   0.25543322E-02   0.14610874E-02   0.11589915E-02   0.96097678E-01   0.28445726E-02   0.29159313E-03
   0.17860000E-08   0.56991920E+00   0.25543279E-02   0.14610874E-02   0.11537289E-02   0.96097678E-01   0.28445734E-02   0.29159313E-03
   0.17910000E-08   0.57141716E+00   0.25543235E-02   0.14610874E-02   0.11484663E-02   0.96097678E-01   0.28445741E-02   0.29159313E-03
   0.17960000E-08   0.57291512E+00   0.25543192E-02   0.14610874E-02   0.11432037E-02   0.96097678E-01   0.28445749E-02   0.29159313E-03
   0.18010000E-08   0.57441308E+00   0.25543149E-02   0.14610874E-02   0.11379411E-02   0.96097678E-01   0.28445757E-02   0.29159313E-03
   0.18060000E-08   0.57591104E+00   0.25543106E-02   0.14610874E-02   0.11326785E-02   0.96097678E-01   0.28445764E-02   0.29159313E-03
   0.18110000E-08   0.57740900E+00   0.25543062E-02   0.14610874E-02   0.11274160E-02   0.96097678E-01   0.28445772E-02   0.29159313E-03
   0.18160000E-08   0.57890696E+00   0.25543019E-02   0.14610874E-02   0.11221534E-02   0.96097678E-01   0.28445780E-02   0.29159313E-03
   0.18210000E-08   0.58040492E+00   0.25542976E-02   0.14610874E-02   0.11168908E-02   0.96097678E-01   0.28445788E-02   0.29159313E-03
   0.18260000E-08   0.58190288E+00   0.25542932E-02   0.14610874E-02   0.11116282E-02   0.96097678E-01   0.28445795E-02   0.29159313E-03
   0.18310000E-08   0.58340084E+00   0.25542889E-02   0.14610874E-02   0.11063656E-02   0.96097678E-01   0.28445803E-02   0.29159313E-03
   0.18360000E-08   0.58489880E+00   0.25542846E-02   0.14610874E-02   0.11011030E-02   0.96097678E-01   0.28445811E-02   0.29159313E-03
   0.18410000E-08   0.58639676E+00   0.25542803E-02   0.14610874E-02   0.10958404E-02   0.96097678E-01   0.28445818E-02   0.29159313E-03
   0.18460000E-08   0.58789472E+00   0.25542759E-02   0.14610874E-02   0.10905778E-02   0.96097678E-01   0.28445826E-02   0.29159313E-03
   0.18510000E-08   0.58939268E+00   0.25542716E-02   0.14610874E-02   0.10853153E-02   0.96097678E-01   0.28445834E-02   0.29159313E-03
   0.18560000E-08   0.59089064E+00   0.25542673E-02   0.14610874E-02   0.10800527E-02   0.96097678E-01   0.28445842E-02   0.29159313E-03
   0.18610000E-08   0.59238860E+00   0.25542630E-02   0.14610874E-02   0.10747901E-02   0.96097678E-01   0.28445849E-02   0.29159313E-03
   0.18660000E-08   0.59388656E+00   0.25542586E-02   0.14610874E-02   0.10695275E-02   0.96097678E-01   0.28445857E-02   0.29159313E-03
   0.18710000E-08   0.59538452E+00   0.25542543E-02   0.14610874E-02   0.10642649E-02   0.96097678E-01   0.28445865E-02   0.29159313E-03
   0.18760000E-08   0.59688248E+00   0.25542500E-02   0.14610874E-02   0.10590023E-02   0.96097678E-01   0.28445873E-02   0.29159313E-03
   0.18810000E-08   0.59838045E+00   0.25542456E-02   0.14610874E-02   0.10537397E-02   0.96097678E-01   0.28445880E-02   0.29159313E-03
   0.18860000E-08   0.59987841E+00   0.25542413E-02   0.14610874E-02   0.10484771E-02   0.96097678E-01   0.28445888E-02   0.29159313E-03
   0.18910000E-08   0.60137637E+00   0.25542370E-02   0.14610874E-02   0.10432146E-02   0.96097678E-01   0.28445896E-02   0.29159313E-03
   0.18960000E-08   0.60287433E+00   0.25542327E-02   0.14610874E-02   0.10379520E-02   0.96097678E-01   0.28445903E-02   0.29159313E-03
   0.19010000E-08   0.60437229E+00   0.25542283E-02   0.14610874E-02   0.10326894E-02   0.96097678E-01   0.28445911E-02   0.29159313E-03
   0.19060000E-08   0.60587025E+00   0.25542240E-02   0.14610874E-02   0.10274268E-02   0.96097678E-01   0.28445919E-02   0.29159313E-03
   0.19110000E-08   0.60736821E+00   0.25542197E-02   0.14610874E-02   0.10221642E-02   0.96097678E-01   0.28445927E-02   0.29159313E-03
   0.19160000E-08   0.60886617E+00   0.25542154E-02   0.14610874E-02   0.10169016E-02   0.96097678E-01   0.28445934E-02   0.29159313E-03
   0.19210000E-08   0.61036413E+00   0.25542110E-02   0.14610874E-02   0.10116390E-02   0.96097678E-01   0.28445942E-02   0.29159313E-03
   0.19260000E-08   0.61186209E+00   0.25542067E-02   0.14610874E-02   0.10063764E-02   0.96097678E-01   0.28445950E-02   0.29159313E-03
   0.19310000E-08   0.61336005E+00   0.25542024E-02   0.14610874E-02   0.10011139E-02   0.96097678E-01   0.28445957E-02   0.29159313E-03
   0.19360000E-08   0.61485801E+00   0.25541980E-02   0.14610874E-02   0.99585127E-03   0.96097678E-01   0.28445965E-02   0.29159313E-03
   0.19410000E-08   0.61635597E+00   0.25541937E-02   0.14610874E-02   0.99058869E-03   0.96097678E-01   0.28445973E-02   0.29159313E-03
   0.19460000E-08   0.61785393E+00   0.25541894E-02   0.14610874E-02   0.98532610E-03   0.96097678E-01   0.28445981E-02   0.29159313E-03
   0.19510000E-08   0.61935189E+00   0.25541851E-02   0.14610874E-02   0.98006351E-03   0.96097678E-01   0.28445988E-02   0.29159313E-03
   0.19560000E-08   0.62084985E+00   0.25541807E-02   0.14610874E-02   0.97480093E-03   0.96097678E-01   0.28445996E-02   0.29159313E-03
   0.19610000E-08   0.62234781E+00   0.25541764E-02   0.14610874E-02   0.96953834E-03   0.96097678E-01   0.28446004E-02   0.29159313E-03
   0.19660000E-08   0.62384577E+00   0.25541721E-02   0.14610874E-02   0.96427575E-03   0.96097678E-01   0.28446011E-02   0.29159313E-03
   0.19710000E-08   0.62534373E+00   0.25541678E-02   0.14610874E-02   0.95901317E-03   0.96097678E-01   0.28446019E-02   0.29159313E-03
   0.19760000E-08   0.62684169E+00   0.25541634E-02   0.14610874E-02   0.95375058E-03   0.96097678E-01   0.28446027E-02   0.29159313E-03
   0.19810000E-08   0.62833965E+00   0.25541591E-02   0.14610874E-02   0.94848799E-03   0.96097678E-01   0.28446035E-02   0.29159313E-03
   0.19860000E-08   0.62983761E+00   0.25541548E-02   0.14610874E-02   0.94322540E-03   0.96097678E-01   0.28446042E-02   0.29159313E-03
   0.19910000E-08   0.63133557E+00   0.25541504E-02   0.14610874E-02   0.93796282E-03   0.96097678E-01   0.28446050E-02   0.29159313E-03
   0.19960000E-08   0.63283353E+00   0.25541461E-02   0.14610874E-02   0.93270023E-03   0.96097678E-01   0.28446058E-02   0.29159313E-03
   0.20010000E-08   0.63433149E+00   0.25541418E-02   0.14610874E-02   0.92743764E-03   0.96097678E-01   0.28446065E-02   0.29159313E-03
   0.20060000E-08   0.63582946E+00   0.25541375E-02   0.14610874E-02   0.92217506E-03   0.96097678E-01   0.28446073E-02   0.29159313E-03
   0.20110000E-08   0.63732742E+00   0.25541331E-02   0.14610874E-02   0.91691247E-03   0.96097678E-01   0.28446081E-02   0.29159313E-03
   0.20160000E-08   0.63882538E+00   0.25541288E-02   0.14610874E-02   0.91164988E-03   0.96097678E-01   0.28446089E-02   0.29159313E-03
   0.20210000E-08   0.64032334E+00   0.25541245E-02   0.14610874E-02   0.90638729E-03   0.96097678E-01   0.28446096E-02   0.29159313E-03
   0.20260000E-08   0.64182130E+00   0.25541202E-02   0.14610874E-02   0.90112471E-03   0.96097678E-01   0.28446104E-02   0.29159313E-03
   0.20310000E-08   0.64331926E+00   0.25541158E-02   0.14610874E-02   0.89586212E-03   0.96097678E-01   0.28446112E-02   0.29159313E-03
   0.20360000E-08   0.64481722E+00   0.25541115E-02   0.14610874E-02   0.89059953E-03   0.96097678E-01   0.28446120E-02   0.29159313E-03
   0.20410000E-08   0.64631518E+00   0.25541072E-02   0.14610874E-02   0.88533695E-03   0.96097678E-01   0.28446127E-02   0.29159313E-03
   0.20460000E-08   0.64781314E+00   0.25541028E-02   0.14610874E-02   0.88007436E-03   0.96097678E-01   0.28446135E-02   0.29159313E-03
   0.20510000E-08   0.64931110E+00   0.25540985E-02   0.14610874E-02   0.87481177E-03   0.96097678E-01   0.28446143E-02   0.29159313E-03
   0.20560000E-08   0.65080906E+00   0.25540942E-02   0.14610874E-02   0.86954919E-03   0.96097678E-01   0.28446150E-02   0.29159313E-03
   0.20610000E-08   0.65230702E+00   0.25540899E-02   0.14610874E-02   0.86428660E-03   0.96097678E-01   0.28446158E-02   0.29159313E-03
   0.20660000E-08   0.65380498E+00   0.25540855E-02   0.14610874E-02   0.85902401E-03   0.96097678E-01   0.28446166E-02   0.29159313E-03
   0.20710000E-08   0.65530294E+00   0.25540812E-02   0.14610874E-02   0.85376142E-03   0.96097678E-01   0.28446174E-02   0.29159313E-03
   0.20760000E-08   0.65680090E+00   0.25540769E-02   0.14610874E-02   0.84849884E-03   0.96097678E-01   0.28446181E-02   0.29159313E-03
   0.20810000E-08   0.65829886E+00   0.25540726E-02   0.14610874E-02   0.84323625E-03   0.96097678E-01   0.28446189E-02   0.29159313E-03
   0.20860000E-08   0.65979682E+00   0.25540682E-02   0.14610874E-02   0.83797366E-03   0.96097678E-01   0.28446197E-02   0.29159313E-03
   0.20910000E-08   0.66129478E+00   0.25540639E-02   0.14610874E-02   0.83271108E-03   0.96097678E-01   0.28446204E-02   0.29159313E-03
   0.20960000E-08   0.66279274E+00   0.25540596E-02   0.14610874E-02   0.82744849E-03   0.96097678E-01   0.28446212E-02   0.29159313E-03
   0.21010000E-08   0.66429070E+00   0.25540552E-02   0.14610874E-02   0.82218590E-03   0.96097678E-01   0.28446220E-02   0.29159313E-03
   0.21060000E-08   0.66578866E+00   0.25540509E-02   0.14610874E-02   0.81692332E-03   0.96097678E-01   0.28446228E-02   0.29159313E-03
   0.21110000E-08   0.66728662E+00   0.25540466E-02   0.14610874E-02   0.81166073E-03   0.96097678E-01   0.28446235E-02   0.29159313E-03
   0.21160000E-08   0.66878458E+00   0.25540423E-02   0.14610874E-02   0.80639814E-03   0.96097678E-01   0.28446243E-02   0.29159313E-03
   0.21210000E-08   0.67028254E+00   0.25540379E-02   0.14610874E-02   0.80113555E-03   0.96097678E-01   0.28446251E-02   0.29159313E-03
   0.21260000E-08   0.67178050E+00   0.25540336E-02   0.14610874E-02   0.79587297E-03   0.96097678E-01   0.28446258E-02   0.29159313E-03
   0.21310000E-08   0.67327847E+00   0.25540293E-02   0.14610874E-02   0.79061038E-03   0.96097678E-01   0.28446266E-02   0.29159313E-03
   0.21360000E-08   0.67477643E+00   0.25540250E-02   0.14610874E-02   0.78534779E-03   0.96097678E-01   0.28446274E-02   0.29159313E-03
   0.21410000E-08   0.67627439E+00   0.25540206E-02   0.14610874E-02   0.78008521E-03   0.96097678E-01   0.28446282E-02   0.29159313E-03
   0.21460000E-08   0.67777235E+00   0.25540163E-02   0.14610874E-02   0.77482262E-03   0.96097678E-01   0.28446289E-02   0.29159313E-03
   0.21510000E-08   0.67927031E+00   0.25540120E-02   0.14610874E-02   0.76956003E-03   0.96097678E-01   0.28446297E-02   0.29159313E-03
   0.21560000E-08   0.68076827E+00   0.25540076E-02   0.14610874E-02   0.76429744E-03   0.96097678E-01   0.28446305E-02   0.29159313E-03
   0.21610000E-08   0.68226623E+00   0.25540033E-02   0.14610874E-02   0.75903486E-03   0.96097678E-01   0.28446312E-02   0.29159313E-03
   0.21660000E-08   0.68376419E+00   0.25539990E-02   0.14610874E-02   0.75377227E-03   0.96097678E-01   0.28446320E-02   0.29159313E-03
   0.21710000E-08   0.68526215E+00   0.25539947E-02   0.14610874E-02   0.74850968E-03   0.96097678E-01   0.28446328E-02   0.29159313E-03
   0.21760000E-08   0.68676011E+00   0.25539903E-02   0.14610874E-02   0.74324710E-03   0.96097678E-01   0.28446336E-02   0.29159313E-03
   0.21810000E-08   0.68825807E+00   0.25539860E-02   0.14610874E-02   0.73798451E-03   0.96097678E-01   0.28446343E-02   0.29159313E-03
   0.21860000E-08   0.68975603E+00   0.25539817E-02   0.14610874E-02   0.73272192E-03   0.96097678E-01   0.28446351E-02   0.29159313E-03
   0.21910000E-08   0.69125399E+00   0.25539774E-02   0.14610874E-02   0.72745934E-03   0.96097678E-01   0.28446359E-02   0.29159313E-03
   0.21960000E-08   0.69275195E+00   0.25539730E-02   0.14610874E-02   0.72219675E-03   0.96097678E-01   0.28446367E-02   0.29159313E-03
   0.22010000E-08   0.69424991E+00   0.25539687E-02   0.14610874E-02   0.71693416E-03   0.96097678E-01   0.28446374E-02   0.29159313E-03
   0.22060000E-08   0.69574787E+00   0.25539644E-02   0.14610874E-02   0.71167157E-03   0.96097678E-01   0.28446382E-02   0.29159313E-03
   0.22110000E-08   0.69724583E+00   0.25539600E-02   0.14610874E-02   0.70640899E-03   0.96097678E-01   0.28446390E-02   0.29159313E-03
   0.22160000E-08   0.69874379E+00   0.25539557E-02   0.14610874E-02   0.70114640E-03   0.96097678E-01   0.28446397E-02   0.29159313E-03
   0.22210000E-08   0.70024175E+00   0.25539514E-02   0.14610874E-02   0.69588381E-03   0.96097678E-01   0.28446405E-02   0.29159313E-03
   0.22260000E-08   0.70173971E+00   0.25539471E-02   0.14610874E-02   0.69062123E-03   0.96097678E-01   0.28446413E-02   0.29159313E-03
   0.22310000E-08   0.70323767E+00   0.25539427E-02   0.14610874E-02   0.68535864E-03   0.96097678E-01   0.28446421E-02   0.29159313E-03
   0.22360000E-08   0.70473563E+00   0.25539384E-02   0.14610874E-02   0.68009605E-03   0.96097678E-01   0.28446428E-02   0.29159313E-03
   0.22410000E-08   0.70623359E+00   0.25539341E-02   0.14610874E-02   0.67483346E-03   0.96097678E-01   0.28446436E-02   0.29159313E-03
   0.22460000E-08   0.70773155E+00   0.25539298E-02   0.14610874E-02   0.66957088E-03   0.96097678E-01   0.28446444E-02   0.29159313E-03
   0.22510000E-08   0.70922952E+00   0.25539254E-02   0.14610874E-02   0.66430829E-03   0.96097678E-01   0.28446451E-02   0.29159313E-03
   0.22560000E-08   0.71072748E+00   0.25539211E-02   0.14610874E-02   0.65904570E-03   0.96097678E-01   0.28446459E-02   0.29159313E-03
   0.22610000E-08   0.71222544E+00   0.25539168E-02   0.14610874E-02   0.65378312E-03   0.96097678E-01   0.28446467E-02   0.29159313E-03
   0.22660000E-08   0.71372340E+00   0.25539125E-02   0.14610874E-02   0.64852053E-03   0.96097678E-01   0.28446475E-02   0.29159313E-03
   0.22710000E-08   0.71522136E+00   0.25539081E-02   0.14610874E-02   0.64325794E-03   0.96097678E-01   0.28446482E-02   0.29159313E-03
   0.22760000E-08   0.71671932E+00   0.25539038E-02   0.14610874E-02   0.63799536E-03   0.96097678E-01   0.28446490E-02   0.29159313E-03
   0.22810000E-08   0.71821728E+00   0.25538995E-02   0.14610874E-02   0.63273277E-03   0.96097678E-01   0.28446498E-02   0.29159313E-03
   0.22860000E-08   0.71971524E+00   0.25538951E-02   0.14610874E-02   0.62747018E-03   0.96097678E-01   0.28446505E-02   0.29159313E-03
   0.22910000E-08   0.72121320E+00   0.25538908E-02   0.14610874E-02   0.62220759E-03   0.96097678E-01   0.28446513E-02   0.29159313E-03
   0.22960000E-08   0.72271116E+00   0.25538865E-02   0.14610874E-02   0.61694501E-03   0.96097678E-01   0.28446521E-02   0.29159313E-03
   0.23010000E-08   0.72420912E+00   0.25538822E-02   0.14610874E-02   0.61168242E-03   0.96097678E-01   0.28446529E-02   0.29159313E-03
   0.23060000E-08   0.72570708E+00   0.25538778E-02   0.14610874E-02   0.60641983E-03   0.96097678E-01   0.28446536E-02   0.29159313E-03
   0.23110000E-08   0.72720504E+00   0.25538735E-02   0.14610874E-02   0.60115725E-03   0.96097678E-01   0.28446544E-02   0.29159313E-03
   0.23160000E-08   0.72870300E+00   0.25538692E-02   0.14610874E-02   0.59589466E-03   0.96097678E-01   0.28446552E-02   0.29159313E-03
   0.23210000E-08   0.73020096E+00   0.25538649E-02   0.14610874E-02   0.59063207E-03   0.96097678E-01   0.28446560E-02   0.29159313E-03
   0.23260000E-08   0.73169892E+00   0.25538605E-02   0.14610874E-02   0.58536948E-03   0.96097678E-01   0.28446567E-02   0.29159313E-03
   0.23310000E-08   0.73319688E+00   0.25538562E-02   0.14610874E-02   0.58010690E-03   0.96097678E-01   0.28446575E-02   0.29159313E-03
   0.23360000E-08   0.73469484E+00   0.25538519E-02   0.14610874E-02   0.57484431E-03   0.96097678E-01   0.28446583E-02   0.29159313E-03
   0.23410000E-08   0.73619280E+00   0.25538475E-02   0.14610874E-02   0.56958172E-03   0.96097678E-01   0.28446590E-02   0.29159313E-03
   0.23460000E-08   0.73769076E+00   0.25538432E-02   0.14610874E-02   0.56431914E-03   0.96097678E-01   0.28446598E-02   0.29159313E-03
   0.23510000E-08   0.73918872E+00   0.25538389E-02   0.14610874E-02   0.55905655E-03   0.96097678E-01   0.28446606E-02   0.29159313E-03
   0.23560000E-08   0.74068668E+00   0.25538346E-02   0.14610874E-02   0.55379396E-03   0.96097678E-01   0.28446614E-02   0.29159313E-03
   0.23610000E-08   0.74218464E+00   0.25538302E-02   0.14610874E-02   0.54853138E-03   0.96097678E-01   0.28446621E-02   0.29159313E-03
   0.23660000E-08   0.74368260E+00   0.25538259E-02   0.14610874E-02   0.54326879E-03   0.96097678E-01   0.28446629E-02   0.29159313E-03
   0.23710000E-08   0.74518056E+00   0.25538216E-02   0.14610874E-02   0.53800620E-03   0.96097678E-01   0.28446637E-02   0.29159313E-03
   0.23760000E-08   0.74667853E+00   0.25538173E-02   0.14610874E-02   0.53274361E-03   0.96097678E-01   0.28446644E-02   0.29159313E-03
   0.23810000E-08   0.74817649E+00   0.25538129E-02   0.14610874E-02   0.52748103E-03   0.96097678E-01   0.28446652E-02   0.29159313E-03
   0.23860000E-08   0.74967445E+00   0.25538086E-02   0.14610874E-02   0.52221844E-03   0.96097678E-01   0.28446660E-02   0.29159313E-03
   0.23910000E-08   0.75117241E+00   0.25538043E-02   0.14610874E-02   0.51695585E-03   0.96097678E-01   0.28446668E-02   0.29159313E-03
   0.23960000E-08   0.75267037E+00   0.25537999E-02   0.14610874E-02   0.51169327E-03   0.96097678E-01   0.28446675E-02   0.29159313E-03
   0.24010000E-08   0.75416833E+00   0.25537956E-02   0.14610874E-02   0.50643068E-03   0.96097678E-01   0.28446683E-02   0.29159313E-03
   0.24060000E-08   0.75566629E+00   0.25537913E-02   0.14610874E-02   0.50116809E-03   0.96097678E-01   0.28446691E-02   0.29159313E-03
   0.24110000E-08   0.75716425E+00   0.25537870E-02   0.14610874E-02   0.49590550E-03   0.96097678E-01   0.28446698E-02   0.29159313E-03
   0.24160000E-08   0.75866221E+00   0.25537826E-02   0.14610874E-02   0.49064292E-03   0.96097678E-01   0.28446706E-02   0.29159313E-03
   0.24210000E-08   0.76016017E+00   0.25537783E-02   0.14610874E-02   0.48538033E-03   0.96097678E-01   0.28446714E-02   0.29159313E-03
   0.24260000E-08   0.76165813E+00   0.25537740E-02   0.14610874E-02   0.48011774E-03   0.96097678E-01   0.28446722E-02   0.29159313E-03
   0.24310000E-08   0.76315609E+00   0.25537697E-02   0.14610874E-02   0.47496899E-03   0.96097678E-01   0.28446729E-02   0.29159313E-03
   0.24360000E-08   0.76465405E+00   0.25537653E-02   0.14610874E-02   0.46982291E-03   0.96097678E-01   0.28446737E-02   0.29159313E-03
   0.24410000E-08   0.76615201E+00   0.25537610E-02   0.14610874E-02   0.46467683E-03   0.96097678E-01   0.28446745E-02   0.29159313E-03
   0.24460000E-08   0.76764997E+00   0.25537567E-02   0.14610874E-02   0.45953075E-03   0.96097678E-01   0.28446752E-02   0.29159313E-03
   0.24510000E-08   0.76914793E+00   0.25537523E-02   0.14610874E-02   0.45438467E-03   0.96097678E-01   0.28446760E-02   0.29159313E-03
   0.24560000E-08   0.77064589E+00   0.25537480E-02   0.14610874E-02   0.44923859E-03   0.96097678E-01   0.28446768E-02   0.29159313E-03
