   0.00000000E+00  0.35004965E-01     10000     10000     10000
   0.36600000E-09  0.14449844E+00     10000     10000     10000
   0.37100000E-09  0.14599640E+00     10000     10000     10000
   0.37600000E-09  0.14749436E+00     10000     10000     10000
   0.38100000E-09  0.14899232E+00     10000     10000     10000
   0.38600000E-09  0.15049028E+00     10000     10000     10000
   0.39100000E-09  0.15198825E+00     10000     10000     10000
   0.39600000E-09  0.15348621E+00     10000     10000     10000
   0.40100000E-09  0.15498417E+00     10000     10000     10000
   0.40600000E-09  0.15648213E+00     10000     10000     10000
   0.41100000E-09  0.15798009E+00     10000     10000     10000
   0.41600000E-09  0.15947805E+00     10000     10000     10000
   0.42100000E-09  0.16097601E+00     10000     10000     10000
   0.42600000E-09  0.16247397E+00     10000     10000     10000
   0.43100000E-09  0.16397193E+00     10000     10000     10000
   0.43600000E-09  0.16546989E+00     10000     10000     10000
   0.44100000E-09  0.16696785E+00     10000     10000     10000
   0.44600000E-09  0.16846581E+00     10000     10000     10000
   0.45100000E-09  0.16996377E+00     10000     10000     10000
   0.45600000E-09  0.17146173E+00     10000     10000     10000
   0.46100000E-09  0.17295969E+00     10000     10000     10000
   0.46600000E-09  0.17445765E+00     10000     10000     10000
   0.47100000E-09  0.17595561E+00     10000     10000     10000
   0.47600000E-09  0.17745357E+00     10000     10000     10000
   0.48100000E-09  0.17895153E+00     10000     10000     10000
   0.48600000E-09  0.18044949E+00     10000     10000     10000
   0.49100000E-09  0.18194745E+00     10000     10000     10000
   0.49600000E-09  0.18344541E+00     10000     10000     10000
   0.50100000E-09  0.18494337E+00     10000     10000     10000
   0.50600000E-09  0.18644133E+00     10000     10000     10000
   0.51100000E-09  0.18793929E+00     10000     10000     10000
   0.51600000E-09  0.18943726E+00     10000     10000     10000
   0.52100000E-09  0.19093522E+00     10000     10000     10000
   0.52600000E-09  0.19243318E+00     10000     10000     10000
   0.53100000E-09  0.19393114E+00     10000     10000     10000
   0.53600000E-09  0.19542910E+00     10000     10000     10000
   0.54100000E-09  0.19692706E+00     10000     10000     10000
   0.54600000E-09  0.19842502E+00     10000     10000     10000
   0.55100000E-09  0.19992298E+00     10000     10000     10000
   0.55600000E-09  0.20142094E+00     10000     10000     10000
   0.56100000E-09  0.20291890E+00     10000     10000     10000
   0.56600000E-09  0.20441686E+00     10000     10000     10000
   0.57100000E-09  0.20591482E+00     10000     10000     10000
   0.57600000E-09  0.20741278E+00     10000     10000     10000
   0.58100000E-09  0.20891074E+00     10000     10000     10000
   0.58600000E-09  0.21040870E+00     10000     10000     10000
   0.59100000E-09  0.21190666E+00     10000     10000     10000
   0.59600000E-09  0.21340462E+00     10000     10000     10000
   0.60100000E-09  0.21490258E+00     10000     10000     10000
   0.60600000E-09  0.21640054E+00     10000     10000     10000
   0.61100000E-09  0.21789850E+00     10000     10000     10000
   0.61600000E-09  0.21939646E+00     10000     10000     10000
   0.62100000E-09  0.22089442E+00     10000     10000     10000
   0.62600000E-09  0.22239238E+00     10000     10000     10000
   0.63100000E-09  0.22389034E+00     10000     10000     10000
   0.63600000E-09  0.22538830E+00     10000     10000     10000
   0.64100000E-09  0.22688627E+00     10000     10000     10000
   0.64600000E-09  0.22838423E+00     10000     10000     10000
   0.65100000E-09  0.22988219E+00     10000     10000     10000
   0.65600000E-09  0.23138015E+00     10000     10000     10000
   0.66100000E-09  0.23287811E+00     10000     10000     10000
   0.66600000E-09  0.23437607E+00     10000     10000     10000
   0.67100000E-09  0.23587403E+00     10000     10000     10000
   0.67600000E-09  0.23737199E+00     10000     10000     10000
   0.68100000E-09  0.23886995E+00     10000     10000     10000
   0.68600000E-09  0.24036791E+00     10000     10000     10000
   0.69100000E-09  0.24186587E+00     10000     10000     10000
   0.69600000E-09  0.24336383E+00     10000     10000     10000
   0.70100000E-09  0.24486179E+00     10000     10000     10000
   0.70600000E-09  0.24635975E+00     10000     10000     10000
   0.71100000E-09  0.24785771E+00     10000     10000     10000
   0.71600000E-09  0.24935567E+00     10000     10000     10000
   0.72100000E-09  0.25085363E+00     10000     10000     10000
   0.72600000E-09  0.25235159E+00     10000     10000     10000
   0.73100000E-09  0.25384955E+00     10000     10000     10000
   0.73600000E-09  0.25534751E+00     10000     10000     10000
   0.74100000E-09  0.25684547E+00     10000     10000     10000
   0.74600000E-09  0.25834343E+00     10000     10000     10000
   0.75100000E-09  0.25984139E+00     10000     10000     10000
   0.75600000E-09  0.26133935E+00     10000     10000     10000
   0.76100000E-09  0.26283731E+00     10000     10000     10000
   0.76600000E-09  0.26433528E+00     10000     10000     10000
   0.77100000E-09  0.26583324E+00     10000     10000     10000
   0.77600000E-09  0.26733120E+00     10000     10000     10000
   0.78100000E-09  0.26882916E+00     10000     10000     10000
   0.78600000E-09  0.27032712E+00     10000     10000     10000
   0.79100000E-09  0.27182508E+00     10000     10000     10000
   0.79600000E-09  0.27332304E+00     10000     10000     10000
   0.80100000E-09  0.27482100E+00     10000     10000     10000
   0.80600000E-09  0.27631896E+00     10000     10000     10000
   0.81100000E-09  0.27781692E+00     10000     10000     10000
   0.81600000E-09  0.27931488E+00     10000     10000     10000
   0.82100000E-09  0.28081284E+00     10000     10000     10000
   0.82600000E-09  0.28231080E+00     10000     10000     10000
   0.83100000E-09  0.28380876E+00     10000     10000     10000
   0.83600000E-09  0.28530672E+00     10000     10000     10000
   0.84100000E-09  0.28680468E+00     10000     10000     10000
   0.84600000E-09  0.28830264E+00     10000     10000     10000
   0.85100000E-09  0.28980060E+00     10000     10000     10000
   0.85600000E-09  0.29129856E+00     10000     10000     10000
   0.86100000E-09  0.29279652E+00     10000     10000     10000
   0.86600000E-09  0.29429448E+00     10000     10000     10000
   0.87100000E-09  0.29579244E+00     10000     10000     10000
   0.87600000E-09  0.29729040E+00     10000     10000     10000
   0.88100000E-09  0.29878836E+00     10000     10000     10000
   0.88600000E-09  0.30028633E+00     10000     10000     10000
   0.89100000E-09  0.30178429E+00     10000     10000     10000
   0.89600000E-09  0.30328225E+00     10000     10000     10000
   0.90100000E-09  0.30478021E+00     10000     10000     10000
   0.90600000E-09  0.30627817E+00     10000     10000     10000
   0.91100000E-09  0.30777613E+00     10000     10000     10000
   0.91600000E-09  0.30927409E+00     10000     10000     10000
   0.92100000E-09  0.31077205E+00     10000     10000     10000
   0.92600000E-09  0.31227001E+00     10000     10000     10000
   0.93100000E-09  0.31376797E+00     10000     10000     10000
   0.93600000E-09  0.31526593E+00     10000     10000     10000
   0.94100000E-09  0.31676389E+00     10000     10000     10000
   0.94600000E-09  0.31826185E+00     10000     10000     10000
   0.95100000E-09  0.31975981E+00     10000     10000     10000
   0.95600000E-09  0.32125777E+00     10000     10000     10000
   0.96100000E-09  0.32275573E+00     10000     10000     10000
   0.96600000E-09  0.32425369E+00     10000     10000     10000
   0.97100000E-09  0.32575165E+00     10000     10000     10000
   0.97600000E-09  0.32724961E+00     10000     10000     10000
   0.98100000E-09  0.32874757E+00     10000     10000     10000
   0.98600000E-09  0.33024553E+00     10000     10000     10000
   0.99100000E-09  0.33174349E+00     10000     10000     10000
   0.99600000E-09  0.33324145E+00     10000     10000     10000
   0.10010000E-08  0.33473941E+00     10000     10000     10000
   0.10060000E-08  0.33623737E+00     10000     10000     10000
   0.10110000E-08  0.33773534E+00     10000     10000     10000
   0.10160000E-08  0.33923330E+00     10000     10000     10000
   0.10210000E-08  0.34073126E+00     10000     10000     10000
   0.10260000E-08  0.34222922E+00     10000     10000     10000
   0.10310000E-08  0.34372718E+00     10000     10000     10000
   0.10360000E-08  0.34522514E+00     10000     10000     10000
   0.10410000E-08  0.34672310E+00     10000     10000     10000
   0.10460000E-08  0.34822106E+00     10000     10000     10000
   0.10510000E-08  0.34971902E+00     10000     10000     10000
   0.10560000E-08  0.35121698E+00     10000     10000     10000
   0.10610000E-08  0.35271494E+00     10000     10000     10000
   0.10660000E-08  0.35421290E+00     10000     10000     10000
   0.10710000E-08  0.35571086E+00     10000     10000     10000
   0.10760000E-08  0.35720882E+00     10000     10000     10000
   0.10810000E-08  0.35870678E+00     10000     10000     10000
   0.10860000E-08  0.36020474E+00     10000     10000     10000
   0.10910000E-08  0.36170270E+00     10000     10000     10000
   0.10960000E-08  0.36320066E+00     10000     10000     10000
   0.11010000E-08  0.36469862E+00     10000     10000     10000
   0.11060000E-08  0.36619658E+00     10000     10000     10000
   0.11110000E-08  0.36769454E+00     10000     10000     10000
   0.11160000E-08  0.36919250E+00     10000     10000     10000
   0.11210000E-08  0.37069046E+00     10000     10000     10000
   0.11260000E-08  0.37218842E+00     10000     10000     10000
   0.11310000E-08  0.37368638E+00     10000     10000     10000
   0.11360000E-08  0.37518435E+00     10000     10000     10000
   0.11410000E-08  0.37668231E+00     10000     10000     10000
   0.11460000E-08  0.37818027E+00     10000     10000     10000
   0.11510000E-08  0.37967823E+00     10000     10000     10000
   0.11560000E-08  0.38117619E+00     10000     10000     10000
   0.11610000E-08  0.38267415E+00     10000     10000     10000
   0.11660000E-08  0.38417211E+00     10000     10000     10000
   0.11710000E-08  0.38567007E+00     10000     10000     10000
   0.11760000E-08  0.38716803E+00     10000     10000     10000
   0.11810000E-08  0.38866599E+00     10000     10000     10000
   0.11860000E-08  0.39016395E+00     10000     10000     10000
   0.11910000E-08  0.39166191E+00     10000     10000     10000
   0.11960000E-08  0.39315987E+00     10000     10000     10000
   0.12010000E-08  0.39465783E+00     10000     10000     10000
   0.12060000E-08  0.39615579E+00     10000     10000     10000
   0.12110000E-08  0.39765375E+00     10000     10000     10000
   0.12160000E-08  0.39915171E+00     10000     10000     10000
   0.12210000E-08  0.40064967E+00     10000     10000     10000
   0.12260000E-08  0.40214763E+00     10000     10000     10000
   0.12310000E-08  0.40364559E+00     10000     10000     10000
   0.12360000E-08  0.40514355E+00     10000     10000     10000
   0.12410000E-08  0.40664151E+00     10000     10000     10000
   0.12460000E-08  0.40813947E+00     10000     10000     10000
   0.12510000E-08  0.40963743E+00     10000     10000     10000
   0.12560000E-08  0.41113539E+00     10000     10000     10000
   0.12610000E-08  0.41263336E+00     10000     10000     10000
   0.12660000E-08  0.41413132E+00     10000     10000     10000
   0.12710000E-08  0.41562928E+00     10000     10000     10000
   0.12760000E-08  0.41712724E+00     10000     10000     10000
   0.12810000E-08  0.41862520E+00     10000     10000     10000
   0.12860000E-08  0.42012316E+00     10000     10000     10000
   0.12910000E-08  0.42162112E+00     10000     10000     10000
   0.12960000E-08  0.42311908E+00     10000     10000     10000
   0.13010000E-08  0.42461704E+00     10000     10000     10000
   0.13060000E-08  0.42611500E+00     10000     10000     10000
   0.13110000E-08  0.42761296E+00     10000     10000     10000
   0.13160000E-08  0.42911092E+00     10000     10000     10000
   0.13210000E-08  0.43060888E+00     10000     10000     10000
   0.13260000E-08  0.43210684E+00     10000     10000     10000
   0.13310000E-08  0.43360480E+00     10000     10000     10000
   0.13360000E-08  0.43510276E+00     10000     10000     10000
   0.13410000E-08  0.43660072E+00     10000     10000     10000
   0.13460000E-08  0.43809868E+00     10000     10000     10000
   0.13510000E-08  0.43959664E+00     10000     10000     10000
   0.13560000E-08  0.44109460E+00     10000     10000     10000
   0.13610000E-08  0.44259256E+00     10000     10000     10000
   0.13660000E-08  0.44409052E+00     10000     10000     10000
   0.13710000E-08  0.44558848E+00     10000     10000     10000
   0.13760000E-08  0.44708644E+00     10000     10000     10000
   0.13810000E-08  0.44858440E+00     10000     10000     10000
   0.13860000E-08  0.45008237E+00     10000     10000     10000
   0.13910000E-08  0.45158033E+00     10000     10000     10000
   0.13960000E-08  0.45307829E+00     10000     10000     10000
   0.14010000E-08  0.45457625E+00     10000     10000     10000
   0.14060000E-08  0.45607421E+00     10000     10000     10000
   0.14110000E-08  0.45757217E+00     10000     10000     10000
   0.14160000E-08  0.45907013E+00     10000     10000     10000
   0.14210000E-08  0.46056809E+00     10000     10000     10000
   0.14260000E-08  0.46206605E+00     10000     10000     10000
   0.14310000E-08  0.46356401E+00     10000     10000     10000
   0.14360000E-08  0.46506197E+00     10000     10000     10000
   0.14410000E-08  0.46655993E+00     10000     10000     10000
   0.14460000E-08  0.46805789E+00     10000     10000     10000
   0.14510000E-08  0.46955585E+00     10000     10000     10000
   0.14560000E-08  0.47105381E+00     10000     10000     10000
   0.14610000E-08  0.47255177E+00     10000     10000     10000
   0.14660000E-08  0.47404973E+00     10000     10000     10000
   0.14710000E-08  0.47554769E+00     10000     10000     10000
   0.14760000E-08  0.47704565E+00     10000     10000     10000
   0.14810000E-08  0.47854361E+00     10000     10000     10000
   0.14860000E-08  0.48004157E+00     10000     10000     10000
   0.14910000E-08  0.48153953E+00     10000     10000     10000
   0.14960000E-08  0.48303749E+00     10000     10000     10000
   0.15010000E-08  0.48453545E+00     10000     10000     10000
   0.15060000E-08  0.48603342E+00     10000     10000     10000
   0.15110000E-08  0.48753138E+00     10000     10000     10000
   0.15160000E-08  0.48902934E+00     10000     10000     10000
   0.15210000E-08  0.49052730E+00     10000     10000     10000
   0.15260000E-08  0.49202526E+00     10000     10000     10000
   0.15310000E-08  0.49352322E+00     10000     10000     10000
   0.15360000E-08  0.49502118E+00     10000     10000     10000
   0.15410000E-08  0.49651914E+00     10000     10000     10000
   0.15460000E-08  0.49801710E+00     10000     10000     10000
   0.15510000E-08  0.49951506E+00     10000     10000     10000
   0.15560000E-08  0.50101302E+00     10000     10000     10000
   0.15610000E-08  0.50251098E+00     10000     10000     10000
   0.15660000E-08  0.50400894E+00     10000     10000     10000
   0.15710000E-08  0.50550690E+00     10000     10000     10000
   0.15760000E-08  0.50700486E+00     10000     10000     10000
   0.15810000E-08  0.50850282E+00     10000     10000     10000
   0.15860000E-08  0.51000078E+00     10000     10000     10000
   0.15910000E-08  0.51149874E+00     10000     10000     10000
   0.15960000E-08  0.51299670E+00     10000     10000     10000
   0.16010000E-08  0.51449466E+00     10000     10000     10000
   0.16060000E-08  0.51599262E+00     10000     10000     10000
   0.16110000E-08  0.51749058E+00     10000     10000     10000
   0.16160000E-08  0.51898854E+00     10000     10000     10000
   0.16210000E-08  0.52048650E+00     10000     10000     10000
   0.16260000E-08  0.52198446E+00     10000     10000     10000
   0.16310000E-08  0.52348243E+00     10000     10000     10000
   0.16360000E-08  0.52498039E+00     10000     10000     10000
   0.16410000E-08  0.52647835E+00     10000     10000     10000
   0.16460000E-08  0.52797631E+00     10000     10000     10000
   0.16510000E-08  0.52947427E+00     10000     10000     10000
   0.16560000E-08  0.53097223E+00     10000     10000     10000
   0.16610000E-08  0.53247019E+00     10000     10000     10000
   0.16660000E-08  0.53396815E+00     10000     10000     10000
   0.16710000E-08  0.53546611E+00     10000     10000     10000
   0.16760000E-08  0.53696407E+00     10000     10000     10000
   0.16810000E-08  0.53846203E+00     10000     10000     10000
   0.16860000E-08  0.53995999E+00     10000     10000     10000
   0.16910000E-08  0.54145795E+00     10000     10000     10000
   0.16960000E-08  0.54295591E+00     10000     10000     10000
   0.17010000E-08  0.54445387E+00     10000     10000     10000
   0.17060000E-08  0.54595183E+00     10000     10000     10000
   0.17110000E-08  0.54744979E+00     10000     10000     10000
   0.17160000E-08  0.54894775E+00     10000     10000     10000
   0.17210000E-08  0.55044571E+00     10000     10000     10000
   0.17260000E-08  0.55194367E+00     10000     10000     10000
   0.17310000E-08  0.55344163E+00     10000     10000     10000
   0.17360000E-08  0.55493959E+00     10000     10000     10000
   0.17410000E-08  0.55643755E+00     10000     10000     10000
   0.17460000E-08  0.55793551E+00     10000     10000     10000
   0.17510000E-08  0.55943347E+00     10000     10000     10000
   0.17560000E-08  0.56093144E+00     10000     10000     10000
   0.17610000E-08  0.56242940E+00     10000     10000     10000
   0.17660000E-08  0.56392736E+00     10000     10000     10000
   0.17710000E-08  0.56542532E+00     10000     10000     10000
   0.17760000E-08  0.56692328E+00     10000     10000     10000
   0.17810000E-08  0.56842124E+00     10000     10000     10000
   0.17860000E-08  0.56991920E+00     10000     10000     10000
   0.17910000E-08  0.57141716E+00     10000     10000     10000
   0.17960000E-08  0.57291512E+00     10000     10000     10000
   0.18010000E-08  0.57441308E+00     10000     10000     10000
   0.18060000E-08  0.57591104E+00     10000     10000     10000
   0.18110000E-08  0.57740900E+00     10000     10000     10000
   0.18160000E-08  0.57890696E+00     10000     10000     10000
   0.18210000E-08  0.58040492E+00     10000     10000     10000
   0.18260000E-08  0.58190288E+00     10000     10000     10000
   0.18310000E-08  0.58340084E+00     10000     10000     10000
   0.18360000E-08  0.58489880E+00     10000     10000     10000
   0.18410000E-08  0.58639676E+00     10000     10000     10000
   0.18460000E-08  0.58789472E+00     10000     10000     10000
   0.18510000E-08  0.58939268E+00     10000     10000     10000
   0.18560000E-08  0.59089064E+00     10000     10000     10000
   0.18610000E-08  0.59238860E+00     10000     10000     10000
   0.18660000E-08  0.59388656E+00     10000     10000     10000
   0.18710000E-08  0.59538452E+00     10000     10000     10000
   0.18760000E-08  0.59688248E+00     10000     10000     10000
   0.18810000E-08  0.59838045E+00     10000     10000     10000
   0.18860000E-08  0.59987841E+00     10000     10000     10000
   0.18910000E-08  0.60137637E+00     10000     10000     10000
   0.18960000E-08  0.60287433E+00     10000     10000     10000
   0.19010000E-08  0.60437229E+00     10000     10000     10000
   0.19060000E-08  0.60587025E+00     10000     10000     10000
   0.19110000E-08  0.60736821E+00     10000     10000     10000
   0.19160000E-08  0.60886617E+00     10000     10000     10000
   0.19210000E-08  0.61036413E+00     10000     10000     10000
   0.19260000E-08  0.61186209E+00     10000     10000     10000
   0.19310000E-08  0.61336005E+00     10000     10000     10000
   0.19360000E-08  0.61485801E+00     10000     10000     10000
   0.19410000E-08  0.61635597E+00     10000     10000     10000
   0.19460000E-08  0.61785393E+00     10000     10000     10000
   0.19510000E-08  0.61935189E+00     10000     10000     10000
   0.19560000E-08  0.62084985E+00     10000     10000     10000
   0.19610000E-08  0.62234781E+00     10000     10000     10000
   0.19660000E-08  0.62384577E+00     10000     10000     10000
   0.19710000E-08  0.62534373E+00     10000     10000     10000
   0.19760000E-08  0.62684169E+00     10000     10000     10000
   0.19810000E-08  0.62833965E+00     10000     10000     10000
   0.19860000E-08  0.62983761E+00     10000     10000     10000
   0.19910000E-08  0.63133557E+00     10000     10000     10000
   0.19960000E-08  0.63283353E+00     10000     10000     10000
   0.20010000E-08  0.63433149E+00     10000     10000     10000
   0.20060000E-08  0.63582946E+00     10000     10000     10000
   0.20110000E-08  0.63732742E+00     10000     10000     10000
   0.20160000E-08  0.63882538E+00     10000     10000     10000
   0.20210000E-08  0.64032334E+00     10000     10000     10000
   0.20260000E-08  0.64182130E+00     10000     10000     10000
   0.20310000E-08  0.64331926E+00     10000     10000     10000
   0.20360000E-08  0.64481722E+00     10000     10000     10000
   0.20410000E-08  0.64631518E+00     10000     10000     10000
   0.20460000E-08  0.64781314E+00     10000     10000     10000
   0.20510000E-08  0.64931110E+00     10000     10000     10000
   0.20560000E-08  0.65080906E+00     10000     10000     10000
   0.20610000E-08  0.65230702E+00     10000     10000     10000
   0.20660000E-08  0.65380498E+00     10000     10000     10000
   0.20710000E-08  0.65530294E+00     10000     10000     10000
   0.20760000E-08  0.65680090E+00     10000     10000     10000
   0.20810000E-08  0.65829886E+00     10000     10000     10000
   0.20860000E-08  0.65979682E+00     10000     10000     10000
   0.20910000E-08  0.66129478E+00     10000     10000     10000
   0.20960000E-08  0.66279274E+00     10000     10000     10000
   0.21010000E-08  0.66429070E+00     10000     10000     10000
   0.21060000E-08  0.66578866E+00     10000     10000     10000
   0.21110000E-08  0.66728662E+00     10000     10000     10000
   0.21160000E-08  0.66878458E+00     10000     10000     10000
   0.21210000E-08  0.67028254E+00     10000     10000     10000
   0.21260000E-08  0.67178050E+00     10000     10000     10000
   0.21310000E-08  0.67327847E+00     10000     10000     10000
   0.21360000E-08  0.67477643E+00     10000     10000     10000
   0.21410000E-08  0.67627439E+00     10000     10000     10000
   0.21460000E-08  0.67777235E+00     10000     10000     10000
   0.21510000E-08  0.67927031E+00     10000     10000     10000
   0.21560000E-08  0.68076827E+00     10000     10000     10000
   0.21610000E-08  0.68226623E+00     10000     10000     10000
   0.21660000E-08  0.68376419E+00     10000     10000     10000
   0.21710000E-08  0.68526215E+00     10000     10000     10000
   0.21760000E-08  0.68676011E+00     10000     10000     10000
   0.21810000E-08  0.68825807E+00     10000     10000     10000
   0.21860000E-08  0.68975603E+00     10000     10000     10000
   0.21910000E-08  0.69125399E+00     10000     10000     10000
   0.21960000E-08  0.69275195E+00     10000     10000     10000
   0.22010000E-08  0.69424991E+00     10000     10000     10000
   0.22060000E-08  0.69574787E+00     10000     10000     10000
   0.22110000E-08  0.69724583E+00     10000     10000     10000
   0.22160000E-08  0.69874379E+00     10000     10000     10000
   0.22210000E-08  0.70024175E+00     10000     10000     10000
   0.22260000E-08  0.70173971E+00     10000     10000     10000
   0.22310000E-08  0.70323767E+00     10000     10000     10000
   0.22360000E-08  0.70473563E+00     10000     10000     10000
   0.22410000E-08  0.70623359E+00     10000     10000     10000
   0.22460000E-08  0.70773155E+00     10000     10000     10000
   0.22510000E-08  0.70922952E+00     10000     10000     10000
   0.22560000E-08  0.71072748E+00     10000     10000     10000
   0.22610000E-08  0.71222544E+00     10000     10000     10000
   0.22660000E-08  0.71372340E+00     10000     10000     10000
   0.22710000E-08  0.71522136E+00     10000     10000     10000
   0.22760000E-08  0.71671932E+00     10000     10000     10000
   0.22810000E-08  0.71821728E+00     10000     10000     10000
   0.22860000E-08  0.71971524E+00     10000     10000     10000
   0.22910000E-08  0.72121320E+00     10000     10000     10000
   0.22960000E-08  0.72271116E+00     10000     10000     10000
   0.23010000E-08  0.72420912E+00     10000     10000     10000
   0.23060000E-08  0.72570708E+00     10000     10000     10000
   0.23110000E-08  0.72720504E+00     10000     10000     10000
   0.23160000E-08  0.72870300E+00     10000     10000     10000
   0.23210000E-08  0.73020096E+00     10000     10000     10000
   0.23260000E-08  0.73169892E+00     10000     10000     10000
   0.23310000E-08  0.73319688E+00     10000     10000     10000
   0.23360000E-08  0.73469484E+00     10000     10000     10000
   0.23410000E-08  0.73619280E+00     10000     10000     10000
   0.23460000E-08  0.73769076E+00     10000     10000     10000
   0.23510000E-08  0.73918872E+00     10000     10000     10000
   0.23560000E-08  0.74068668E+00     10000     10000     10000
   0.23610000E-08  0.74218464E+00     10000     10000     10000
   0.23660000E-08  0.74368260E+00     10000     10000     10000
   0.23710000E-08  0.74518056E+00     10000     10000     10000
   0.23760000E-08  0.74667853E+00     10000     10000     10000
   0.23810000E-08  0.74817649E+00     10000     10000     10000
   0.23860000E-08  0.74967445E+00     10000     10000     10000
   0.23910000E-08  0.75117241E+00     10000     10000     10000
   0.23960000E-08  0.75267037E+00     10000     10000     10000
   0.24010000E-08  0.75416833E+00     10000     10000     10000
   0.24060000E-08  0.75566629E+00     10000     10000     10000
   0.24110000E-08  0.75716425E+00     10000     10000     10000
   0.24160000E-08  0.75866221E+00     10000     10000     10000
   0.24210000E-08  0.76016017E+00     10000     10000     10000
   0.24260000E-08  0.76165813E+00     10000     10000     10000
   0.24310000E-08  0.76315609E+00     10000     10000     10000
   0.24360000E-08  0.76465405E+00     10000     10000     10000
   0.24410000E-08  0.76615201E+00     10000     10000     10000
   0.24460000E-08  0.76764997E+00     10000     10000     10000
   0.24510000E-08  0.76914793E+00     10000     10000     10000
   0.24560000E-08  0.77064589E+00     10000     10000     10000
