   0.10000000E-11  -0.13954431E-02  -0.90356089E-06   0.99123238E-03   0.39991717E-05   0.50011994E-03  -0.69174293E-09   0.49573459E-06
   0.20000000E-11  -0.10958507E-02  -0.90351709E-06   0.99123238E-03   0.39991729E-05   0.50011994E-03  -0.69446535E-09   0.49573459E-06
   0.30000000E-11  -0.79625842E-03  -0.90347329E-06   0.99123239E-03   0.39991871E-05   0.50011993E-03  -0.69706053E-09   0.49573459E-06
   0.40000000E-11  -0.49666609E-03  -0.90342949E-06   0.99123240E-03   0.39992963E-05   0.50011992E-03  -0.69866658E-09   0.49573458E-06
   0.50000000E-11  -0.19707377E-03  -0.90338568E-06   0.99123241E-03   0.39999426E-05   0.50011990E-03  -0.69321910E-09   0.49573457E-06
   0.60000000E-11   0.10251855E-03  -0.90334186E-06   0.99123241E-03   0.40022399E-05   0.50012032E-03  -0.64531186E-09   0.49573505E-06
   0.70000000E-11   0.40211087E-03  -0.90329800E-06   0.99123242E-03   0.40065111E-05   0.50012428E-03  -0.40700995E-09   0.49573923E-06
   0.80000000E-11   0.70170318E-03  -0.90325404E-06   0.99123242E-03   0.40203710E-05   0.50013427E-03   0.42628583E-09   0.49574912E-06
   0.90000000E-11   0.10012955E-02  -0.90320984E-06   0.99123240E-03   0.40513873E-05   0.50019163E-03   0.25985379E-08   0.49579934E-06
   0.10000000E-10   0.13008877E-02  -0.90316560E-06   0.99123235E-03   0.40269727E-05   0.50049030E-03   0.70204787E-08   0.49605250E-06
   0.11000000E-10   0.16004800E-02  -0.90312246E-06   0.99123223E-03   0.38505334E-05   0.50137179E-03   0.14641799E-07   0.49676014E-06
   0.12000000E-10   0.19000721E-02  -0.90308148E-06   0.99123201E-03   0.36322108E-05   0.50342782E-03   0.25804152E-07   0.49834615E-06
   0.13000000E-10   0.21996641E-02  -0.90304266E-06   0.99123164E-03   0.34565365E-05   0.50685121E-03   0.40365613E-07   0.50078276E-06
   0.14000000E-10   0.24992559E-02  -0.90300521E-06   0.99123110E-03   0.33833049E-05   0.51151351E-03   0.58040686E-07   0.50369512E-06
   0.15000000E-10   0.27988473E-02  -0.90296753E-06   0.99123035E-03   0.34968314E-05   0.51692464E-03   0.76792096E-07   0.50660430E-06
   0.16000000E-10   0.30984384E-02  -0.90292983E-06   0.99122941E-03   0.33878897E-05   0.52221515E-03   0.94273163E-07   0.50897798E-06
   0.17000000E-10   0.33980288E-02  -0.90289434E-06   0.99122828E-03   0.30919945E-05   0.52704530E-03   0.10938128E-06   0.51084312E-06
   0.18000000E-10   0.36976184E-02  -0.90286071E-06   0.99122701E-03   0.30489849E-05   0.53134361E-03   0.12093785E-06   0.51260912E-06
   0.19000000E-10   0.39972069E-02  -0.90282842E-06   0.99122564E-03   0.28478890E-05   0.53414210E-03   0.12766096E-06   0.51383426E-06
   0.20000000E-10   0.42967941E-02  -0.90280008E-06   0.99122421E-03   0.23260934E-05   0.53508258E-03   0.12979768E-06   0.51425940E-06
   0.21000000E-10   0.45963796E-02  -0.90277680E-06   0.99122278E-03   0.19246778E-05   0.53495731E-03   0.12931528E-06   0.51425209E-06
   0.22000000E-10   0.48959631E-02  -0.90275661E-06   0.99122136E-03   0.17623986E-05   0.53464437E-03   0.12791045E-06   0.51428290E-06
   0.23000000E-10   0.51955444E-02  -0.90273735E-06   0.99121996E-03   0.17546043E-05   0.53437988E-03   0.12642560E-06   0.51437918E-06
   0.24000000E-10   0.54951230E-02  -0.90271787E-06   0.99121857E-03   0.18037496E-05   0.53419993E-03   0.12532075E-06   0.51446513E-06
   0.25000000E-10   0.57946986E-02  -0.90269788E-06   0.99121718E-03   0.18455045E-05   0.53410712E-03   0.12468410E-06   0.51452438E-06
   0.26000000E-10   0.60942710E-02  -0.90267754E-06   0.99121581E-03   0.18687572E-05   0.53406767E-03   0.12437582E-06   0.51455801E-06
   0.27000000E-10   0.63938397E-02  -0.90265702E-06   0.99121444E-03   0.18795794E-05   0.53405236E-03   0.12424050E-06   0.51457433E-06
   0.28000000E-10   0.66934045E-02  -0.90263640E-06   0.99121306E-03   0.18841346E-05   0.53404664E-03   0.12418371E-06   0.51458145E-06
   0.29000000E-10   0.69929651E-02  -0.90261576E-06   0.99121169E-03   0.18860288E-05   0.53404471E-03   0.12415998E-06   0.51458446E-06
   0.30000000E-10   0.72925210E-02  -0.90259510E-06   0.99121032E-03   0.18868001E-05   0.53404416E-03   0.12414948E-06   0.51458567E-06
   0.31000000E-10   0.75920721E-02  -0.90257443E-06   0.99120895E-03   0.18870659E-05   0.53404404E-03   0.12414391E-06   0.51458614E-06
   0.32000000E-10   0.78916179E-02  -0.90255376E-06   0.99120758E-03   0.18871589E-05   0.53404400E-03   0.12414009E-06   0.51458627E-06
   0.33000000E-10   0.81911581E-02  -0.90253309E-06   0.99120620E-03   0.18871769E-05   0.53404400E-03   0.12413683E-06   0.51458630E-06
   0.34000000E-10   0.84906924E-02  -0.90251242E-06   0.99120483E-03   0.18871811E-05   0.53404400E-03   0.12413369E-06   0.51458631E-06
   0.35000000E-10   0.87902205E-02  -0.90249175E-06   0.99120346E-03   0.18871809E-05   0.53404400E-03   0.12413057E-06   0.51458631E-06
   0.36000000E-10   0.90897420E-02  -0.90247108E-06   0.99120209E-03   0.18871809E-05   0.53404400E-03   0.12412744E-06   0.51458631E-06
   0.37000000E-10   0.93892566E-02  -0.90245041E-06   0.99120072E-03   0.18871809E-05   0.53404400E-03   0.12412432E-06   0.51458631E-06
   0.38000000E-10   0.96887641E-02  -0.90242974E-06   0.99119935E-03   0.18871809E-05   0.53404400E-03   0.12412120E-06   0.51458631E-06
   0.39000000E-10   0.99882640E-02  -0.90240908E-06   0.99119797E-03   0.18871809E-05   0.53404400E-03   0.12411807E-06   0.51458631E-06
   0.40000000E-10   0.10287756E-01  -0.90238841E-06   0.99119660E-03   0.18871809E-05   0.53404400E-03   0.12411495E-06   0.51458631E-06
   0.41000000E-10   0.10587240E-01  -0.90236774E-06   0.99119523E-03   0.18871809E-05   0.53404400E-03   0.12411183E-06   0.51458631E-06
   0.42000000E-10   0.10886715E-01  -0.90234707E-06   0.99119386E-03   0.18871809E-05   0.53404400E-03   0.12410870E-06   0.51458631E-06
   0.43000000E-10   0.11186182E-01  -0.90232640E-06   0.99119249E-03   0.18871809E-05   0.53404400E-03   0.12410558E-06   0.51458631E-06
   0.44000000E-10   0.11485639E-01  -0.90230573E-06   0.99119112E-03   0.18871809E-05   0.53404400E-03   0.12410246E-06   0.51458631E-06
   0.45000000E-10   0.11785087E-01  -0.90228506E-06   0.99118975E-03   0.18871809E-05   0.53404400E-03   0.12409933E-06   0.51458631E-06
   0.46000000E-10   0.12084525E-01  -0.90226439E-06   0.99118837E-03   0.18871809E-05   0.53404400E-03   0.12409621E-06   0.51458631E-06
   0.47000000E-10   0.12383952E-01  -0.90224372E-06   0.99118700E-03   0.18871809E-05   0.53404400E-03   0.12409308E-06   0.51458631E-06
   0.48000000E-10   0.12683370E-01  -0.90222305E-06   0.99118563E-03   0.18871809E-05   0.53404400E-03   0.12408996E-06   0.51458631E-06
   0.49000000E-10   0.12982776E-01  -0.90220238E-06   0.99118426E-03   0.18871809E-05   0.53404400E-03   0.12408684E-06   0.51458631E-06
   0.50000000E-10   0.13282171E-01  -0.90218171E-06   0.99118289E-03   0.18871809E-05   0.53404400E-03   0.12408371E-06   0.51458631E-06
   0.51000000E-10   0.13581555E-01  -0.90216104E-06   0.99118152E-03   0.18871809E-05   0.53404400E-03   0.12408059E-06   0.51458631E-06
   0.52000000E-10   0.13880927E-01  -0.90214037E-06   0.99118015E-03   0.18871809E-05   0.53404400E-03   0.12407747E-06   0.51458631E-06
   0.53000000E-10   0.14180287E-01  -0.90211970E-06   0.99117878E-03   0.18871809E-05   0.53404400E-03   0.12407434E-06   0.51458631E-06
   0.54000000E-10   0.14479635E-01  -0.90209903E-06   0.99117741E-03   0.18871809E-05   0.53404400E-03   0.12407122E-06   0.51458631E-06
   0.55000000E-10   0.14778969E-01  -0.90207836E-06   0.99117603E-03   0.18871809E-05   0.53404400E-03   0.12406809E-06   0.51458631E-06
   0.56000000E-10   0.15078291E-01  -0.90205769E-06   0.99117466E-03   0.18871809E-05   0.53404400E-03   0.12406497E-06   0.51458631E-06
   0.57000000E-10   0.15377599E-01  -0.90203703E-06   0.99117329E-03   0.18871809E-05   0.53404400E-03   0.12406185E-06   0.51458631E-06
   0.58000000E-10   0.15676894E-01  -0.90201636E-06   0.99117192E-03   0.18871809E-05   0.53404400E-03   0.12405872E-06   0.51458631E-06
   0.59000000E-10   0.15976174E-01  -0.90199569E-06   0.99117055E-03   0.18871809E-05   0.53404400E-03   0.12405560E-06   0.51458631E-06
   0.60000000E-10   0.16275440E-01  -0.90197502E-06   0.99116918E-03   0.18871809E-05   0.53404400E-03   0.12405248E-06   0.51458631E-06
   0.61000000E-10   0.16574691E-01  -0.90195435E-06   0.99116781E-03   0.18871809E-05   0.53404400E-03   0.12404935E-06   0.51458631E-06
   0.62000000E-10   0.16873927E-01  -0.90193368E-06   0.99116644E-03   0.18871809E-05   0.53404400E-03   0.12404623E-06   0.51458631E-06
   0.63000000E-10   0.17173148E-01  -0.90191301E-06   0.99116507E-03   0.18871809E-05   0.53404400E-03   0.12404310E-06   0.51458631E-06
   0.64000000E-10   0.17472353E-01  -0.90189234E-06   0.99116370E-03   0.18871809E-05   0.53404400E-03   0.12403998E-06   0.51458631E-06
   0.65000000E-10   0.17771542E-01  -0.90187167E-06   0.99116233E-03   0.18871809E-05   0.53404400E-03   0.12403686E-06   0.51458631E-06
   0.66000000E-10   0.18070714E-01  -0.90185100E-06   0.99116096E-03   0.18871809E-05   0.53404400E-03   0.12403373E-06   0.51458631E-06
   0.67000000E-10   0.18369870E-01  -0.90183033E-06   0.99115959E-03   0.18871809E-05   0.53404400E-03   0.12403061E-06   0.51458631E-06
   0.68000000E-10   0.18669009E-01  -0.90180966E-06   0.99115821E-03   0.18871809E-05   0.53404400E-03   0.12402749E-06   0.51458631E-06
   0.69000000E-10   0.18968130E-01  -0.90178899E-06   0.99115684E-03   0.18871809E-05   0.53404400E-03   0.12402436E-06   0.51458631E-06
   0.70000000E-10   0.19267234E-01  -0.90176832E-06   0.99115547E-03   0.18871809E-05   0.53404400E-03   0.12402124E-06   0.51458631E-06
   0.71000000E-10   0.19566320E-01  -0.90174765E-06   0.99115410E-03   0.18871809E-05   0.53404400E-03   0.12401812E-06   0.51458631E-06
   0.72000000E-10   0.19865387E-01  -0.90172698E-06   0.99115273E-03   0.18871809E-05   0.53404400E-03   0.12401499E-06   0.51458631E-06
   0.73000000E-10   0.20164436E-01  -0.90170631E-06   0.99115136E-03   0.18871809E-05   0.53404400E-03   0.12401187E-06   0.51458631E-06
   0.74000000E-10   0.20463465E-01  -0.90168564E-06   0.99114999E-03   0.18871809E-05   0.53404400E-03   0.12400874E-06   0.51458631E-06
   0.75000000E-10   0.20762476E-01  -0.90166498E-06   0.99114862E-03   0.18871809E-05   0.53404400E-03   0.12400562E-06   0.51458631E-06
   0.76000000E-10   0.21061467E-01  -0.90164431E-06   0.99114725E-03   0.18871809E-05   0.53404400E-03   0.12400250E-06   0.51458631E-06
   0.77000000E-10   0.21360437E-01  -0.90162364E-06   0.99114588E-03   0.18871809E-05   0.53404400E-03   0.12399937E-06   0.51458631E-06
   0.78000000E-10   0.21659388E-01  -0.90160297E-06   0.99114451E-03   0.18871809E-05   0.53404400E-03   0.12399625E-06   0.51458631E-06
   0.79000000E-10   0.21958318E-01  -0.90158230E-06   0.99114314E-03   0.18871809E-05   0.53404400E-03   0.12399313E-06   0.51458631E-06
   0.80000000E-10   0.22257227E-01  -0.90156163E-06   0.99114177E-03   0.18871809E-05   0.53404400E-03   0.12399000E-06   0.51458631E-06
   0.81000000E-10   0.22556114E-01  -0.90154096E-06   0.99114040E-03   0.18871809E-05   0.53404400E-03   0.12398688E-06   0.51458631E-06
   0.82000000E-10   0.22854980E-01  -0.90152029E-06   0.99113903E-03   0.18871809E-05   0.53404400E-03   0.12398375E-06   0.51458631E-06
   0.83000000E-10   0.23153824E-01  -0.90149962E-06   0.99113766E-03   0.18871809E-05   0.53404400E-03   0.12398063E-06   0.51458631E-06
   0.84000000E-10   0.23452646E-01  -0.90147895E-06   0.99113629E-03   0.18871809E-05   0.53404400E-03   0.12397751E-06   0.51458631E-06
   0.85000000E-10   0.23751445E-01  -0.90145828E-06   0.99113492E-03   0.18871809E-05   0.53404400E-03   0.12397438E-06   0.51458631E-06
   0.86000000E-10   0.24050221E-01  -0.90143761E-06   0.99113355E-03   0.18871809E-05   0.53404400E-03   0.12397126E-06   0.51458631E-06
   0.87000000E-10   0.24348974E-01  -0.90141694E-06   0.99113218E-03   0.18871809E-05   0.53404400E-03   0.12396814E-06   0.51458631E-06
   0.88000000E-10   0.24647704E-01  -0.90139627E-06   0.99113081E-03   0.18871809E-05   0.53404400E-03   0.12396501E-06   0.51458631E-06
   0.89000000E-10   0.24946409E-01  -0.90137560E-06   0.99112944E-03   0.18871809E-05   0.53404400E-03   0.12396189E-06   0.51458631E-06
   0.90000000E-10   0.25245091E-01  -0.90135493E-06   0.99112807E-03   0.18871809E-05   0.53404400E-03   0.12395876E-06   0.51458631E-06
   0.91000000E-10   0.25543747E-01  -0.90133426E-06   0.99112670E-03   0.18871809E-05   0.53404400E-03   0.12395564E-06   0.51458631E-06
   0.92000000E-10   0.25842379E-01  -0.90131359E-06   0.99112533E-03   0.18871809E-05   0.53404400E-03   0.12395252E-06   0.51458631E-06
   0.93000000E-10   0.26140986E-01  -0.90129293E-06   0.99112396E-03   0.18871809E-05   0.53404400E-03   0.12394939E-06   0.51458631E-06
   0.94000000E-10   0.26439567E-01  -0.90127226E-06   0.99112259E-03   0.18871809E-05   0.53404400E-03   0.12394627E-06   0.51458631E-06
   0.95000000E-10   0.26738122E-01  -0.90125159E-06   0.99112122E-03   0.18871809E-05   0.53404400E-03   0.12394315E-06   0.51458631E-06
   0.96000000E-10   0.27036651E-01  -0.90123092E-06   0.99111985E-03   0.18871809E-05   0.53404400E-03   0.12394002E-06   0.51458631E-06
   0.97000000E-10   0.27335154E-01  -0.90121025E-06   0.99111848E-03   0.18871809E-05   0.53404400E-03   0.12393690E-06   0.51458631E-06
   0.98000000E-10   0.27633630E-01  -0.90118958E-06   0.99111711E-03   0.18871809E-05   0.53404400E-03   0.12393378E-06   0.51458631E-06
   0.99000000E-10   0.27932078E-01  -0.90116891E-06   0.99111574E-03   0.18871809E-05   0.53404400E-03   0.12393065E-06   0.51458631E-06
   0.10000000E-09   0.28230499E-01  -0.90114824E-06   0.99111437E-03   0.18871809E-05   0.53404400E-03   0.12392753E-06   0.51458631E-06
   0.10100000E-09   0.28528893E-01  -0.90112757E-06   0.99111300E-03   0.18871809E-05   0.53404400E-03   0.12392440E-06   0.51458631E-06
   0.10200000E-09   0.28827258E-01  -0.90110690E-06   0.99111164E-03   0.18871809E-05   0.53404400E-03   0.12392128E-06   0.51458631E-06
   0.10300000E-09   0.29125594E-01  -0.90108623E-06   0.99111027E-03   0.18871809E-05   0.53404400E-03   0.12391816E-06   0.51458631E-06
   0.10400000E-09   0.29423902E-01  -0.90106556E-06   0.99110890E-03   0.18871809E-05   0.53404400E-03   0.12391503E-06   0.51458631E-06
   0.10500000E-09   0.29722181E-01  -0.90104489E-06   0.99110753E-03   0.18871809E-05   0.53404400E-03   0.12391191E-06   0.51458631E-06
   0.10600000E-09   0.30020430E-01  -0.90102422E-06   0.99110616E-03   0.18871809E-05   0.53404400E-03   0.12390879E-06   0.51458631E-06
   0.10700000E-09   0.30318650E-01  -0.90100355E-06   0.99110479E-03   0.18871809E-05   0.53404400E-03   0.12390566E-06   0.51458631E-06
   0.10800000E-09   0.30616839E-01  -0.90098288E-06   0.99110342E-03   0.18871809E-05   0.53404400E-03   0.12390254E-06   0.51458631E-06
   0.10900000E-09   0.30914998E-01  -0.90096221E-06   0.99110205E-03   0.18871809E-05   0.53404400E-03   0.12389941E-06   0.51458631E-06
   0.11000000E-09   0.31213126E-01  -0.90094154E-06   0.99110068E-03   0.18871809E-05   0.53404400E-03   0.12389629E-06   0.51458631E-06
   0.11100000E-09   0.31511223E-01  -0.90092088E-06   0.99109931E-03   0.18871809E-05   0.53404400E-03   0.12389317E-06   0.51458631E-06
   0.11200000E-09   0.31809289E-01  -0.90090021E-06   0.99109794E-03   0.18871809E-05   0.53404400E-03   0.12389004E-06   0.51458631E-06
   0.11300000E-09   0.32107323E-01  -0.90087954E-06   0.99109657E-03   0.18871809E-05   0.53404400E-03   0.12388692E-06   0.51458631E-06
   0.11400000E-09   0.32405325E-01  -0.90085887E-06   0.99109520E-03   0.18871809E-05   0.53404400E-03   0.12388380E-06   0.51458631E-06
   0.11500000E-09   0.32703295E-01  -0.90083820E-06   0.99109384E-03   0.18871809E-05   0.53404400E-03   0.12388067E-06   0.51458631E-06
   0.11600000E-09   0.33001232E-01  -0.90081753E-06   0.99109247E-03   0.18871809E-05   0.53404400E-03   0.12387755E-06   0.51458631E-06
   0.11700000E-09   0.33299135E-01  -0.90079686E-06   0.99109110E-03   0.18871809E-05   0.53404400E-03   0.12387442E-06   0.51458631E-06
   0.11800000E-09   0.33597006E-01  -0.90077619E-06   0.99108973E-03   0.18871809E-05   0.53404400E-03   0.12387130E-06   0.51458631E-06
   0.11900000E-09   0.33894843E-01  -0.90075552E-06   0.99108836E-03   0.18871809E-05   0.53404400E-03   0.12386818E-06   0.51458631E-06
   0.12000000E-09   0.34192645E-01  -0.90073485E-06   0.99108699E-03   0.18871809E-05   0.53404400E-03   0.12386505E-06   0.51458631E-06
   0.12100000E-09   0.34490414E-01  -0.90071418E-06   0.99108562E-03   0.18871809E-05   0.53404400E-03   0.12386193E-06   0.51458631E-06
   0.12200000E-09   0.34788148E-01  -0.90069351E-06   0.99108425E-03   0.18871809E-05   0.53404400E-03   0.12385881E-06   0.51458631E-06
   0.12300000E-09   0.35085846E-01  -0.90067284E-06   0.99108288E-03   0.18871809E-05   0.53404400E-03   0.12385568E-06   0.51458631E-06
   0.12400000E-09   0.35383510E-01  -0.90065217E-06   0.99108152E-03   0.18871809E-05   0.53404400E-03   0.12385256E-06   0.51458631E-06
   0.12500000E-09   0.35681138E-01  -0.90063150E-06   0.99108015E-03   0.18871809E-05   0.53404400E-03   0.12384944E-06   0.51458631E-06
   0.12600000E-09   0.35978729E-01  -0.90061083E-06   0.99107878E-03   0.18871809E-05   0.53404400E-03   0.12384631E-06   0.51458631E-06
   0.12700000E-09   0.36276285E-01  -0.90059016E-06   0.99107741E-03   0.18871809E-05   0.53404400E-03   0.12384319E-06   0.51458631E-06
   0.12800000E-09   0.36573804E-01  -0.90056949E-06   0.99107604E-03   0.18871809E-05   0.53404400E-03   0.12384006E-06   0.51458631E-06
   0.12900000E-09   0.36871286E-01  -0.90054883E-06   0.99107467E-03   0.18871809E-05   0.53404400E-03   0.12383694E-06   0.51458631E-06
   0.13000000E-09   0.37168731E-01  -0.90052816E-06   0.99107330E-03   0.18871809E-05   0.53404400E-03   0.12383382E-06   0.51458631E-06
   0.13100000E-09   0.37466138E-01  -0.90050749E-06   0.99107194E-03   0.18871809E-05   0.53404400E-03   0.12383069E-06   0.51458631E-06
   0.13200000E-09   0.37763507E-01  -0.90048682E-06   0.99107057E-03   0.18871809E-05   0.53404400E-03   0.12382757E-06   0.51458631E-06
   0.13300000E-09   0.38060838E-01  -0.90046615E-06   0.99106920E-03   0.18871809E-05   0.53404400E-03   0.12382445E-06   0.51458631E-06
   0.13400000E-09   0.38358130E-01  -0.90044548E-06   0.99106783E-03   0.18871809E-05   0.53404400E-03   0.12382132E-06   0.51458631E-06
   0.13500000E-09   0.38655384E-01  -0.90042481E-06   0.99106646E-03   0.18871809E-05   0.53404400E-03   0.12381820E-06   0.51458631E-06
   0.13600000E-09   0.38952598E-01  -0.90040414E-06   0.99106509E-03   0.18871809E-05   0.53404400E-03   0.12381507E-06   0.51458631E-06
   0.13700000E-09   0.39249773E-01  -0.90038347E-06   0.99106373E-03   0.18871809E-05   0.53404400E-03   0.12381195E-06   0.51458631E-06
   0.13800000E-09   0.39546908E-01  -0.90036280E-06   0.99106236E-03   0.18871809E-05   0.53404400E-03   0.12380883E-06   0.51458631E-06
   0.13900000E-09   0.39844002E-01  -0.90034213E-06   0.99106099E-03   0.18871809E-05   0.53404400E-03   0.12380570E-06   0.51458631E-06
   0.14000000E-09   0.40141056E-01  -0.90032146E-06   0.99105962E-03   0.18871809E-05   0.53404400E-03   0.12380258E-06   0.51458631E-06
   0.14100000E-09   0.40438070E-01  -0.90030079E-06   0.99105825E-03   0.18871809E-05   0.53404400E-03   0.12379946E-06   0.51458631E-06
   0.14200000E-09   0.40735042E-01  -0.90028012E-06   0.99105688E-03   0.18871809E-05   0.53404400E-03   0.12379633E-06   0.51458631E-06
   0.14300000E-09   0.41031973E-01  -0.90025945E-06   0.99105552E-03   0.18871809E-05   0.53404400E-03   0.12379321E-06   0.51458631E-06
   0.14400000E-09   0.41328861E-01  -0.90023878E-06   0.99105415E-03   0.18871809E-05   0.53404400E-03   0.12379008E-06   0.51458631E-06
   0.14500000E-09   0.41625708E-01  -0.90021811E-06   0.99105278E-03   0.18871809E-05   0.53404400E-03   0.12378696E-06   0.51458631E-06
   0.14600000E-09   0.41922512E-01  -0.90019744E-06   0.99105141E-03   0.18871809E-05   0.53404400E-03   0.12378384E-06   0.51458631E-06
   0.14700000E-09   0.42219274E-01  -0.90017678E-06   0.99105004E-03   0.18871809E-05   0.53404400E-03   0.12378071E-06   0.51458631E-06
   0.14800000E-09   0.42515992E-01  -0.90015611E-06   0.99104868E-03   0.18871809E-05   0.53404400E-03   0.12377759E-06   0.51458631E-06
   0.14900000E-09   0.42812667E-01  -0.90013544E-06   0.99104731E-03   0.18871809E-05   0.53404400E-03   0.12377447E-06   0.51458631E-06
   0.15000000E-09   0.43109298E-01  -0.90011477E-06   0.99104594E-03   0.18871809E-05   0.53404400E-03   0.12377134E-06   0.51458631E-06
   0.15100000E-09   0.43405885E-01  -0.90009410E-06   0.99104457E-03   0.18871809E-05   0.53404400E-03   0.12376822E-06   0.51458631E-06
   0.15200000E-09   0.43702428E-01  -0.90007343E-06   0.99104320E-03   0.18871809E-05   0.53404400E-03   0.12376510E-06   0.51458631E-06
   0.15300000E-09   0.43998925E-01  -0.90005276E-06   0.99104184E-03   0.18871809E-05   0.53404400E-03   0.12376197E-06   0.51458631E-06
   0.15400000E-09   0.44295378E-01  -0.90003209E-06   0.99104047E-03   0.18871809E-05   0.53404400E-03   0.12375885E-06   0.51458631E-06
   0.15500000E-09   0.44591786E-01  -0.90001142E-06   0.99103910E-03   0.18871809E-05   0.53404400E-03   0.12375572E-06   0.51458631E-06
   0.15600000E-09   0.44888147E-01  -0.89999075E-06   0.99103773E-03   0.18871809E-05   0.53404400E-03   0.12375260E-06   0.51458631E-06
   0.15700000E-09   0.45184463E-01  -0.89997008E-06   0.99103637E-03   0.18871809E-05   0.53404400E-03   0.12374948E-06   0.51458631E-06
   0.15800000E-09   0.45480732E-01  -0.89994941E-06   0.99103500E-03   0.18871809E-05   0.53404400E-03   0.12374635E-06   0.51458631E-06
   0.15900000E-09   0.45776955E-01  -0.89992874E-06   0.99103363E-03   0.18871809E-05   0.53404400E-03   0.12374323E-06   0.51458631E-06
   0.16000000E-09   0.46073131E-01  -0.89990807E-06   0.99103226E-03   0.18871809E-05   0.53404400E-03   0.12374011E-06   0.51458631E-06
   0.16100000E-09   0.46369259E-01  -0.89988740E-06   0.99103090E-03   0.18871809E-05   0.53404400E-03   0.12373698E-06   0.51458631E-06
   0.16200000E-09   0.46665339E-01  -0.89986673E-06   0.99102953E-03   0.18871809E-05   0.53404400E-03   0.12373386E-06   0.51458631E-06
   0.16300000E-09   0.46961372E-01  -0.89984606E-06   0.99102816E-03   0.18871809E-05   0.53404400E-03   0.12373073E-06   0.51458631E-06
   0.16400000E-09   0.47257356E-01  -0.89982539E-06   0.99102679E-03   0.18871809E-05   0.53404400E-03   0.12372761E-06   0.51458631E-06
   0.16500000E-09   0.47553292E-01  -0.89980473E-06   0.99102543E-03   0.18871809E-05   0.53404400E-03   0.12372449E-06   0.51458631E-06
   0.16600000E-09   0.47849179E-01  -0.89978406E-06   0.99102406E-03   0.18871809E-05   0.53404400E-03   0.12372136E-06   0.51458631E-06
   0.16700000E-09   0.48145016E-01  -0.89976339E-06   0.99102269E-03   0.18871809E-05   0.53404400E-03   0.12371824E-06   0.51458631E-06
   0.16800000E-09   0.48440804E-01  -0.89974272E-06   0.99102132E-03   0.18871809E-05   0.53404400E-03   0.12371512E-06   0.51458631E-06
   0.16900000E-09   0.48736542E-01  -0.89972205E-06   0.99101996E-03   0.18871809E-05   0.53404400E-03   0.12371199E-06   0.51458631E-06
   0.17000000E-09   0.49032230E-01  -0.89970138E-06   0.99101859E-03   0.18871809E-05   0.53404400E-03   0.12370887E-06   0.51458631E-06
   0.17100000E-09   0.49327867E-01  -0.89968071E-06   0.99101722E-03   0.18871809E-05   0.53404400E-03   0.12370574E-06   0.51458631E-06
   0.17200000E-09   0.49623453E-01  -0.89966004E-06   0.99101586E-03   0.18871809E-05   0.53404400E-03   0.12370262E-06   0.51458631E-06
   0.17300000E-09   0.49918988E-01  -0.89963937E-06   0.99101449E-03   0.18871809E-05   0.53404400E-03   0.12369950E-06   0.51458631E-06
   0.17400000E-09   0.50214472E-01  -0.89961870E-06   0.99101312E-03   0.18871809E-05   0.53404400E-03   0.12369637E-06   0.51458631E-06
   0.17500000E-09   0.50509904E-01  -0.89959803E-06   0.99101175E-03   0.18871809E-05   0.53404400E-03   0.12369325E-06   0.51458631E-06
   0.17600000E-09   0.50805283E-01  -0.89957736E-06   0.99101039E-03   0.18871809E-05   0.53404400E-03   0.12369013E-06   0.51458631E-06
   0.17700000E-09   0.51100610E-01  -0.89955669E-06   0.99100902E-03   0.18871809E-05   0.53404400E-03   0.12368700E-06   0.51458631E-06
   0.17800000E-09   0.51395884E-01  -0.89953602E-06   0.99100765E-03   0.18871809E-05   0.53404400E-03   0.12368388E-06   0.51458631E-06
   0.17900000E-09   0.51691105E-01  -0.89951535E-06   0.99100629E-03   0.18871809E-05   0.53404400E-03   0.12368076E-06   0.51458631E-06
   0.18000000E-09   0.51986273E-01  -0.89949468E-06   0.99100492E-03   0.18871809E-05   0.53404400E-03   0.12367763E-06   0.51458631E-06
   0.18100000E-09   0.52281386E-01  -0.89947401E-06   0.99100355E-03   0.18871809E-05   0.53404400E-03   0.12367451E-06   0.51458631E-06
   0.18200000E-09   0.52576446E-01  -0.89945334E-06   0.99100219E-03   0.18871809E-05   0.53404400E-03   0.12367138E-06   0.51458631E-06
   0.18300000E-09   0.52871451E-01  -0.89943268E-06   0.99100082E-03   0.18871809E-05   0.53404400E-03   0.12366826E-06   0.51458631E-06
   0.18400000E-09   0.53166402E-01  -0.89941201E-06   0.99099945E-03   0.18871809E-05   0.53404400E-03   0.12366514E-06   0.51458631E-06
   0.18500000E-09   0.53461297E-01  -0.89939134E-06   0.99099809E-03   0.18871809E-05   0.53404400E-03   0.12366201E-06   0.51458631E-06
   0.18600000E-09   0.53756137E-01  -0.89937067E-06   0.99099672E-03   0.18871809E-05   0.53404400E-03   0.12365889E-06   0.51458631E-06
   0.18700000E-09   0.54050921E-01  -0.89935000E-06   0.99099535E-03   0.18871809E-05   0.53404400E-03   0.12365577E-06   0.51458631E-06
   0.18800000E-09   0.54345649E-01  -0.89932933E-06   0.99099399E-03   0.18871809E-05   0.53404400E-03   0.12365264E-06   0.51458631E-06
   0.18900000E-09   0.54640321E-01  -0.89930866E-06   0.99099262E-03   0.18871809E-05   0.53404400E-03   0.12364952E-06   0.51458631E-06
   0.19000000E-09   0.54934936E-01  -0.89928799E-06   0.99099125E-03   0.18871809E-05   0.53404400E-03   0.12364639E-06   0.51458631E-06
   0.19100000E-09   0.55229494E-01  -0.89926732E-06   0.99098989E-03   0.18871809E-05   0.53404400E-03   0.12364327E-06   0.51458631E-06
   0.19200000E-09   0.55523994E-01  -0.89924665E-06   0.99098852E-03   0.18871809E-05   0.53404400E-03   0.12364015E-06   0.51458631E-06
   0.19300000E-09   0.55818437E-01  -0.89922598E-06   0.99098715E-03   0.18871809E-05   0.53404400E-03   0.12363702E-06   0.51458631E-06
   0.19400000E-09   0.56112822E-01  -0.89920531E-06   0.99098579E-03   0.18871809E-05   0.53404400E-03   0.12363390E-06   0.51458631E-06
   0.19500000E-09   0.56407149E-01  -0.89918464E-06   0.99098442E-03   0.18871809E-05   0.53404400E-03   0.12363078E-06   0.51458631E-06
   0.19600000E-09   0.56701417E-01  -0.89916397E-06   0.99098305E-03   0.18871809E-05   0.53404400E-03   0.12362765E-06   0.51458631E-06
   0.19700000E-09   0.56995626E-01  -0.89914330E-06   0.99098169E-03   0.18871809E-05   0.53404400E-03   0.12362453E-06   0.51458631E-06
   0.19800000E-09   0.57289776E-01  -0.89912263E-06   0.99098032E-03   0.18871809E-05   0.53404400E-03   0.12362140E-06   0.51458631E-06
   0.19900000E-09   0.57583866E-01  -0.89910196E-06   0.99097895E-03   0.18871809E-05   0.53404400E-03   0.12361828E-06   0.51458631E-06
   0.20000000E-09   0.57877896E-01  -0.89908129E-06   0.99097759E-03   0.18871809E-05   0.53404400E-03   0.12361516E-06   0.51458631E-06
   0.20100000E-09   0.58171866E-01  -0.89906063E-06   0.99097622E-03   0.18871809E-05   0.53404400E-03   0.12361203E-06   0.51458631E-06
   0.20200000E-09   0.58465776E-01  -0.89903996E-06   0.99097486E-03   0.18871809E-05   0.53404400E-03   0.12360891E-06   0.51458631E-06
   0.20300000E-09   0.58759624E-01  -0.89901929E-06   0.99097349E-03   0.18871809E-05   0.53404400E-03   0.12360579E-06   0.51458631E-06
   0.20400000E-09   0.59053412E-01  -0.89899862E-06   0.99097212E-03   0.18871809E-05   0.53404400E-03   0.12360266E-06   0.51458631E-06
   0.20500000E-09   0.59347138E-01  -0.89897795E-06   0.99097076E-03   0.18871809E-05   0.53404400E-03   0.12359954E-06   0.51458631E-06
   0.20600000E-09   0.59640802E-01  -0.89895728E-06   0.99096939E-03   0.18871809E-05   0.53404400E-03   0.12359642E-06   0.51458631E-06
   0.20700000E-09   0.59934404E-01  -0.89893661E-06   0.99096803E-03   0.18871809E-05   0.53404400E-03   0.12359329E-06   0.51458631E-06
   0.20800000E-09   0.60227943E-01  -0.89891594E-06   0.99096666E-03   0.18871809E-05   0.53404400E-03   0.12359017E-06   0.51458631E-06
   0.20900000E-09   0.60521419E-01  -0.89889527E-06   0.99096529E-03   0.18871809E-05   0.53404400E-03   0.12358704E-06   0.51458631E-06
   0.21000000E-09   0.60814833E-01  -0.89887460E-06   0.99096393E-03   0.18871809E-05   0.53404400E-03   0.12358392E-06   0.51458631E-06
   0.21100000E-09   0.61108183E-01  -0.89885393E-06   0.99096256E-03   0.18871809E-05   0.53404400E-03   0.12358080E-06   0.51458631E-06
   0.21200000E-09   0.61401469E-01  -0.89883326E-06   0.99096120E-03   0.18871809E-05   0.53404400E-03   0.12357767E-06   0.51458631E-06
   0.21300000E-09   0.61694691E-01  -0.89881259E-06   0.99095983E-03   0.18871809E-05   0.53404400E-03   0.12357455E-06   0.51458631E-06
   0.21400000E-09   0.61987849E-01  -0.89879192E-06   0.99095846E-03   0.18871809E-05   0.53404400E-03   0.12357143E-06   0.51458631E-06
   0.21500000E-09   0.62280942E-01  -0.89877125E-06   0.99095710E-03   0.18871809E-05   0.53404400E-03   0.12356830E-06   0.51458631E-06
   0.21600000E-09   0.62573970E-01  -0.89875058E-06   0.99095573E-03   0.18871809E-05   0.53404400E-03   0.12356518E-06   0.51458631E-06
   0.21700000E-09   0.62866932E-01  -0.89872991E-06   0.99095437E-03   0.18871809E-05   0.53404400E-03   0.12356205E-06   0.51458631E-06
   0.21800000E-09   0.63159829E-01  -0.89870924E-06   0.99095300E-03   0.18871809E-05   0.53404400E-03   0.12355893E-06   0.51458631E-06
   0.21900000E-09   0.63452660E-01  -0.89868858E-06   0.99095164E-03   0.18871809E-05   0.53404400E-03   0.12355581E-06   0.51458631E-06
   0.22000000E-09   0.63745424E-01  -0.89866791E-06   0.99095027E-03   0.18871809E-05   0.53404400E-03   0.12355268E-06   0.51458631E-06
   0.22100000E-09   0.64038122E-01  -0.89864724E-06   0.99094890E-03   0.18871809E-05   0.53404400E-03   0.12354956E-06   0.51458631E-06
   0.22200000E-09   0.64330753E-01  -0.89862657E-06   0.99094754E-03   0.18871809E-05   0.53404400E-03   0.12354644E-06   0.51458631E-06
   0.22300000E-09   0.64623316E-01  -0.89860590E-06   0.99094617E-03   0.18871809E-05   0.53404400E-03   0.12354331E-06   0.51458631E-06
   0.22400000E-09   0.64915812E-01  -0.89858523E-06   0.99094481E-03   0.18871809E-05   0.53404400E-03   0.12354019E-06   0.51458631E-06
   0.22500000E-09   0.65208240E-01  -0.89856456E-06   0.99094344E-03   0.18871809E-05   0.53404400E-03   0.12353706E-06   0.51458631E-06
   0.22600000E-09   0.65500600E-01  -0.89854389E-06   0.99094208E-03   0.18871809E-05   0.53404400E-03   0.12353394E-06   0.51458631E-06
   0.22700000E-09   0.65792891E-01  -0.89852322E-06   0.99094071E-03   0.18871809E-05   0.53404400E-03   0.12353082E-06   0.51458631E-06
   0.22800000E-09   0.66085113E-01  -0.89850255E-06   0.99093935E-03   0.18871809E-05   0.53404400E-03   0.12352769E-06   0.51458631E-06
   0.22900000E-09   0.66377266E-01  -0.89848188E-06   0.99093798E-03   0.18871809E-05   0.53404400E-03   0.12352457E-06   0.51458631E-06
   0.23000000E-09   0.66669349E-01  -0.89846121E-06   0.99093662E-03   0.18871809E-05   0.53404400E-03   0.12352145E-06   0.51458631E-06
   0.23100000E-09   0.66961363E-01  -0.89844054E-06   0.99093525E-03   0.18871809E-05   0.53404400E-03   0.12351832E-06   0.51458631E-06
   0.23200000E-09   0.67253307E-01  -0.89841987E-06   0.99093389E-03   0.18871809E-05   0.53404400E-03   0.12351520E-06   0.51458631E-06
   0.23300000E-09   0.67545179E-01  -0.89839920E-06   0.99093252E-03   0.18871809E-05   0.53404400E-03   0.12351207E-06   0.51458631E-06
   0.23400000E-09   0.67836982E-01  -0.89837853E-06   0.99093116E-03   0.18871809E-05   0.53404400E-03   0.12350895E-06   0.51458631E-06
   0.23500000E-09   0.68128713E-01  -0.89835786E-06   0.99092979E-03   0.18871809E-05   0.53404400E-03   0.12350583E-06   0.51458631E-06
   0.23600000E-09   0.68420372E-01  -0.89833719E-06   0.99092843E-03   0.18871809E-05   0.53404400E-03   0.12350270E-06   0.51458631E-06
   0.23700000E-09   0.68711960E-01  -0.89831653E-06   0.99092706E-03   0.18871809E-05   0.53404400E-03   0.12349958E-06   0.51458631E-06
   0.23800000E-09   0.69003476E-01  -0.89829586E-06   0.99092570E-03   0.18871809E-05   0.53404400E-03   0.12349646E-06   0.51458631E-06
   0.23900000E-09   0.69294919E-01  -0.89827519E-06   0.99092433E-03   0.18871809E-05   0.53404400E-03   0.12349333E-06   0.51458631E-06
   0.24000000E-09   0.69586289E-01  -0.89825452E-06   0.99092297E-03   0.18871809E-05   0.53404400E-03   0.12349021E-06   0.51458631E-06
   0.24100000E-09   0.69877587E-01  -0.89823385E-06   0.99092160E-03   0.18871809E-05   0.53404400E-03   0.12348709E-06   0.51458631E-06
   0.24200000E-09   0.70168811E-01  -0.89821318E-06   0.99092024E-03   0.18871809E-05   0.53404400E-03   0.12348396E-06   0.51458631E-06
   0.24300000E-09   0.70459961E-01  -0.89819251E-06   0.99091887E-03   0.18871809E-05   0.53404400E-03   0.12348084E-06   0.51458631E-06
   0.24400000E-09   0.70751038E-01  -0.89817184E-06   0.99091751E-03   0.18871809E-05   0.53404400E-03   0.12347771E-06   0.51458631E-06
   0.24500000E-09   0.71042040E-01  -0.89815117E-06   0.99091614E-03   0.18871809E-05   0.53404400E-03   0.12347459E-06   0.51458631E-06
   0.24600000E-09   0.71332967E-01  -0.89813050E-06   0.99091478E-03   0.18871809E-05   0.53404400E-03   0.12347147E-06   0.51458631E-06
   0.24700000E-09   0.71623820E-01  -0.89810983E-06   0.99091341E-03   0.18871809E-05   0.53404400E-03   0.12346834E-06   0.51458631E-06
   0.24800000E-09   0.71914597E-01  -0.89808916E-06   0.99091205E-03   0.18871809E-05   0.53404400E-03   0.12346522E-06   0.51458631E-06
   0.24900000E-09   0.72205299E-01  -0.89806849E-06   0.99091068E-03   0.18871809E-05   0.53404400E-03   0.12346210E-06   0.51458631E-06
   0.25000000E-09   0.72495925E-01  -0.89804782E-06   0.99090932E-03   0.18871809E-05   0.53404400E-03   0.12345897E-06   0.51458631E-06
   0.25100000E-09   0.72786474E-01  -0.89802715E-06   0.99090795E-03   0.18871809E-05   0.53404400E-03   0.12345585E-06   0.51458631E-06
   0.25200000E-09   0.73076947E-01  -0.89800648E-06   0.99090659E-03   0.18871809E-05   0.53404400E-03   0.12345272E-06   0.51458631E-06
   0.25300000E-09   0.73367343E-01  -0.89798581E-06   0.99090522E-03   0.18871809E-05   0.53404400E-03   0.12344960E-06   0.51458631E-06
   0.25400000E-09   0.73657662E-01  -0.89796515E-06   0.99090386E-03   0.18871809E-05   0.53404400E-03   0.12344648E-06   0.51458631E-06
   0.25500000E-09   0.73947903E-01  -0.89794448E-06   0.99090249E-03   0.18871809E-05   0.53404400E-03   0.12344335E-06   0.51458631E-06
   0.25600000E-09   0.74238067E-01  -0.89792381E-06   0.99090113E-03   0.18871809E-05   0.53404400E-03   0.12344023E-06   0.51458631E-06
   0.25700000E-09   0.74528153E-01  -0.89790314E-06   0.99089977E-03   0.18871809E-05   0.53404400E-03   0.12343711E-06   0.51458631E-06
   0.25800000E-09   0.74818160E-01  -0.89788247E-06   0.99089840E-03   0.18871809E-05   0.53404400E-03   0.12343398E-06   0.51458631E-06
   0.25900000E-09   0.75108088E-01  -0.89786180E-06   0.99089704E-03   0.18871809E-05   0.53404400E-03   0.12343086E-06   0.51458631E-06
   0.26000000E-09   0.75397937E-01  -0.89784113E-06   0.99089567E-03   0.18871809E-05   0.53404400E-03   0.12342773E-06   0.51458631E-06
   0.26100000E-09   0.75687707E-01  -0.89782046E-06   0.99089431E-03   0.18871809E-05   0.53404400E-03   0.12342461E-06   0.51458631E-06
   0.26200000E-09   0.75977397E-01  -0.89779979E-06   0.99089294E-03   0.18871809E-05   0.53404400E-03   0.12342149E-06   0.51458631E-06
   0.26300000E-09   0.76267007E-01  -0.89777912E-06   0.99089158E-03   0.18871809E-05   0.53404400E-03   0.12341836E-06   0.51458631E-06
   0.26400000E-09   0.76556536E-01  -0.89775845E-06   0.99089022E-03   0.18871809E-05   0.53404400E-03   0.12341524E-06   0.51458631E-06
   0.26500000E-09   0.76845985E-01  -0.89773778E-06   0.99088885E-03   0.18871809E-05   0.53404400E-03   0.12341212E-06   0.51458631E-06
   0.26600000E-09   0.77135353E-01  -0.89771711E-06   0.99088749E-03   0.18871809E-05   0.53404400E-03   0.12340899E-06   0.51458631E-06
   0.26700000E-09   0.77424640E-01  -0.89769644E-06   0.99088612E-03   0.18871809E-05   0.53404400E-03   0.12340587E-06   0.51458631E-06
   0.26800000E-09   0.77713845E-01  -0.89767577E-06   0.99088476E-03   0.18871809E-05   0.53404400E-03   0.12340275E-06   0.51458631E-06
   0.26900000E-09   0.78002968E-01  -0.89765510E-06   0.99088340E-03   0.18871809E-05   0.53404400E-03   0.12339962E-06   0.51458631E-06
   0.27000000E-09   0.78292009E-01  -0.89763443E-06   0.99088203E-03   0.18871809E-05   0.53404400E-03   0.12339650E-06   0.51458631E-06
   0.27100000E-09   0.78580968E-01  -0.89761376E-06   0.99088067E-03   0.18871809E-05   0.53404400E-03   0.12339337E-06   0.51458631E-06
   0.27200000E-09   0.78869843E-01  -0.89759310E-06   0.99087930E-03   0.18871809E-05   0.53404400E-03   0.12339025E-06   0.51458631E-06
   0.27300000E-09   0.79158635E-01  -0.89757243E-06   0.99087794E-03   0.18871809E-05   0.53404400E-03   0.12338713E-06   0.51458631E-06
   0.27400000E-09   0.79447344E-01  -0.89755176E-06   0.99087658E-03   0.18871809E-05   0.53404400E-03   0.12338400E-06   0.51458631E-06
   0.27500000E-09   0.79735969E-01  -0.89753109E-06   0.99087521E-03   0.18871809E-05   0.53404400E-03   0.12338088E-06   0.51458631E-06
   0.27600000E-09   0.80024510E-01  -0.89751042E-06   0.99087385E-03   0.18871809E-05   0.53404400E-03   0.12337776E-06   0.51458631E-06
   0.27700000E-09   0.80312966E-01  -0.89748975E-06   0.99087249E-03   0.18871809E-05   0.53404400E-03   0.12337463E-06   0.51458631E-06
   0.27800000E-09   0.80601337E-01  -0.89746908E-06   0.99087112E-03   0.18871809E-05   0.53404400E-03   0.12337151E-06   0.51458631E-06
   0.27900000E-09   0.80889624E-01  -0.89744841E-06   0.99086976E-03   0.18871809E-05   0.53404400E-03   0.12336838E-06   0.51458631E-06
   0.28000000E-09   0.81177825E-01  -0.89742774E-06   0.99086839E-03   0.18871809E-05   0.53404400E-03   0.12336526E-06   0.51458631E-06
   0.28100000E-09   0.81465940E-01  -0.89740707E-06   0.99086703E-03   0.18871809E-05   0.53404400E-03   0.12336214E-06   0.51458631E-06
   0.28200000E-09   0.81753969E-01  -0.89738640E-06   0.99086567E-03   0.18871809E-05   0.53404400E-03   0.12335901E-06   0.51458631E-06
   0.28300000E-09   0.82041912E-01  -0.89736573E-06   0.99086430E-03   0.18871809E-05   0.53404400E-03   0.12335589E-06   0.51458631E-06
   0.28400000E-09   0.82329768E-01  -0.89734506E-06   0.99086294E-03   0.18871809E-05   0.53404400E-03   0.12335277E-06   0.51458631E-06
   0.28500000E-09   0.82617538E-01  -0.89732439E-06   0.99086158E-03   0.18871809E-05   0.53404400E-03   0.12334964E-06   0.51458631E-06
   0.28600000E-09   0.82905220E-01  -0.89730372E-06   0.99086021E-03   0.18871809E-05   0.53404400E-03   0.12334652E-06   0.51458631E-06
   0.28700000E-09   0.83192814E-01  -0.89728305E-06   0.99085885E-03   0.18871809E-05   0.53404400E-03   0.12334339E-06   0.51458631E-06
   0.28800000E-09   0.83480320E-01  -0.89726238E-06   0.99085749E-03   0.18871809E-05   0.53404400E-03   0.12334027E-06   0.51458631E-06
   0.28900000E-09   0.83767739E-01  -0.89724171E-06   0.99085612E-03   0.18871809E-05   0.53404400E-03   0.12333715E-06   0.51458631E-06
   0.29000000E-09   0.84055068E-01  -0.89722105E-06   0.99085476E-03   0.18871809E-05   0.53404400E-03   0.12333402E-06   0.51458631E-06
   0.29100000E-09   0.84342309E-01  -0.89720038E-06   0.99085340E-03   0.18871809E-05   0.53404400E-03   0.12333090E-06   0.51458631E-06
   0.29200000E-09   0.84629460E-01  -0.89717971E-06   0.99085203E-03   0.18871809E-05   0.53404400E-03   0.12332778E-06   0.51458631E-06
   0.29300000E-09   0.84916522E-01  -0.89715904E-06   0.99085067E-03   0.18871809E-05   0.53404400E-03   0.12332465E-06   0.51458631E-06
   0.29400000E-09   0.85203495E-01  -0.89713837E-06   0.99084931E-03   0.18871809E-05   0.53404400E-03   0.12332153E-06   0.51458631E-06
   0.29500000E-09   0.85490377E-01  -0.89711770E-06   0.99084794E-03   0.18871809E-05   0.53404400E-03   0.12331841E-06   0.51458631E-06
   0.29600000E-09   0.85777169E-01  -0.89709703E-06   0.99084658E-03   0.18871809E-05   0.53404400E-03   0.12331528E-06   0.51458631E-06
   0.29700000E-09   0.86063869E-01  -0.89707636E-06   0.99084522E-03   0.18871809E-05   0.53404400E-03   0.12331216E-06   0.51458631E-06
   0.29800000E-09   0.86350479E-01  -0.89705569E-06   0.99084385E-03   0.18871809E-05   0.53404400E-03   0.12330903E-06   0.51458631E-06
   0.29900000E-09   0.86636998E-01  -0.89703502E-06   0.99084249E-03   0.18871809E-05   0.53404400E-03   0.12330591E-06   0.51458631E-06
   0.30000000E-09   0.86923425E-01  -0.89701435E-06   0.99084113E-03   0.18871809E-05   0.53404400E-03   0.12330279E-06   0.51458631E-06
   0.30100000E-09   0.87209759E-01  -0.89699368E-06   0.99083977E-03   0.18871809E-05   0.53404400E-03   0.12329966E-06   0.51458631E-06
   0.30200000E-09   0.87496002E-01  -0.89697301E-06   0.99083840E-03   0.18871809E-05   0.53404400E-03   0.12329654E-06   0.51458631E-06
   0.30300000E-09   0.87782152E-01  -0.89695234E-06   0.99083704E-03   0.18871809E-05   0.53404400E-03   0.12329342E-06   0.51458631E-06
   0.30400000E-09   0.88068208E-01  -0.89693167E-06   0.99083568E-03   0.18871809E-05   0.53404400E-03   0.12329029E-06   0.51458631E-06
   0.30500000E-09   0.88354172E-01  -0.89691100E-06   0.99083431E-03   0.18871809E-05   0.53404400E-03   0.12328717E-06   0.51458631E-06
   0.30600000E-09   0.88640042E-01  -0.89689033E-06   0.99083295E-03   0.18871809E-05   0.53404400E-03   0.12328404E-06   0.51458631E-06
   0.30700000E-09   0.88925818E-01  -0.89686966E-06   0.99083159E-03   0.18871809E-05   0.53404400E-03   0.12328092E-06   0.51458631E-06
   0.30800000E-09   0.89211500E-01  -0.89684900E-06   0.99083023E-03   0.18871809E-05   0.53404400E-03   0.12327780E-06   0.51458631E-06
   0.30900000E-09   0.89497088E-01  -0.89682833E-06   0.99082886E-03   0.18871809E-05   0.53404400E-03   0.12327467E-06   0.51458631E-06
   0.31000000E-09   0.89782580E-01  -0.89680766E-06   0.99082750E-03   0.18871809E-05   0.53404400E-03   0.12327155E-06   0.51458631E-06
   0.31100000E-09   0.90067978E-01  -0.89678699E-06   0.99082614E-03   0.18871809E-05   0.53404400E-03   0.12326843E-06   0.51458631E-06
   0.31200000E-09   0.90353280E-01  -0.89676632E-06   0.99082478E-03   0.18871809E-05   0.53404400E-03   0.12326530E-06   0.51458631E-06
   0.31300000E-09   0.90638486E-01  -0.89674565E-06   0.99082341E-03   0.18871809E-05   0.53404400E-03   0.12326218E-06   0.51458631E-06
   0.31400000E-09   0.90923596E-01  -0.89672498E-06   0.99082205E-03   0.18871809E-05   0.53404400E-03   0.12325905E-06   0.51458631E-06
   0.31500000E-09   0.91208610E-01  -0.89670431E-06   0.99082069E-03   0.18871809E-05   0.53404400E-03   0.12325593E-06   0.51458631E-06
   0.31600000E-09   0.91493527E-01  -0.89668364E-06   0.99081933E-03   0.18871809E-05   0.53404400E-03   0.12325281E-06   0.51458631E-06
   0.31700000E-09   0.91778347E-01  -0.89666297E-06   0.99081796E-03   0.18871809E-05   0.53404400E-03   0.12324968E-06   0.51458631E-06
   0.31800000E-09   0.92063070E-01  -0.89664230E-06   0.99081660E-03   0.18871809E-05   0.53404400E-03   0.12324656E-06   0.51458631E-06
   0.31900000E-09   0.92347695E-01  -0.89662163E-06   0.99081524E-03   0.18871809E-05   0.53404400E-03   0.12324344E-06   0.51458631E-06
   0.32000000E-09   0.92632223E-01  -0.89660096E-06   0.99081388E-03   0.18871809E-05   0.53404400E-03   0.12324031E-06   0.51458631E-06
   0.32100000E-09   0.92916652E-01  -0.89658029E-06   0.99081251E-03   0.18871809E-05   0.53404400E-03   0.12323719E-06   0.51458631E-06
   0.32200000E-09   0.93200982E-01  -0.89655962E-06   0.99081115E-03   0.18871809E-05   0.53404400E-03   0.12323407E-06   0.51458631E-06
   0.32300000E-09   0.93485214E-01  -0.89653895E-06   0.99080979E-03   0.18871809E-05   0.53404400E-03   0.12323094E-06   0.51458631E-06
   0.32400000E-09   0.93769346E-01  -0.89651828E-06   0.99080843E-03   0.18871809E-05   0.53404400E-03   0.12322782E-06   0.51458631E-06
   0.32500000E-09   0.94053379E-01  -0.89649761E-06   0.99080706E-03   0.18871809E-05   0.53404400E-03   0.12322469E-06   0.51458631E-06
   0.32600000E-09   0.94337312E-01  -0.89647695E-06   0.99080570E-03   0.18871809E-05   0.53404400E-03   0.12322157E-06   0.51458631E-06
   0.32700000E-09   0.94621145E-01  -0.89645628E-06   0.99080434E-03   0.18871809E-05   0.53404400E-03   0.12321845E-06   0.51458631E-06
   0.32800000E-09   0.94904878E-01  -0.89643561E-06   0.99080298E-03   0.18871809E-05   0.53404400E-03   0.12321532E-06   0.51458631E-06
   0.32900000E-09   0.95188509E-01  -0.89641494E-06   0.99080162E-03   0.18871809E-05   0.53404400E-03   0.12321220E-06   0.51458631E-06
   0.33000000E-09   0.95472040E-01  -0.89639427E-06   0.99080025E-03   0.18871809E-05   0.53404400E-03   0.12320908E-06   0.51458631E-06
   0.33100000E-09   0.95755469E-01  -0.89637360E-06   0.99079889E-03   0.18871809E-05   0.53404400E-03   0.12320595E-06   0.51458631E-06
   0.33200000E-09   0.96038797E-01  -0.89635293E-06   0.99079753E-03   0.18871809E-05   0.53404400E-03   0.12320283E-06   0.51458631E-06
   0.33300000E-09   0.96322023E-01  -0.89633226E-06   0.99079617E-03   0.18868621E-05   0.53404435E-03   0.12320024E-06   0.51458654E-06
   0.33400000E-09   0.96605146E-01  -0.89631155E-06   0.99079481E-03   0.18958000E-05   0.53404069E-03   0.12323908E-06   0.51457275E-06
   0.33500000E-09   0.96888167E-01  -0.89629048E-06   0.99079344E-03   0.19518614E-05   0.53406462E-03   0.12354807E-06   0.51452229E-06
   0.33600000E-09   0.97171085E-01  -0.89626800E-06   0.99079207E-03   0.21524646E-05   0.53427538E-03   0.12491667E-06   0.51440587E-06
   0.33700000E-09   0.97453900E-01  -0.89624135E-06   0.99079066E-03   0.27131528E-05   0.53593624E-03   0.12947093E-06   0.51497470E-06
   0.33800000E-09   0.97736611E-01  -0.89620404E-06   0.99078916E-03   0.40996407E-05   0.54736767E-03   0.14320579E-06   0.52307699E-06
   0.33900000E-09   0.98019218E-01  -0.89614036E-06   0.99078736E-03   0.75300126E-05   0.61486769E-03   0.18102272E-06   0.58168655E-06
   0.34000000E-09   0.98301720E-01  -0.89601679E-06   0.99078483E-03   0.15034302E-04   0.89501261E-03   0.27748909E-06   0.84223027E-06
   0.34100000E-09   0.98584116E-01  -0.89577744E-06   0.99078053E-03   0.28672565E-04   0.16054667E-02   0.50090255E-06   0.15097391E-05
   0.34200000E-09   0.98866404E-01  -0.89535332E-06   0.99077245E-03   0.48773840E-04   0.28604784E-02   0.96025615E-06   0.26664463E-05
   0.34300000E-09   0.99148584E-01  -0.89470086E-06   0.99075723E-03   0.70367786E-04   0.46769334E-02   0.17933229E-05   0.42726128E-05
   0.34400000E-09   0.99430656E-01  -0.89384782E-06   0.99072998E-03   0.85402362E-04   0.70089363E-02   0.31375048E-05   0.61947308E-05
   0.34500000E-09   0.99712623E-01  -0.89287573E-06   0.99068450E-03   0.92104592E-04   0.97788077E-02   0.50899175E-05   0.82428470E-05
   0.34600000E-09   0.99994490E-01  -0.89184072E-06   0.99061399E-03   0.96893848E-04   0.12846034E-01   0.76649635E-05   0.10158036E-04
   0.34700000E-09   0.10027627E+00  -0.89074464E-06   0.99051189E-03   0.10325476E-03   0.16046536E-01   0.10801517E-04   0.11659996E-04
   0.34800000E-09   0.10055796E+00  -0.88954919E-06   0.99037275E-03   0.11503875E-03   0.19275380E-01   0.14363572E-04   0.12574128E-04
   0.34900000E-09   0.10083960E+00  -0.88818095E-06   0.99019312E-03   0.13480748E-03   0.22397673E-01   0.18118570E-04   0.12789921E-04
   0.35000000E-09   0.10112118E+00  -0.88659832E-06   0.98997231E-03   0.15418786E-03   0.25259491E-01   0.21803623E-04   0.12243851E-04
   0.35100000E-09   0.10140273E+00  -0.88479012E-06   0.98971228E-03   0.17599667E-03   0.27771346E-01   0.25195366E-04   0.10984264E-04
   0.35200000E-09   0.10168425E+00  -0.88274407E-06   0.98941731E-03   0.19762097E-03   0.29892508E-01   0.28106180E-04   0.92082682E-05
   0.35300000E-09   0.10196577E+00  -0.88060412E-06   0.98909346E-03   0.19314285E-03   0.31581781E-01   0.30393984E-04   0.72094856E-05
   0.35400000E-09   0.10224728E+00  -0.87868381E-06   0.98874782E-03   0.15751452E-03   0.32818583E-01   0.32022545E-04   0.52453617E-05
   0.35500000E-09   0.10252879E+00  -0.87720557E-06   0.98838721E-03   0.11241781E-03   0.33648847E-01   0.33074227E-04   0.34922870E-05
   0.35600000E-09   0.10281031E+00  -0.87617871E-06   0.98801725E-03   0.75091421E-04   0.34161000E-01   0.33685526E-04   0.21117948E-05
   0.35700000E-09   0.10309183E+00  -0.87548552E-06   0.98764203E-03   0.51486782E-04   0.34445631E-01   0.33998484E-04   0.12084132E-05
   0.35800000E-09   0.10337335E+00  -0.87498799E-06   0.98726416E-03   0.39364598E-04   0.34585741E-01   0.34136643E-04   0.76719304E-06
   0.35900000E-09   0.10365488E+00  -0.87458627E-06   0.98688510E-03   0.33989471E-04   0.34647319E-01   0.34187205E-04   0.62530111E-06
   0.36000000E-09   0.10393640E+00  -0.87422591E-06   0.98650554E-03   0.31812857E-04   0.34672323E-01   0.34199312E-04   0.59218456E-06
   0.36100000E-09   0.10421792E+00  -0.87388209E-06   0.98612579E-03   0.30968095E-04   0.34682064E-01   0.34195881E-04   0.58465746E-06
   0.36200000E-09   0.10449945E+00  -0.87354467E-06   0.98574597E-03   0.30645566E-04   0.34685793E-01   0.34186416E-04   0.58265422E-06
