   0.00000000E+00   0.35004965E-01  -0.19311877E-05   0.10071981E-02   0.22704119E-05   0.50162450E-03   0.36187082E-08   0.50522227E-06
   0.36600000E-09   0.14449844E+00  -0.21498122E-05   0.94644574E-03   0.50592746E-04   0.54231930E-03   0.26114461E-08   0.51326915E-06
   0.37100000E-09   0.14599640E+00  -0.21470416E-05   0.94644559E-03   0.50592746E-04   0.54231930E-03   0.25953397E-08   0.51326915E-06
   0.37600000E-09   0.14749436E+00  -0.21442710E-05   0.94644544E-03   0.50592746E-04   0.54231930E-03   0.25792334E-08   0.51326915E-06
   0.38100000E-09   0.14899232E+00  -0.21415004E-05   0.94644529E-03   0.50592746E-04   0.54231930E-03   0.25631271E-08   0.51326915E-06
   0.38600000E-09   0.15049028E+00  -0.21387298E-05   0.94644515E-03   0.50592746E-04   0.54231930E-03   0.25470208E-08   0.51326915E-06
   0.39100000E-09   0.15198825E+00  -0.21359592E-05   0.94644500E-03   0.50592746E-04   0.54231930E-03   0.25309145E-08   0.51326915E-06
   0.39600000E-09   0.15348621E+00  -0.21331886E-05   0.94644485E-03   0.50592746E-04   0.54231930E-03   0.25148082E-08   0.51326915E-06
   0.40100000E-09   0.15498417E+00  -0.21304180E-05   0.94644471E-03   0.50592746E-04   0.54231930E-03   0.24987019E-08   0.51326915E-06
   0.40600000E-09   0.15648213E+00  -0.21276474E-05   0.94644456E-03   0.50592746E-04   0.54231930E-03   0.24825956E-08   0.51326915E-06
   0.41100000E-09   0.15798009E+00  -0.21248768E-05   0.94644442E-03   0.50592746E-04   0.54231930E-03   0.24664893E-08   0.51326915E-06
   0.41600000E-09   0.15947805E+00  -0.21221062E-05   0.94644428E-03   0.50592746E-04   0.54231930E-03   0.24503829E-08   0.51326915E-06
   0.42100000E-09   0.16097601E+00  -0.21193356E-05   0.94644414E-03   0.50592746E-04   0.54231930E-03   0.24342766E-08   0.51326915E-06
   0.42600000E-09   0.16247397E+00  -0.21165650E-05   0.94644400E-03   0.50592746E-04   0.54231930E-03   0.24181703E-08   0.51326915E-06
   0.43100000E-09   0.16397193E+00  -0.21137944E-05   0.94644386E-03   0.50592746E-04   0.54231930E-03   0.24020640E-08   0.51326915E-06
   0.43600000E-09   0.16546989E+00  -0.21110238E-05   0.94644372E-03   0.50592746E-04   0.54231930E-03   0.23859577E-08   0.51326915E-06
   0.44100000E-09   0.16696785E+00  -0.21082532E-05   0.94644358E-03   0.50592746E-04   0.54231930E-03   0.23698514E-08   0.51326915E-06
   0.44600000E-09   0.16846581E+00  -0.21054827E-05   0.94644344E-03   0.50592746E-04   0.54231930E-03   0.23537451E-08   0.51326915E-06
   0.45100000E-09   0.16996377E+00  -0.21027121E-05   0.94644331E-03   0.50592746E-04   0.54231930E-03   0.23376388E-08   0.51326915E-06
   0.45600000E-09   0.17146173E+00  -0.20999415E-05   0.94644317E-03   0.50592746E-04   0.54231930E-03   0.23215325E-08   0.51326915E-06
   0.46100000E-09   0.17295969E+00  -0.20971709E-05   0.94644304E-03   0.50592746E-04   0.54231930E-03   0.23054262E-08   0.51326915E-06
   0.46600000E-09   0.17445765E+00  -0.20944003E-05   0.94644291E-03   0.50592746E-04   0.54231930E-03   0.22893198E-08   0.51326915E-06
   0.47100000E-09   0.17595561E+00  -0.20916297E-05   0.94644277E-03   0.50592746E-04   0.54231930E-03   0.22732135E-08   0.51326915E-06
   0.47600000E-09   0.17745357E+00  -0.20888591E-05   0.94644264E-03   0.50592746E-04   0.54231930E-03   0.22571072E-08   0.51326915E-06
   0.48100000E-09   0.17895153E+00  -0.20860885E-05   0.94644251E-03   0.50592746E-04   0.54231930E-03   0.22410009E-08   0.51326915E-06
   0.48600000E-09   0.18044949E+00  -0.20833179E-05   0.94644238E-03   0.50592746E-04   0.54231930E-03   0.22248946E-08   0.51326915E-06
   0.49100000E-09   0.18194745E+00  -0.20805473E-05   0.94644226E-03   0.50592746E-04   0.54231930E-03   0.22087883E-08   0.51326915E-06
   0.49600000E-09   0.18344541E+00  -0.20777767E-05   0.94644213E-03   0.50592746E-04   0.54231930E-03   0.21926820E-08   0.51326915E-06
   0.50100000E-09   0.18494337E+00  -0.20750061E-05   0.94644200E-03   0.50592746E-04   0.54231930E-03   0.21765757E-08   0.51326915E-06
   0.50600000E-09   0.18644133E+00  -0.20722355E-05   0.94644188E-03   0.50592746E-04   0.54231930E-03   0.21604694E-08   0.51326915E-06
   0.51100000E-09   0.18793929E+00  -0.20694649E-05   0.94644175E-03   0.50592746E-04   0.54231930E-03   0.21443630E-08   0.51326915E-06
   0.51600000E-09   0.18943726E+00  -0.20666943E-05   0.94644163E-03   0.50592746E-04   0.54231930E-03   0.21282567E-08   0.51326915E-06
   0.52100000E-09   0.19093522E+00  -0.20639237E-05   0.94644151E-03   0.50592746E-04   0.54231930E-03   0.21121504E-08   0.51326915E-06
   0.52600000E-09   0.19243318E+00  -0.20611531E-05   0.94644138E-03   0.50592746E-04   0.54231930E-03   0.20960441E-08   0.51326915E-06
   0.53100000E-09   0.19393114E+00  -0.20583826E-05   0.94644126E-03   0.50592746E-04   0.54231930E-03   0.20799378E-08   0.51326915E-06
   0.53600000E-09   0.19542910E+00  -0.20556120E-05   0.94644114E-03   0.50592746E-04   0.54231930E-03   0.20638315E-08   0.51326915E-06
   0.54100000E-09   0.19692706E+00  -0.20528414E-05   0.94644102E-03   0.50592746E-04   0.54231930E-03   0.20477252E-08   0.51326915E-06
   0.54600000E-09   0.19842502E+00  -0.20500708E-05   0.94644091E-03   0.50592746E-04   0.54231930E-03   0.20316189E-08   0.51326915E-06
   0.55100000E-09   0.19992298E+00  -0.20473002E-05   0.94644079E-03   0.50592746E-04   0.54231930E-03   0.20155126E-08   0.51326915E-06
   0.55600000E-09   0.20142094E+00  -0.20445296E-05   0.94644067E-03   0.50592746E-04   0.54231930E-03   0.19994062E-08   0.51326915E-06
   0.56100000E-09   0.20291890E+00  -0.20417590E-05   0.94644056E-03   0.50592746E-04   0.54231930E-03   0.19832999E-08   0.51326915E-06
   0.56600000E-09   0.20441686E+00  -0.20389884E-05   0.94644044E-03   0.50592746E-04   0.54231930E-03   0.19671936E-08   0.51326915E-06
   0.57100000E-09   0.20591482E+00  -0.20362178E-05   0.94644033E-03   0.50592746E-04   0.54231930E-03   0.19510873E-08   0.51326915E-06
   0.57600000E-09   0.20741278E+00  -0.20334472E-05   0.94644022E-03   0.50592746E-04   0.54231930E-03   0.19349810E-08   0.51326915E-06
   0.58100000E-09   0.20891074E+00  -0.20306766E-05   0.94644011E-03   0.50592746E-04   0.54231930E-03   0.19188747E-08   0.51326915E-06
   0.58600000E-09   0.21040870E+00  -0.20279060E-05   0.94644000E-03   0.50592746E-04   0.54231930E-03   0.19027684E-08   0.51326915E-06
   0.59100000E-09   0.21190666E+00  -0.20251354E-05   0.94643989E-03   0.50592746E-04   0.54231930E-03   0.18866621E-08   0.51326915E-06
   0.59600000E-09   0.21340462E+00  -0.20223648E-05   0.94643978E-03   0.50592746E-04   0.54231930E-03   0.18705558E-08   0.51326915E-06
   0.60100000E-09   0.21490258E+00  -0.20195942E-05   0.94643967E-03   0.50592746E-04   0.54231930E-03   0.18544494E-08   0.51326915E-06
   0.60600000E-09   0.21640054E+00  -0.20168236E-05   0.94643956E-03   0.50592746E-04   0.54231930E-03   0.18383431E-08   0.51326915E-06
   0.61100000E-09   0.21789850E+00  -0.20140531E-05   0.94643946E-03   0.50592746E-04   0.54231930E-03   0.18222368E-08   0.51326915E-06
   0.61600000E-09   0.21939646E+00  -0.20112825E-05   0.94643935E-03   0.50592746E-04   0.54231930E-03   0.18061305E-08   0.51326915E-06
   0.62100000E-09   0.22089442E+00  -0.20085119E-05   0.94643925E-03   0.50592746E-04   0.54231930E-03   0.17900242E-08   0.51326915E-06
   0.62600000E-09   0.22239238E+00  -0.20057413E-05   0.94643915E-03   0.50592746E-04   0.54231930E-03   0.17739179E-08   0.51326915E-06
   0.63100000E-09   0.22389034E+00  -0.20029707E-05   0.94643904E-03   0.50592746E-04   0.54231930E-03   0.17578116E-08   0.51326915E-06
   0.63600000E-09   0.22538830E+00  -0.20002001E-05   0.94643894E-03   0.50592746E-04   0.54231930E-03   0.17417053E-08   0.51326915E-06
   0.64100000E-09   0.22688627E+00  -0.19974295E-05   0.94643884E-03   0.50592746E-04   0.54231930E-03   0.17255990E-08   0.51326915E-06
   0.64600000E-09   0.22838423E+00  -0.19946589E-05   0.94643874E-03   0.50592746E-04   0.54231930E-03   0.17094926E-08   0.51326915E-06
   0.65100000E-09   0.22988219E+00  -0.19918883E-05   0.94643864E-03   0.50592746E-04   0.54231930E-03   0.16933863E-08   0.51326915E-06
   0.65600000E-09   0.23138015E+00  -0.19891177E-05   0.94643855E-03   0.50592746E-04   0.54231930E-03   0.16772800E-08   0.51326915E-06
   0.66100000E-09   0.23287811E+00  -0.19863471E-05   0.94643845E-03   0.50592746E-04   0.54231930E-03   0.16611737E-08   0.51326915E-06
   0.66600000E-09   0.23437607E+00  -0.19835765E-05   0.94643835E-03   0.50592746E-04   0.54231930E-03   0.16450674E-08   0.51326915E-06
   0.67100000E-09   0.23587403E+00  -0.19808059E-05   0.94643826E-03   0.50592746E-04   0.54231930E-03   0.16289611E-08   0.51326915E-06
   0.67600000E-09   0.23737199E+00  -0.19780353E-05   0.94643817E-03   0.50592746E-04   0.54231930E-03   0.16128548E-08   0.51326915E-06
   0.68100000E-09   0.23886995E+00  -0.19752647E-05   0.94643807E-03   0.50592746E-04   0.54231930E-03   0.15967485E-08   0.51326915E-06
   0.68600000E-09   0.24036791E+00  -0.19724941E-05   0.94643798E-03   0.50592746E-04   0.54231930E-03   0.15806422E-08   0.51326915E-06
   0.69100000E-09   0.24186587E+00  -0.19697235E-05   0.94643789E-03   0.50592746E-04   0.54231930E-03   0.15645358E-08   0.51326915E-06
   0.69600000E-09   0.24336383E+00  -0.19669530E-05   0.94643780E-03   0.50592746E-04   0.54231930E-03   0.15484295E-08   0.51326915E-06
   0.70100000E-09   0.24486179E+00  -0.19641824E-05   0.94643771E-03   0.50592746E-04   0.54231930E-03   0.15323232E-08   0.51326915E-06
   0.70600000E-09   0.24635975E+00  -0.19614118E-05   0.94643762E-03   0.50592746E-04   0.54231930E-03   0.15162169E-08   0.51326915E-06
   0.71100000E-09   0.24785771E+00  -0.19586412E-05   0.94643753E-03   0.50592746E-04   0.54231930E-03   0.15001106E-08   0.51326915E-06
   0.71600000E-09   0.24935567E+00  -0.19558706E-05   0.94643745E-03   0.50592746E-04   0.54231930E-03   0.14840043E-08   0.51326915E-06
   0.72100000E-09   0.25085363E+00  -0.19531000E-05   0.94643736E-03   0.50592746E-04   0.54231930E-03   0.14678980E-08   0.51326915E-06
   0.72600000E-09   0.25235159E+00  -0.19503294E-05   0.94643728E-03   0.50592746E-04   0.54231930E-03   0.14517917E-08   0.51326915E-06
   0.73100000E-09   0.25384955E+00  -0.19475588E-05   0.94643720E-03   0.50592746E-04   0.54231930E-03   0.14356854E-08   0.51326915E-06
   0.73600000E-09   0.25534751E+00  -0.19447882E-05   0.94643711E-03   0.50592746E-04   0.54231930E-03   0.14195790E-08   0.51326915E-06
   0.74100000E-09   0.25684547E+00  -0.19420176E-05   0.94643703E-03   0.50592746E-04   0.54231930E-03   0.14034727E-08   0.51326915E-06
   0.74600000E-09   0.25834343E+00  -0.19392470E-05   0.94643695E-03   0.50592746E-04   0.54231930E-03   0.13873664E-08   0.51326915E-06
   0.75100000E-09   0.25984139E+00  -0.19364764E-05   0.94643687E-03   0.50592746E-04   0.54231930E-03   0.13712601E-08   0.51326915E-06
   0.75600000E-09   0.26133935E+00  -0.19337058E-05   0.94643679E-03   0.50592746E-04   0.54231930E-03   0.13551538E-08   0.51326915E-06
   0.76100000E-09   0.26283731E+00  -0.19309352E-05   0.94643671E-03   0.50592746E-04   0.54231930E-03   0.13390475E-08   0.51326915E-06
   0.76600000E-09   0.26433528E+00  -0.19281646E-05   0.94643664E-03   0.50592746E-04   0.54231930E-03   0.13229412E-08   0.51326915E-06
   0.77100000E-09   0.26583324E+00  -0.19253940E-05   0.94643656E-03   0.50592746E-04   0.54231930E-03   0.13068349E-08   0.51326915E-06
   0.77600000E-09   0.26733120E+00  -0.19226234E-05   0.94643649E-03   0.50592746E-04   0.54231930E-03   0.12907286E-08   0.51326915E-06
   0.78100000E-09   0.26882916E+00  -0.19198529E-05   0.94643641E-03   0.50592746E-04   0.54231930E-03   0.12746222E-08   0.51326915E-06
   0.78600000E-09   0.27032712E+00  -0.19170823E-05   0.94643634E-03   0.50592746E-04   0.54231930E-03   0.12585159E-08   0.51326915E-06
   0.79100000E-09   0.27182508E+00  -0.19143117E-05   0.94643627E-03   0.50592746E-04   0.54231930E-03   0.12424096E-08   0.51326915E-06
   0.79600000E-09   0.27332304E+00  -0.19115411E-05   0.94643619E-03   0.50592746E-04   0.54231930E-03   0.12263033E-08   0.51326915E-06
   0.80100000E-09   0.27482100E+00  -0.19087705E-05   0.94643612E-03   0.50592746E-04   0.54231930E-03   0.12101970E-08   0.51326915E-06
   0.80600000E-09   0.27631896E+00  -0.19059999E-05   0.94643605E-03   0.50592746E-04   0.54231930E-03   0.11940907E-08   0.51326915E-06
   0.81100000E-09   0.27781692E+00  -0.19032293E-05   0.94643599E-03   0.50592746E-04   0.54231930E-03   0.11779844E-08   0.51326915E-06
   0.81600000E-09   0.27931488E+00  -0.19004587E-05   0.94643592E-03   0.50592746E-04   0.54231930E-03   0.11618781E-08   0.51326915E-06
   0.82100000E-09   0.28081284E+00  -0.18976881E-05   0.94643585E-03   0.50592746E-04   0.54231930E-03   0.11457718E-08   0.51326915E-06
   0.82600000E-09   0.28231080E+00  -0.18949175E-05   0.94643578E-03   0.50592746E-04   0.54231930E-03   0.11296655E-08   0.51326915E-06
   0.83100000E-09   0.28380876E+00  -0.18921469E-05   0.94643572E-03   0.50592746E-04   0.54231930E-03   0.11135591E-08   0.51326915E-06
   0.83600000E-09   0.28530672E+00  -0.18893763E-05   0.94643566E-03   0.50592746E-04   0.54231930E-03   0.10974528E-08   0.51326915E-06
   0.84100000E-09   0.28680468E+00  -0.18866057E-05   0.94643559E-03   0.50592746E-04   0.54231930E-03   0.10813465E-08   0.51326915E-06
   0.84600000E-09   0.28830264E+00  -0.18838351E-05   0.94643553E-03   0.50592746E-04   0.54231930E-03   0.10652402E-08   0.51326915E-06
   0.85100000E-09   0.28980060E+00  -0.18810645E-05   0.94643547E-03   0.50592746E-04   0.54231930E-03   0.10491339E-08   0.51326915E-06
   0.85600000E-09   0.29129856E+00  -0.18782939E-05   0.94643541E-03   0.50592746E-04   0.54231930E-03   0.10330276E-08   0.51326915E-06
   0.86100000E-09   0.29279652E+00  -0.18755234E-05   0.94643535E-03   0.50592746E-04   0.54231930E-03   0.10169213E-08   0.51326915E-06
   0.86600000E-09   0.29429448E+00  -0.18727528E-05   0.94643529E-03   0.50592746E-04   0.54231930E-03   0.10008150E-08   0.51326915E-06
   0.87100000E-09   0.29579244E+00  -0.18699822E-05   0.94643523E-03   0.50592746E-04   0.54231930E-03   0.98470865E-09   0.51326915E-06
   0.87600000E-09   0.29729040E+00  -0.18672116E-05   0.94643518E-03   0.50592746E-04   0.54231930E-03   0.96860234E-09   0.51326915E-06
   0.88100000E-09   0.29878836E+00  -0.18644410E-05   0.94643512E-03   0.50592746E-04   0.54231930E-03   0.95249603E-09   0.51326915E-06
   0.88600000E-09   0.30028633E+00  -0.18616704E-05   0.94643507E-03   0.50592746E-04   0.54231930E-03   0.93638972E-09   0.51326915E-06
   0.89100000E-09   0.30178429E+00  -0.18588998E-05   0.94643501E-03   0.50592746E-04   0.54231930E-03   0.92028341E-09   0.51326915E-06
   0.89600000E-09   0.30328225E+00  -0.18561292E-05   0.94643496E-03   0.50592746E-04   0.54231930E-03   0.90417710E-09   0.51326915E-06
   0.90100000E-09   0.30478021E+00  -0.18533586E-05   0.94643491E-03   0.50592746E-04   0.54231930E-03   0.88807079E-09   0.51326915E-06
   0.90600000E-09   0.30627817E+00  -0.18505880E-05   0.94643486E-03   0.50592746E-04   0.54231930E-03   0.87196448E-09   0.51326915E-06
   0.91100000E-09   0.30777613E+00  -0.18478174E-05   0.94643481E-03   0.50592746E-04   0.54231930E-03   0.85585816E-09   0.51326915E-06
   0.91600000E-09   0.30927409E+00  -0.18450468E-05   0.94643476E-03   0.50592746E-04   0.54231930E-03   0.83975185E-09   0.51326915E-06
   0.92100000E-09   0.31077205E+00  -0.18422762E-05   0.94643471E-03   0.50592746E-04   0.54231930E-03   0.82364554E-09   0.51326915E-06
   0.92600000E-09   0.31227001E+00  -0.18395056E-05   0.94643466E-03   0.50592746E-04   0.54231930E-03   0.80753923E-09   0.51326915E-06
   0.93100000E-09   0.31376797E+00  -0.18367350E-05   0.94643462E-03   0.50592746E-04   0.54231930E-03   0.79143292E-09   0.51326915E-06
   0.93600000E-09   0.31526593E+00  -0.18339644E-05   0.94643457E-03   0.50592746E-04   0.54231930E-03   0.77532661E-09   0.51326915E-06
   0.94100000E-09   0.31676389E+00  -0.18311938E-05   0.94643453E-03   0.50592746E-04   0.54231930E-03   0.75922030E-09   0.51326915E-06
   0.94600000E-09   0.31826185E+00  -0.18284233E-05   0.94643448E-03   0.50592746E-04   0.54231930E-03   0.74311399E-09   0.51326915E-06
   0.95100000E-09   0.31975981E+00  -0.18256527E-05   0.94643444E-03   0.50592746E-04   0.54231930E-03   0.72700768E-09   0.51326915E-06
   0.95600000E-09   0.32125777E+00  -0.18228821E-05   0.94643440E-03   0.50592746E-04   0.54231930E-03   0.71090137E-09   0.51326915E-06
   0.96100000E-09   0.32275573E+00  -0.18201115E-05   0.94643436E-03   0.50592746E-04   0.54231930E-03   0.69479505E-09   0.51326915E-06
   0.96600000E-09   0.32425369E+00  -0.18173409E-05   0.94643432E-03   0.50592746E-04   0.54231930E-03   0.67868874E-09   0.51326915E-06
   0.97100000E-09   0.32575165E+00  -0.18145703E-05   0.94643428E-03   0.50592746E-04   0.54231930E-03   0.66258243E-09   0.51326915E-06
   0.97600000E-09   0.32724961E+00  -0.18117997E-05   0.94643424E-03   0.50592746E-04   0.54231930E-03   0.64647612E-09   0.51326915E-06
   0.98100000E-09   0.32874757E+00  -0.18090291E-05   0.94643421E-03   0.50592746E-04   0.54231930E-03   0.63036981E-09   0.51326915E-06
   0.98600000E-09   0.33024553E+00  -0.18062585E-05   0.94643417E-03   0.50592746E-04   0.54231930E-03   0.61426350E-09   0.51326915E-06
   0.99100000E-09   0.33174349E+00  -0.18034879E-05   0.94643414E-03   0.50592746E-04   0.54231930E-03   0.59815719E-09   0.51326915E-06
   0.99600000E-09   0.33324145E+00  -0.18007173E-05   0.94643410E-03   0.50592746E-04   0.54231930E-03   0.58205088E-09   0.51326915E-06
   0.10010000E-08   0.33473941E+00  -0.17979467E-05   0.94643407E-03   0.50592746E-04   0.54231930E-03   0.56594457E-09   0.51326915E-06
   0.10060000E-08   0.33623737E+00  -0.17951761E-05   0.94643404E-03   0.50592746E-04   0.54231930E-03   0.54983826E-09   0.51326915E-06
   0.10110000E-08   0.33773534E+00  -0.17924055E-05   0.94643400E-03   0.50592746E-04   0.54231930E-03   0.53373194E-09   0.51326915E-06
   0.10160000E-08   0.33923330E+00  -0.17896349E-05   0.94643397E-03   0.50592746E-04   0.54231930E-03   0.51762563E-09   0.51326915E-06
   0.10210000E-08   0.34073126E+00  -0.17868643E-05   0.94643394E-03   0.50592746E-04   0.54231930E-03   0.50151932E-09   0.51326915E-06
   0.10260000E-08   0.34222922E+00  -0.17840937E-05   0.94643392E-03   0.50592746E-04   0.54231930E-03   0.48541301E-09   0.51326915E-06
   0.10310000E-08   0.34372718E+00  -0.17813232E-05   0.94643389E-03   0.50592746E-04   0.54231930E-03   0.46930670E-09   0.51326915E-06
   0.10360000E-08   0.34522514E+00  -0.17785526E-05   0.94643386E-03   0.50592746E-04   0.54231930E-03   0.45320039E-09   0.51326915E-06
   0.10410000E-08   0.34672310E+00  -0.17757820E-05   0.94643384E-03   0.50592746E-04   0.54231930E-03   0.43709408E-09   0.51326915E-06
   0.10460000E-08   0.34822106E+00  -0.17730114E-05   0.94643381E-03   0.50592746E-04   0.54231930E-03   0.42098777E-09   0.51326915E-06
   0.10510000E-08   0.34971902E+00  -0.17702408E-05   0.94643379E-03   0.50592746E-04   0.54231930E-03   0.40488146E-09   0.51326915E-06
   0.10560000E-08   0.35121698E+00  -0.17674702E-05   0.94643376E-03   0.50592746E-04   0.54231930E-03   0.38877515E-09   0.51326915E-06
   0.10610000E-08   0.35271494E+00  -0.17646996E-05   0.94643374E-03   0.50592746E-04   0.54231930E-03   0.37266884E-09   0.51326915E-06
   0.10660000E-08   0.35421290E+00  -0.17619290E-05   0.94643372E-03   0.50592746E-04   0.54231930E-03   0.35656252E-09   0.51326915E-06
   0.10710000E-08   0.35571086E+00  -0.17591584E-05   0.94643370E-03   0.50592746E-04   0.54231930E-03   0.34045621E-09   0.51326915E-06
   0.10760000E-08   0.35720882E+00  -0.17563878E-05   0.94643368E-03   0.50592746E-04   0.54231930E-03   0.32434990E-09   0.51326915E-06
   0.10810000E-08   0.35870678E+00  -0.17536172E-05   0.94643366E-03   0.50592746E-04   0.54231930E-03   0.30824359E-09   0.51326915E-06
   0.10860000E-08   0.36020474E+00  -0.17508466E-05   0.94643365E-03   0.50592746E-04   0.54231930E-03   0.29213728E-09   0.51326915E-06
   0.10910000E-08   0.36170270E+00  -0.17480760E-05   0.94643363E-03   0.50592746E-04   0.54231930E-03   0.27603097E-09   0.51326915E-06
   0.10960000E-08   0.36320066E+00  -0.17453054E-05   0.94643361E-03   0.50592746E-04   0.54231930E-03   0.25992466E-09   0.51326915E-06
   0.11010000E-08   0.36469862E+00  -0.17425348E-05   0.94643360E-03   0.50592746E-04   0.54231930E-03   0.24381835E-09   0.51326915E-06
   0.11060000E-08   0.36619658E+00  -0.17397642E-05   0.94643359E-03   0.50592746E-04   0.54231930E-03   0.22771204E-09   0.51326915E-06
   0.11110000E-08   0.36769454E+00  -0.17369936E-05   0.94643357E-03   0.50592746E-04   0.54231930E-03   0.21160573E-09   0.51326915E-06
   0.11160000E-08   0.36919250E+00  -0.17342231E-05   0.94643356E-03   0.50592746E-04   0.54231930E-03   0.19549941E-09   0.51326915E-06
   0.11210000E-08   0.37069046E+00  -0.17314525E-05   0.94643355E-03   0.50592746E-04   0.54231930E-03   0.17939310E-09   0.51326915E-06
   0.11260000E-08   0.37218842E+00  -0.17286819E-05   0.94643354E-03   0.50592746E-04   0.54231930E-03   0.16328679E-09   0.51326915E-06
   0.11310000E-08   0.37368638E+00  -0.17259113E-05   0.94643353E-03   0.50592746E-04   0.54231930E-03   0.14718048E-09   0.51326915E-06
   0.11360000E-08   0.37518435E+00  -0.17231407E-05   0.94643352E-03   0.50592746E-04   0.54231930E-03   0.13107417E-09   0.51326915E-06
   0.11410000E-08   0.37668231E+00  -0.17203701E-05   0.94643352E-03   0.50592746E-04   0.54231930E-03   0.11496786E-09   0.51326915E-06
   0.11460000E-08   0.37818027E+00  -0.17175995E-05   0.94643351E-03   0.50592746E-04   0.54231930E-03   0.98861549E-10   0.51326915E-06
   0.11510000E-08   0.37967823E+00  -0.17148289E-05   0.94643350E-03   0.50592746E-04   0.54231930E-03   0.82755238E-10   0.51326915E-06
   0.11560000E-08   0.38117619E+00  -0.17120583E-05   0.94643350E-03   0.50592746E-04   0.54231930E-03   0.66648927E-10   0.51326915E-06
   0.11610000E-08   0.38267415E+00  -0.17092877E-05   0.94643350E-03   0.50592746E-04   0.54231930E-03   0.50542616E-10   0.51326915E-06
   0.11660000E-08   0.38417211E+00  -0.17065171E-05   0.94643349E-03   0.50592746E-04   0.54231930E-03   0.34436305E-10   0.51326915E-06
   0.11710000E-08   0.38567007E+00  -0.17037465E-05   0.94643349E-03   0.50592746E-04   0.54231930E-03   0.18329994E-10   0.51326915E-06
   0.11760000E-08   0.38716803E+00  -0.17009759E-05   0.94643349E-03   0.50592746E-04   0.54231930E-03   0.22236832E-11   0.51326915E-06
   0.11810000E-08   0.38866599E+00  -0.16982053E-05   0.94643349E-03   0.50592746E-04   0.54231930E-03  -0.13882628E-10   0.51326915E-06
   0.11860000E-08   0.39016395E+00  -0.16954347E-05   0.94643349E-03   0.50592746E-04   0.54231930E-03  -0.29988939E-10   0.51326915E-06
   0.11910000E-08   0.39166191E+00  -0.16926641E-05   0.94643350E-03   0.50592746E-04   0.54231930E-03  -0.46095250E-10   0.51326915E-06
   0.11960000E-08   0.39315987E+00  -0.16898936E-05   0.94643350E-03   0.50592746E-04   0.54231930E-03  -0.62201561E-10   0.51326915E-06
   0.12010000E-08   0.39465783E+00  -0.16871230E-05   0.94643350E-03   0.50592746E-04   0.54231930E-03  -0.78307872E-10   0.51326915E-06
   0.12060000E-08   0.39615579E+00  -0.16843524E-05   0.94643351E-03   0.50592746E-04   0.54231930E-03  -0.94414183E-10   0.51326915E-06
   0.12110000E-08   0.39765375E+00  -0.16815818E-05   0.94643351E-03   0.50592746E-04   0.54231930E-03  -0.11052049E-09   0.51326915E-06
   0.12160000E-08   0.39915171E+00  -0.16788112E-05   0.94643352E-03   0.50592746E-04   0.54231930E-03  -0.12662680E-09   0.51326915E-06
   0.12210000E-08   0.40064967E+00  -0.16760406E-05   0.94643353E-03   0.50592746E-04   0.54231930E-03  -0.14273312E-09   0.51326915E-06
   0.12260000E-08   0.40214763E+00  -0.16732700E-05   0.94643354E-03   0.50592746E-04   0.54231930E-03  -0.15883943E-09   0.51326915E-06
   0.12310000E-08   0.40364559E+00  -0.16704994E-05   0.94643355E-03   0.50592746E-04   0.54231930E-03  -0.17494574E-09   0.51326915E-06
   0.12360000E-08   0.40514355E+00  -0.16677288E-05   0.94643356E-03   0.50592746E-04   0.54231930E-03  -0.19105205E-09   0.51326915E-06
   0.12410000E-08   0.40664151E+00  -0.16649582E-05   0.94643357E-03   0.50592746E-04   0.54231930E-03  -0.20715836E-09   0.51326915E-06
   0.12460000E-08   0.40813947E+00  -0.16621876E-05   0.94643358E-03   0.50592746E-04   0.54231930E-03  -0.22326467E-09   0.51326915E-06
   0.12510000E-08   0.40963743E+00  -0.16594170E-05   0.94643360E-03   0.50592746E-04   0.54231930E-03  -0.23937098E-09   0.51326915E-06
   0.12560000E-08   0.41113539E+00  -0.16566464E-05   0.94643361E-03   0.50592746E-04   0.54231930E-03  -0.25547729E-09   0.51326915E-06
   0.12610000E-08   0.41263336E+00  -0.16538758E-05   0.94643362E-03   0.50592746E-04   0.54231930E-03  -0.27158360E-09   0.51326915E-06
   0.12660000E-08   0.41413132E+00  -0.16511052E-05   0.94643364E-03   0.50592746E-04   0.54231930E-03  -0.28768991E-09   0.51326915E-06
   0.12710000E-08   0.41562928E+00  -0.16483346E-05   0.94643366E-03   0.50592746E-04   0.54231930E-03  -0.30379623E-09   0.51326915E-06
   0.12760000E-08   0.41712724E+00  -0.16455640E-05   0.94643368E-03   0.50592746E-04   0.54231930E-03  -0.31990254E-09   0.51326915E-06
   0.12810000E-08   0.41862520E+00  -0.16427935E-05   0.94643370E-03   0.50592746E-04   0.54231930E-03  -0.33600885E-09   0.51326915E-06
   0.12860000E-08   0.42012316E+00  -0.16400229E-05   0.94643372E-03   0.50592746E-04   0.54231930E-03  -0.35211516E-09   0.51326915E-06
   0.12910000E-08   0.42162112E+00  -0.16372523E-05   0.94643374E-03   0.50592746E-04   0.54231930E-03  -0.36822147E-09   0.51326915E-06
   0.12960000E-08   0.42311908E+00  -0.16344817E-05   0.94643376E-03   0.50592746E-04   0.54231930E-03  -0.38432778E-09   0.51326915E-06
   0.13010000E-08   0.42461704E+00  -0.16317111E-05   0.94643378E-03   0.50592746E-04   0.54231930E-03  -0.40043409E-09   0.51326915E-06
   0.13060000E-08   0.42611500E+00  -0.16289405E-05   0.94643380E-03   0.50592746E-04   0.54231930E-03  -0.41654040E-09   0.51326915E-06
   0.13110000E-08   0.42761296E+00  -0.16261699E-05   0.94643383E-03   0.50592746E-04   0.54231930E-03  -0.43264671E-09   0.51326915E-06
   0.13160000E-08   0.42911092E+00  -0.16233993E-05   0.94643385E-03   0.50592746E-04   0.54231930E-03  -0.44875302E-09   0.51326915E-06
   0.13210000E-08   0.43060888E+00  -0.16206287E-05   0.94643388E-03   0.50592746E-04   0.54231930E-03  -0.46485933E-09   0.51326915E-06
   0.13260000E-08   0.43210684E+00  -0.16178581E-05   0.94643391E-03   0.50592746E-04   0.54231930E-03  -0.48096565E-09   0.51326915E-06
   0.13310000E-08   0.43360480E+00  -0.16150875E-05   0.94643394E-03   0.50592746E-04   0.54231930E-03  -0.49707196E-09   0.51326915E-06
   0.13360000E-08   0.43510276E+00  -0.16123169E-05   0.94643397E-03   0.50592746E-04   0.54231930E-03  -0.51317827E-09   0.51326915E-06
   0.13410000E-08   0.43660072E+00  -0.16095463E-05   0.94643400E-03   0.50592746E-04   0.54231930E-03  -0.52928458E-09   0.51326915E-06
   0.13460000E-08   0.43809868E+00  -0.16067757E-05   0.94643403E-03   0.50592746E-04   0.54231930E-03  -0.54539089E-09   0.51326915E-06
   0.13510000E-08   0.43959664E+00  -0.16040051E-05   0.94643406E-03   0.50592746E-04   0.54231930E-03  -0.56149720E-09   0.51326915E-06
   0.13560000E-08   0.44109460E+00  -0.16012345E-05   0.94643409E-03   0.50592746E-04   0.54231930E-03  -0.57760351E-09   0.51326915E-06
   0.13610000E-08   0.44259256E+00  -0.15984639E-05   0.94643413E-03   0.50592746E-04   0.54231930E-03  -0.59370982E-09   0.51326915E-06
   0.13660000E-08   0.44409052E+00  -0.15956934E-05   0.94643416E-03   0.50592746E-04   0.54231930E-03  -0.60981613E-09   0.51326915E-06
   0.13710000E-08   0.44558848E+00  -0.15929228E-05   0.94643420E-03   0.50592746E-04   0.54231930E-03  -0.62592244E-09   0.51326915E-06
   0.13760000E-08   0.44708644E+00  -0.15901522E-05   0.94643423E-03   0.50592746E-04   0.54231930E-03  -0.64202876E-09   0.51326915E-06
   0.13810000E-08   0.44858440E+00  -0.15873816E-05   0.94643427E-03   0.50592746E-04   0.54231930E-03  -0.65813507E-09   0.51326915E-06
   0.13860000E-08   0.45008237E+00  -0.15846110E-05   0.94643431E-03   0.50592746E-04   0.54231930E-03  -0.67424138E-09   0.51326915E-06
   0.13910000E-08   0.45158033E+00  -0.15818404E-05   0.94643435E-03   0.50592746E-04   0.54231930E-03  -0.69034769E-09   0.51326915E-06
   0.13960000E-08   0.45307829E+00  -0.15790698E-05   0.94643439E-03   0.50592746E-04   0.54231930E-03  -0.70645400E-09   0.51326915E-06
   0.14010000E-08   0.45457625E+00  -0.15762992E-05   0.94643443E-03   0.50592746E-04   0.54231930E-03  -0.72256031E-09   0.51326915E-06
   0.14060000E-08   0.45607421E+00  -0.15735286E-05   0.94643447E-03   0.50592746E-04   0.54231930E-03  -0.73866662E-09   0.51326915E-06
   0.14110000E-08   0.45757217E+00  -0.15707580E-05   0.94643452E-03   0.50592746E-04   0.54231930E-03  -0.75477293E-09   0.51326915E-06
   0.14160000E-08   0.45907013E+00  -0.15679874E-05   0.94643456E-03   0.50592746E-04   0.54231930E-03  -0.77087924E-09   0.51326915E-06
   0.14210000E-08   0.46056809E+00  -0.15652168E-05   0.94643460E-03   0.50592746E-04   0.54231930E-03  -0.78698555E-09   0.51326915E-06
   0.14260000E-08   0.46206605E+00  -0.15624462E-05   0.94643465E-03   0.50592746E-04   0.54231930E-03  -0.80309186E-09   0.51326915E-06
   0.14310000E-08   0.46356401E+00  -0.15596756E-05   0.94643470E-03   0.50592746E-04   0.54231930E-03  -0.81919818E-09   0.51326915E-06
   0.14360000E-08   0.46506197E+00  -0.15569050E-05   0.94643475E-03   0.50592746E-04   0.54231930E-03  -0.83530449E-09   0.51326915E-06
   0.14410000E-08   0.46655993E+00  -0.15541344E-05   0.94643479E-03   0.50592746E-04   0.54231930E-03  -0.85141080E-09   0.51326915E-06
   0.14460000E-08   0.46805789E+00  -0.15513639E-05   0.94643484E-03   0.50592746E-04   0.54231930E-03  -0.86751711E-09   0.51326915E-06
   0.14510000E-08   0.46955585E+00  -0.15485933E-05   0.94643489E-03   0.50592746E-04   0.54231930E-03  -0.88362342E-09   0.51326915E-06
   0.14560000E-08   0.47105381E+00  -0.15458227E-05   0.94643495E-03   0.50592746E-04   0.54231930E-03  -0.89972973E-09   0.51326915E-06
   0.14610000E-08   0.47255177E+00  -0.15430521E-05   0.94643500E-03   0.50592746E-04   0.54231930E-03  -0.91583604E-09   0.51326915E-06
   0.14660000E-08   0.47404973E+00  -0.15402815E-05   0.94643505E-03   0.50592746E-04   0.54231930E-03  -0.93194235E-09   0.51326915E-06
   0.14710000E-08   0.47554769E+00  -0.15375109E-05   0.94643511E-03   0.50592746E-04   0.54231930E-03  -0.94804866E-09   0.51326915E-06
   0.14760000E-08   0.47704565E+00  -0.15347403E-05   0.94643516E-03   0.50592746E-04   0.54231930E-03  -0.96415497E-09   0.51326915E-06
   0.14810000E-08   0.47854361E+00  -0.15319697E-05   0.94643522E-03   0.50592746E-04   0.54231930E-03  -0.98026129E-09   0.51326915E-06
   0.14860000E-08   0.48004157E+00  -0.15291991E-05   0.94643528E-03   0.50592746E-04   0.54231930E-03  -0.99636760E-09   0.51326915E-06
   0.14910000E-08   0.48153953E+00  -0.15264285E-05   0.94643533E-03   0.50592746E-04   0.54231930E-03  -0.10124739E-08   0.51326915E-06
   0.14960000E-08   0.48303749E+00  -0.15236579E-05   0.94643539E-03   0.50592746E-04   0.54231930E-03  -0.10285802E-08   0.51326915E-06
   0.15010000E-08   0.48453545E+00  -0.15208873E-05   0.94643545E-03   0.50592746E-04   0.54231930E-03  -0.10446865E-08   0.51326915E-06
   0.15060000E-08   0.48603342E+00  -0.15181167E-05   0.94643551E-03   0.50592746E-04   0.54231930E-03  -0.10607928E-08   0.51326915E-06
   0.15110000E-08   0.48753138E+00  -0.15153461E-05   0.94643558E-03   0.50592746E-04   0.54231930E-03  -0.10768992E-08   0.51326915E-06
   0.15160000E-08   0.48902934E+00  -0.15125755E-05   0.94643564E-03   0.50592746E-04   0.54231930E-03  -0.10930055E-08   0.51326915E-06
   0.15210000E-08   0.49052730E+00  -0.15098049E-05   0.94643570E-03   0.50592746E-04   0.54231930E-03  -0.11091118E-08   0.51326915E-06
   0.15260000E-08   0.49202526E+00  -0.15070343E-05   0.94643577E-03   0.50592746E-04   0.54231930E-03  -0.11252181E-08   0.51326915E-06
   0.15310000E-08   0.49352322E+00  -0.15042638E-05   0.94643583E-03   0.50592746E-04   0.54231930E-03  -0.11413244E-08   0.51326915E-06
   0.15360000E-08   0.49502118E+00  -0.15014932E-05   0.94643590E-03   0.50592746E-04   0.54231930E-03  -0.11574307E-08   0.51326915E-06
   0.15410000E-08   0.49651914E+00  -0.14987226E-05   0.94643597E-03   0.50592746E-04   0.54231930E-03  -0.11735370E-08   0.51326915E-06
   0.15460000E-08   0.49801710E+00  -0.14959520E-05   0.94643603E-03   0.50592746E-04   0.54231930E-03  -0.11896433E-08   0.51326915E-06
   0.15510000E-08   0.49951506E+00  -0.14931814E-05   0.94643610E-03   0.50592746E-04   0.54231930E-03  -0.12057496E-08   0.51326915E-06
   0.15560000E-08   0.50101302E+00  -0.14904108E-05   0.94643617E-03   0.50592746E-04   0.54231930E-03  -0.12218559E-08   0.51326915E-06
   0.15610000E-08   0.50251098E+00  -0.14876402E-05   0.94643625E-03   0.50592746E-04   0.54231930E-03  -0.12379623E-08   0.51326915E-06
   0.15660000E-08   0.50400894E+00  -0.14848696E-05   0.94643632E-03   0.50592746E-04   0.54231930E-03  -0.12540686E-08   0.51326915E-06
   0.15710000E-08   0.50550690E+00  -0.14820990E-05   0.94643639E-03   0.50592746E-04   0.54231930E-03  -0.12701749E-08   0.51326915E-06
   0.15760000E-08   0.50700486E+00  -0.14793284E-05   0.94643646E-03   0.50592746E-04   0.54231930E-03  -0.12862812E-08   0.51326915E-06
   0.15810000E-08   0.50850282E+00  -0.14765578E-05   0.94643654E-03   0.50592746E-04   0.54231930E-03  -0.13023875E-08   0.51326915E-06
   0.15860000E-08   0.51000078E+00  -0.14737872E-05   0.94643662E-03   0.50592746E-04   0.54231930E-03  -0.13184938E-08   0.51326915E-06
   0.15910000E-08   0.51149874E+00  -0.14710166E-05   0.94643669E-03   0.50592746E-04   0.54231930E-03  -0.13346001E-08   0.51326915E-06
   0.15960000E-08   0.51299670E+00  -0.14682460E-05   0.94643677E-03   0.50592746E-04   0.54231930E-03  -0.13507064E-08   0.51326915E-06
   0.16010000E-08   0.51449466E+00  -0.14654754E-05   0.94643685E-03   0.50592746E-04   0.54231930E-03  -0.13668127E-08   0.51326915E-06
   0.16060000E-08   0.51599262E+00  -0.14627048E-05   0.94643693E-03   0.50592746E-04   0.54231930E-03  -0.13829191E-08   0.51326915E-06
   0.16110000E-08   0.51749058E+00  -0.14599342E-05   0.94643701E-03   0.50592746E-04   0.54231930E-03  -0.13990254E-08   0.51326915E-06
   0.16160000E-08   0.51898854E+00  -0.14571637E-05   0.94643709E-03   0.50592746E-04   0.54231930E-03  -0.14151317E-08   0.51326915E-06
   0.16210000E-08   0.52048650E+00  -0.14543931E-05   0.94643717E-03   0.50592746E-04   0.54231930E-03  -0.14312380E-08   0.51326915E-06
   0.16260000E-08   0.52198446E+00  -0.14516225E-05   0.94643726E-03   0.50592746E-04   0.54231930E-03  -0.14473443E-08   0.51326915E-06
   0.16310000E-08   0.52348243E+00  -0.14488519E-05   0.94643734E-03   0.50592746E-04   0.54231930E-03  -0.14634506E-08   0.51326915E-06
   0.16360000E-08   0.52498039E+00  -0.14460813E-05   0.94643742E-03   0.50592746E-04   0.54231930E-03  -0.14795569E-08   0.51326915E-06
   0.16410000E-08   0.52647835E+00  -0.14433107E-05   0.94643751E-03   0.50592746E-04   0.54231930E-03  -0.14956632E-08   0.51326915E-06
   0.16460000E-08   0.52797631E+00  -0.14405401E-05   0.94643760E-03   0.50592746E-04   0.54231930E-03  -0.15117695E-08   0.51326915E-06
   0.16510000E-08   0.52947427E+00  -0.14377695E-05   0.94643769E-03   0.50592746E-04   0.54231930E-03  -0.15278759E-08   0.51326915E-06
   0.16560000E-08   0.53097223E+00  -0.14349989E-05   0.94643777E-03   0.50592746E-04   0.54231930E-03  -0.15439822E-08   0.51326915E-06
   0.16610000E-08   0.53247019E+00  -0.14322283E-05   0.94643786E-03   0.50592746E-04   0.54231930E-03  -0.15600885E-08   0.51326915E-06
   0.16660000E-08   0.53396815E+00  -0.14294577E-05   0.94643795E-03   0.50592746E-04   0.54231930E-03  -0.15761948E-08   0.51326915E-06
   0.16710000E-08   0.53546611E+00  -0.14266871E-05   0.94643805E-03   0.50592746E-04   0.54231930E-03  -0.15923011E-08   0.51326915E-06
   0.16760000E-08   0.53696407E+00  -0.14239165E-05   0.94643814E-03   0.50592746E-04   0.54231930E-03  -0.16084074E-08   0.51326915E-06
   0.16810000E-08   0.53846203E+00  -0.14211459E-05   0.94643823E-03   0.50592746E-04   0.54231930E-03  -0.16245137E-08   0.51326915E-06
   0.16860000E-08   0.53995999E+00  -0.14183753E-05   0.94643833E-03   0.50592746E-04   0.54231930E-03  -0.16406200E-08   0.51326915E-06
   0.16910000E-08   0.54145795E+00  -0.14156047E-05   0.94643842E-03   0.50592746E-04   0.54231930E-03  -0.16567263E-08   0.51326915E-06
   0.16960000E-08   0.54295591E+00  -0.14128342E-05   0.94643852E-03   0.50592746E-04   0.54231930E-03  -0.16728327E-08   0.51326915E-06
   0.17010000E-08   0.54445387E+00  -0.14100636E-05   0.94643862E-03   0.50592746E-04   0.54231930E-03  -0.16889390E-08   0.51326915E-06
   0.17060000E-08   0.54595183E+00  -0.14072930E-05   0.94643871E-03   0.50592746E-04   0.54231930E-03  -0.17050453E-08   0.51326915E-06
   0.17110000E-08   0.54744979E+00  -0.14045224E-05   0.94643881E-03   0.50592746E-04   0.54231930E-03  -0.17211516E-08   0.51326915E-06
   0.17160000E-08   0.54894775E+00  -0.14017518E-05   0.94643891E-03   0.50592746E-04   0.54231930E-03  -0.17372579E-08   0.51326915E-06
   0.17210000E-08   0.55044571E+00  -0.13989812E-05   0.94643901E-03   0.50592746E-04   0.54231930E-03  -0.17533642E-08   0.51326915E-06
   0.17260000E-08   0.55194367E+00  -0.13962106E-05   0.94643912E-03   0.50592746E-04   0.54231930E-03  -0.17694705E-08   0.51326915E-06
   0.17310000E-08   0.55344163E+00  -0.13934400E-05   0.94643922E-03   0.50592746E-04   0.54231930E-03  -0.17855768E-08   0.51326915E-06
   0.17360000E-08   0.55493959E+00  -0.13906694E-05   0.94643932E-03   0.50592746E-04   0.54231930E-03  -0.18016831E-08   0.51326915E-06
   0.17410000E-08   0.55643755E+00  -0.13878988E-05   0.94643943E-03   0.50592746E-04   0.54231930E-03  -0.18177895E-08   0.51326915E-06
   0.17460000E-08   0.55793551E+00  -0.13851282E-05   0.94643953E-03   0.50592746E-04   0.54231930E-03  -0.18338958E-08   0.51326915E-06
   0.17510000E-08   0.55943347E+00  -0.13823576E-05   0.94643964E-03   0.50592746E-04   0.54231930E-03  -0.18500021E-08   0.51326915E-06
   0.17560000E-08   0.56093144E+00  -0.13795870E-05   0.94643975E-03   0.50592746E-04   0.54231930E-03  -0.18661084E-08   0.51326915E-06
   0.17610000E-08   0.56242940E+00  -0.13768164E-05   0.94643986E-03   0.50592746E-04   0.54231930E-03  -0.18822147E-08   0.51326915E-06
   0.17660000E-08   0.56392736E+00  -0.13740458E-05   0.94643997E-03   0.50592746E-04   0.54231930E-03  -0.18983210E-08   0.51326915E-06
   0.17710000E-08   0.56542532E+00  -0.13712752E-05   0.94644008E-03   0.50592746E-04   0.54231930E-03  -0.19144273E-08   0.51326915E-06
   0.17760000E-08   0.56692328E+00  -0.13685046E-05   0.94644019E-03   0.50592746E-04   0.54231930E-03  -0.19305336E-08   0.51326915E-06
   0.17810000E-08   0.56842124E+00  -0.13657341E-05   0.94644030E-03   0.50592746E-04   0.54231930E-03  -0.19466399E-08   0.51326915E-06
   0.17860000E-08   0.56991920E+00  -0.13629635E-05   0.94644041E-03   0.50592746E-04   0.54231930E-03  -0.19627463E-08   0.51326915E-06
   0.17910000E-08   0.57141716E+00  -0.13601929E-05   0.94644053E-03   0.50592746E-04   0.54231930E-03  -0.19788526E-08   0.51326915E-06
   0.17960000E-08   0.57291512E+00  -0.13574223E-05   0.94644064E-03   0.50592746E-04   0.54231930E-03  -0.19949589E-08   0.51326915E-06
   0.18010000E-08   0.57441308E+00  -0.13546517E-05   0.94644076E-03   0.50592746E-04   0.54231930E-03  -0.20110652E-08   0.51326915E-06
   0.18060000E-08   0.57591104E+00  -0.13518811E-05   0.94644087E-03   0.50592746E-04   0.54231930E-03  -0.20271715E-08   0.51326915E-06
   0.18110000E-08   0.57740900E+00  -0.13491105E-05   0.94644099E-03   0.50592746E-04   0.54231930E-03  -0.20432778E-08   0.51326915E-06
   0.18160000E-08   0.57890696E+00  -0.13463399E-05   0.94644111E-03   0.50592746E-04   0.54231930E-03  -0.20593841E-08   0.51326915E-06
   0.18210000E-08   0.58040492E+00  -0.13435693E-05   0.94644123E-03   0.50592746E-04   0.54231930E-03  -0.20754904E-08   0.51326915E-06
   0.18260000E-08   0.58190288E+00  -0.13407987E-05   0.94644135E-03   0.50592746E-04   0.54231930E-03  -0.20915967E-08   0.51326915E-06
   0.18310000E-08   0.58340084E+00  -0.13380281E-05   0.94644147E-03   0.50592746E-04   0.54231930E-03  -0.21077031E-08   0.51326915E-06
   0.18360000E-08   0.58489880E+00  -0.13352575E-05   0.94644159E-03   0.50592746E-04   0.54231930E-03  -0.21238094E-08   0.51326915E-06
   0.18410000E-08   0.58639676E+00  -0.13324869E-05   0.94644172E-03   0.50592746E-04   0.54231930E-03  -0.21399157E-08   0.51326915E-06
   0.18460000E-08   0.58789472E+00  -0.13297163E-05   0.94644184E-03   0.50592746E-04   0.54231930E-03  -0.21560220E-08   0.51326915E-06
   0.18510000E-08   0.58939268E+00  -0.13269457E-05   0.94644197E-03   0.50592746E-04   0.54231930E-03  -0.21721283E-08   0.51326915E-06
   0.18560000E-08   0.59089064E+00  -0.13241751E-05   0.94644209E-03   0.50592746E-04   0.54231930E-03  -0.21882346E-08   0.51326915E-06
   0.18610000E-08   0.59238860E+00  -0.13214045E-05   0.94644222E-03   0.50592746E-04   0.54231930E-03  -0.22043409E-08   0.51326915E-06
   0.18660000E-08   0.59388656E+00  -0.13186340E-05   0.94644235E-03   0.50592746E-04   0.54231930E-03  -0.22204472E-08   0.51326915E-06
   0.18710000E-08   0.59538452E+00  -0.13158634E-05   0.94644248E-03   0.50592746E-04   0.54231930E-03  -0.22365535E-08   0.51326915E-06
   0.18760000E-08   0.59688248E+00  -0.13130928E-05   0.94644261E-03   0.50592746E-04   0.54231930E-03  -0.22526599E-08   0.51326915E-06
   0.18810000E-08   0.59838045E+00  -0.13103222E-05   0.94644274E-03   0.50592746E-04   0.54231930E-03  -0.22687662E-08   0.51326915E-06
   0.18860000E-08   0.59987841E+00  -0.13075516E-05   0.94644287E-03   0.50592746E-04   0.54231930E-03  -0.22848725E-08   0.51326915E-06
   0.18910000E-08   0.60137637E+00  -0.13047810E-05   0.94644300E-03   0.50592746E-04   0.54231930E-03  -0.23009788E-08   0.51326915E-06
   0.18960000E-08   0.60287433E+00  -0.13020104E-05   0.94644314E-03   0.50592746E-04   0.54231930E-03  -0.23170851E-08   0.51326915E-06
   0.19010000E-08   0.60437229E+00  -0.12992398E-05   0.94644327E-03   0.50592746E-04   0.54231930E-03  -0.23331914E-08   0.51326915E-06
   0.19060000E-08   0.60587025E+00  -0.12964692E-05   0.94644341E-03   0.50592746E-04   0.54231930E-03  -0.23492977E-08   0.51326915E-06
   0.19110000E-08   0.60736821E+00  -0.12936986E-05   0.94644354E-03   0.50592746E-04   0.54231930E-03  -0.23654040E-08   0.51326915E-06
   0.19160000E-08   0.60886617E+00  -0.12909280E-05   0.94644368E-03   0.50592746E-04   0.54231930E-03  -0.23815103E-08   0.51326915E-06
   0.19210000E-08   0.61036413E+00  -0.12881574E-05   0.94644382E-03   0.50592746E-04   0.54231930E-03  -0.23976167E-08   0.51326915E-06
   0.19260000E-08   0.61186209E+00  -0.12853868E-05   0.94644396E-03   0.50592746E-04   0.54231930E-03  -0.24137230E-08   0.51326915E-06
   0.19310000E-08   0.61336005E+00  -0.12826162E-05   0.94644410E-03   0.50592746E-04   0.54231930E-03  -0.24298293E-08   0.51326915E-06
   0.19360000E-08   0.61485801E+00  -0.12798456E-05   0.94644424E-03   0.50592746E-04   0.54231930E-03  -0.24459356E-08   0.51326915E-06
   0.19410000E-08   0.61635597E+00  -0.12770750E-05   0.94644438E-03   0.50592746E-04   0.54231930E-03  -0.24620419E-08   0.51326915E-06
   0.19460000E-08   0.61785393E+00  -0.12743044E-05   0.94644452E-03   0.50592746E-04   0.54231930E-03  -0.24781482E-08   0.51326915E-06
   0.19510000E-08   0.61935189E+00  -0.12715339E-05   0.94644467E-03   0.50592746E-04   0.54231930E-03  -0.24942545E-08   0.51326915E-06
   0.19560000E-08   0.62084985E+00  -0.12687633E-05   0.94644481E-03   0.50592746E-04   0.54231930E-03  -0.25103608E-08   0.51326915E-06
   0.19610000E-08   0.62234781E+00  -0.12659927E-05   0.94644496E-03   0.50592746E-04   0.54231930E-03  -0.25264671E-08   0.51326915E-06
   0.19660000E-08   0.62384577E+00  -0.12632221E-05   0.94644510E-03   0.50592746E-04   0.54231930E-03  -0.25425734E-08   0.51326915E-06
   0.19710000E-08   0.62534373E+00  -0.12604515E-05   0.94644525E-03   0.50592746E-04   0.54231930E-03  -0.25586798E-08   0.51326915E-06
   0.19760000E-08   0.62684169E+00  -0.12576809E-05   0.94644540E-03   0.50592746E-04   0.54231930E-03  -0.25747861E-08   0.51326915E-06
   0.19810000E-08   0.62833965E+00  -0.12549103E-05   0.94644555E-03   0.50592746E-04   0.54231930E-03  -0.25908924E-08   0.51326915E-06
   0.19860000E-08   0.62983761E+00  -0.12521397E-05   0.94644570E-03   0.50592746E-04   0.54231930E-03  -0.26069987E-08   0.51326915E-06
   0.19910000E-08   0.63133557E+00  -0.12493691E-05   0.94644585E-03   0.50592746E-04   0.54231930E-03  -0.26231050E-08   0.51326915E-06
   0.19960000E-08   0.63283353E+00  -0.12465985E-05   0.94644600E-03   0.50592746E-04   0.54231930E-03  -0.26392113E-08   0.51326915E-06
   0.20010000E-08   0.63433149E+00  -0.12438279E-05   0.94644616E-03   0.50592746E-04   0.54231930E-03  -0.26553176E-08   0.51326915E-06
   0.20060000E-08   0.63582946E+00  -0.12410573E-05   0.94644631E-03   0.50592746E-04   0.54231930E-03  -0.26714239E-08   0.51326915E-06
   0.20110000E-08   0.63732742E+00  -0.12382867E-05   0.94644647E-03   0.50592746E-04   0.54231930E-03  -0.26875302E-08   0.51326915E-06
   0.20160000E-08   0.63882538E+00  -0.12355161E-05   0.94644662E-03   0.50592746E-04   0.54231930E-03  -0.27036366E-08   0.51326915E-06
   0.20210000E-08   0.64032334E+00  -0.12327455E-05   0.94644678E-03   0.50592746E-04   0.54231930E-03  -0.27197429E-08   0.51326915E-06
   0.20260000E-08   0.64182130E+00  -0.12299749E-05   0.94644694E-03   0.50592746E-04   0.54231930E-03  -0.27358492E-08   0.51326915E-06
   0.20310000E-08   0.64331926E+00  -0.12272044E-05   0.94644710E-03   0.50592746E-04   0.54231930E-03  -0.27519555E-08   0.51326915E-06
   0.20360000E-08   0.64481722E+00  -0.12244338E-05   0.94644726E-03   0.50592746E-04   0.54231930E-03  -0.27680618E-08   0.51326915E-06
   0.20410000E-08   0.64631518E+00  -0.12216632E-05   0.94644742E-03   0.50592746E-04   0.54231930E-03  -0.27841681E-08   0.51326915E-06
   0.20460000E-08   0.64781314E+00  -0.12188926E-05   0.94644758E-03   0.50592746E-04   0.54231930E-03  -0.28002744E-08   0.51326915E-06
   0.20510000E-08   0.64931110E+00  -0.12161220E-05   0.94644774E-03   0.50592746E-04   0.54231930E-03  -0.28163807E-08   0.51326915E-06
   0.20560000E-08   0.65080906E+00  -0.12133514E-05   0.94644790E-03   0.50592746E-04   0.54231930E-03  -0.28324870E-08   0.51326915E-06
   0.20610000E-08   0.65230702E+00  -0.12105808E-05   0.94644807E-03   0.50592746E-04   0.54231930E-03  -0.28485934E-08   0.51326915E-06
   0.20660000E-08   0.65380498E+00  -0.12078102E-05   0.94644823E-03   0.50592746E-04   0.54231930E-03  -0.28646997E-08   0.51326915E-06
   0.20710000E-08   0.65530294E+00  -0.12050396E-05   0.94644840E-03   0.50592746E-04   0.54231930E-03  -0.28808060E-08   0.51326915E-06
   0.20760000E-08   0.65680090E+00  -0.12022690E-05   0.94644857E-03   0.50592746E-04   0.54231930E-03  -0.28969123E-08   0.51326915E-06
   0.20810000E-08   0.65829886E+00  -0.11994984E-05   0.94644873E-03   0.50592746E-04   0.54231930E-03  -0.29130186E-08   0.51326915E-06
   0.20860000E-08   0.65979682E+00  -0.11967278E-05   0.94644890E-03   0.50592746E-04   0.54231930E-03  -0.29291249E-08   0.51326915E-06
   0.20910000E-08   0.66129478E+00  -0.11939572E-05   0.94644907E-03   0.50592746E-04   0.54231930E-03  -0.29452312E-08   0.51326915E-06
   0.20960000E-08   0.66279274E+00  -0.11911866E-05   0.94644924E-03   0.50592746E-04   0.54231930E-03  -0.29613375E-08   0.51326915E-06
   0.21010000E-08   0.66429070E+00  -0.11884160E-05   0.94644942E-03   0.50592746E-04   0.54231930E-03  -0.29774438E-08   0.51326915E-06
   0.21060000E-08   0.66578866E+00  -0.11856454E-05   0.94644959E-03   0.50592746E-04   0.54231930E-03  -0.29935502E-08   0.51326915E-06
   0.21110000E-08   0.66728662E+00  -0.11828748E-05   0.94644976E-03   0.50592746E-04   0.54231930E-03  -0.30096565E-08   0.51326915E-06
   0.21160000E-08   0.66878458E+00  -0.11801043E-05   0.94644994E-03   0.50592746E-04   0.54231930E-03  -0.30257628E-08   0.51326915E-06
   0.21210000E-08   0.67028254E+00  -0.11773337E-05   0.94645011E-03   0.50592746E-04   0.54231930E-03  -0.30418691E-08   0.51326915E-06
   0.21260000E-08   0.67178050E+00  -0.11745631E-05   0.94645029E-03   0.50592746E-04   0.54231930E-03  -0.30579754E-08   0.51326915E-06
   0.21310000E-08   0.67327847E+00  -0.11717925E-05   0.94645047E-03   0.50592746E-04   0.54231930E-03  -0.30740817E-08   0.51326915E-06
   0.21360000E-08   0.67477643E+00  -0.11690219E-05   0.94645065E-03   0.50592746E-04   0.54231930E-03  -0.30901880E-08   0.51326915E-06
   0.21410000E-08   0.67627439E+00  -0.11662513E-05   0.94645082E-03   0.50592746E-04   0.54231930E-03  -0.31062943E-08   0.51326915E-06
   0.21460000E-08   0.67777235E+00  -0.11634807E-05   0.94645100E-03   0.50592746E-04   0.54231930E-03  -0.31224006E-08   0.51326915E-06
   0.21510000E-08   0.67927031E+00  -0.11607101E-05   0.94645119E-03   0.50592746E-04   0.54231930E-03  -0.31385070E-08   0.51326915E-06
   0.21560000E-08   0.68076827E+00  -0.11579395E-05   0.94645137E-03   0.50592746E-04   0.54231930E-03  -0.31546133E-08   0.51326915E-06
   0.21610000E-08   0.68226623E+00  -0.11551689E-05   0.94645155E-03   0.50592746E-04   0.54231930E-03  -0.31707196E-08   0.51326915E-06
   0.21660000E-08   0.68376419E+00  -0.11523983E-05   0.94645173E-03   0.50592746E-04   0.54231930E-03  -0.31868259E-08   0.51326915E-06
   0.21710000E-08   0.68526215E+00  -0.11496277E-05   0.94645192E-03   0.50592746E-04   0.54231930E-03  -0.32029322E-08   0.51326915E-06
   0.21760000E-08   0.68676011E+00  -0.11468571E-05   0.94645211E-03   0.50592746E-04   0.54231930E-03  -0.32190385E-08   0.51326915E-06
   0.21810000E-08   0.68825807E+00  -0.11440865E-05   0.94645229E-03   0.50592746E-04   0.54231930E-03  -0.32351448E-08   0.51326915E-06
   0.21860000E-08   0.68975603E+00  -0.11413159E-05   0.94645248E-03   0.50592746E-04   0.54231930E-03  -0.32512511E-08   0.51326915E-06
   0.21910000E-08   0.69125399E+00  -0.11385453E-05   0.94645267E-03   0.50592746E-04   0.54231930E-03  -0.32673574E-08   0.51326915E-06
   0.21960000E-08   0.69275195E+00  -0.11357747E-05   0.94645286E-03   0.50592746E-04   0.54231930E-03  -0.32834638E-08   0.51326915E-06
   0.22010000E-08   0.69424991E+00  -0.11330042E-05   0.94645305E-03   0.50592746E-04   0.54231930E-03  -0.32995701E-08   0.51326915E-06
   0.22060000E-08   0.69574787E+00  -0.11302336E-05   0.94645324E-03   0.50592746E-04   0.54231930E-03  -0.33156764E-08   0.51326915E-06
   0.22110000E-08   0.69724583E+00  -0.11274630E-05   0.94645343E-03   0.50592746E-04   0.54231930E-03  -0.33317827E-08   0.51326915E-06
   0.22160000E-08   0.69874379E+00  -0.11246924E-05   0.94645363E-03   0.50592746E-04   0.54231930E-03  -0.33478890E-08   0.51326915E-06
   0.22210000E-08   0.70024175E+00  -0.11219218E-05   0.94645382E-03   0.50592746E-04   0.54231930E-03  -0.33639953E-08   0.51326915E-06
   0.22260000E-08   0.70173971E+00  -0.11191512E-05   0.94645401E-03   0.50592746E-04   0.54231930E-03  -0.33801016E-08   0.51326915E-06
   0.22310000E-08   0.70323767E+00  -0.11163806E-05   0.94645421E-03   0.50592746E-04   0.54231930E-03  -0.33962079E-08   0.51326915E-06
   0.22360000E-08   0.70473563E+00  -0.11136100E-05   0.94645441E-03   0.50592746E-04   0.54231930E-03  -0.34123142E-08   0.51326915E-06
   0.22410000E-08   0.70623359E+00  -0.11108394E-05   0.94645461E-03   0.50592746E-04   0.54231930E-03  -0.34284206E-08   0.51326915E-06
   0.22460000E-08   0.70773155E+00  -0.11080688E-05   0.94645480E-03   0.50592746E-04   0.54231930E-03  -0.34445269E-08   0.51326915E-06
   0.22510000E-08   0.70922952E+00  -0.11052982E-05   0.94645500E-03   0.50592746E-04   0.54231930E-03  -0.34606332E-08   0.51326915E-06
   0.22560000E-08   0.71072748E+00  -0.11025276E-05   0.94645520E-03   0.50592746E-04   0.54231930E-03  -0.34767395E-08   0.51326915E-06
   0.22610000E-08   0.71222544E+00  -0.10997570E-05   0.94645541E-03   0.50592746E-04   0.54231930E-03  -0.34928458E-08   0.51326915E-06
   0.22660000E-08   0.71372340E+00  -0.10969864E-05   0.94645561E-03   0.50592746E-04   0.54231930E-03  -0.35089521E-08   0.51326915E-06
   0.22710000E-08   0.71522136E+00  -0.10942158E-05   0.94645581E-03   0.50592746E-04   0.54231930E-03  -0.35250584E-08   0.51326915E-06
   0.22760000E-08   0.71671932E+00  -0.10914452E-05   0.94645602E-03   0.50592746E-04   0.54231930E-03  -0.35411647E-08   0.51326915E-06
   0.22810000E-08   0.71821728E+00  -0.10886747E-05   0.94645622E-03   0.50592746E-04   0.54231930E-03  -0.35572710E-08   0.51326915E-06
   0.22860000E-08   0.71971524E+00  -0.10859041E-05   0.94645643E-03   0.50592746E-04   0.54231930E-03  -0.35733774E-08   0.51326915E-06
   0.22910000E-08   0.72121320E+00  -0.10831335E-05   0.94645664E-03   0.50592746E-04   0.54231930E-03  -0.35894837E-08   0.51326915E-06
   0.22960000E-08   0.72271116E+00  -0.10803629E-05   0.94645684E-03   0.50592746E-04   0.54231930E-03  -0.36055900E-08   0.51326915E-06
   0.23010000E-08   0.72420912E+00  -0.10775923E-05   0.94645705E-03   0.50592746E-04   0.54231930E-03  -0.36216963E-08   0.51326915E-06
   0.23060000E-08   0.72570708E+00  -0.10748217E-05   0.94645726E-03   0.50592746E-04   0.54231930E-03  -0.36378026E-08   0.51326915E-06
   0.23110000E-08   0.72720504E+00  -0.10720511E-05   0.94645747E-03   0.50592746E-04   0.54231930E-03  -0.36539089E-08   0.51326915E-06
   0.23160000E-08   0.72870300E+00  -0.10692805E-05   0.94645769E-03   0.50592746E-04   0.54231930E-03  -0.36700152E-08   0.51326915E-06
   0.23210000E-08   0.73020096E+00  -0.10665099E-05   0.94645790E-03   0.50592746E-04   0.54231930E-03  -0.36861215E-08   0.51326915E-06
   0.23260000E-08   0.73169892E+00  -0.10637393E-05   0.94645811E-03   0.50592746E-04   0.54231930E-03  -0.37022278E-08   0.51326915E-06
   0.23310000E-08   0.73319688E+00  -0.10609687E-05   0.94645833E-03   0.50592746E-04   0.54231930E-03  -0.37183341E-08   0.51326915E-06
   0.23360000E-08   0.73469484E+00  -0.10581981E-05   0.94645854E-03   0.50592746E-04   0.54231930E-03  -0.37344405E-08   0.51326915E-06
   0.23410000E-08   0.73619280E+00  -0.10554275E-05   0.94645876E-03   0.50592746E-04   0.54231930E-03  -0.37505468E-08   0.51326915E-06
   0.23460000E-08   0.73769076E+00  -0.10526569E-05   0.94645898E-03   0.50592746E-04   0.54231930E-03  -0.37666531E-08   0.51326915E-06
   0.23510000E-08   0.73918872E+00  -0.10498863E-05   0.94645920E-03   0.50592746E-04   0.54231930E-03  -0.37827594E-08   0.51326915E-06
   0.23560000E-08   0.74068668E+00  -0.10471157E-05   0.94645941E-03   0.50592746E-04   0.54231930E-03  -0.37988657E-08   0.51326915E-06
   0.23610000E-08   0.74218464E+00  -0.10443451E-05   0.94645963E-03   0.50592746E-04   0.54231930E-03  -0.38149720E-08   0.51326915E-06
   0.23660000E-08   0.74368260E+00  -0.10415746E-05   0.94645986E-03   0.50592746E-04   0.54231930E-03  -0.38310783E-08   0.51326915E-06
   0.23710000E-08   0.74518056E+00  -0.10388040E-05   0.94646008E-03   0.50592746E-04   0.54231930E-03  -0.38471846E-08   0.51326915E-06
   0.23760000E-08   0.74667853E+00  -0.10360334E-05   0.94646030E-03   0.50592746E-04   0.54231930E-03  -0.38632909E-08   0.51326915E-06
   0.23810000E-08   0.74817649E+00  -0.10332628E-05   0.94646053E-03   0.50592746E-04   0.54231930E-03  -0.38793973E-08   0.51326915E-06
   0.23860000E-08   0.74967445E+00  -0.10304922E-05   0.94646075E-03   0.50592746E-04   0.54231930E-03  -0.38955036E-08   0.51326915E-06
   0.23910000E-08   0.75117241E+00  -0.10277216E-05   0.94646098E-03   0.50592746E-04   0.54231930E-03  -0.39116099E-08   0.51326915E-06
   0.23960000E-08   0.75267037E+00  -0.10249510E-05   0.94646120E-03   0.50592746E-04   0.54231930E-03  -0.39277162E-08   0.51326915E-06
   0.24010000E-08   0.75416833E+00  -0.10221804E-05   0.94646143E-03   0.50592746E-04   0.54231930E-03  -0.39438225E-08   0.51326915E-06
   0.24060000E-08   0.75566629E+00  -0.10194098E-05   0.94646166E-03   0.50592746E-04   0.54231930E-03  -0.39599288E-08   0.51326915E-06
   0.24110000E-08   0.75716425E+00  -0.10166392E-05   0.94646189E-03   0.50592746E-04   0.54231930E-03  -0.39760351E-08   0.51326915E-06
   0.24160000E-08   0.75866221E+00  -0.10138686E-05   0.94646212E-03   0.50592746E-04   0.54231930E-03  -0.39921414E-08   0.51326915E-06
   0.24210000E-08   0.76016017E+00  -0.10110980E-05   0.94646235E-03   0.50592746E-04   0.54231930E-03  -0.40082477E-08   0.51326915E-06
   0.24260000E-08   0.76165813E+00  -0.10083274E-05   0.94646258E-03   0.50592746E-04   0.54231930E-03  -0.40243541E-08   0.51326915E-06
   0.24310000E-08   0.76315609E+00  -0.10055568E-05   0.94646282E-03   0.50592746E-04   0.54231930E-03  -0.40404604E-08   0.51326915E-06
   0.24360000E-08   0.76465405E+00  -0.10027862E-05   0.94646305E-03   0.50592746E-04   0.54231930E-03  -0.40565667E-08   0.51326915E-06
   0.24410000E-08   0.76615201E+00  -0.10000156E-05   0.94646329E-03   0.50592746E-04   0.54231930E-03  -0.40726730E-08   0.51326915E-06
   0.24460000E-08   0.76764997E+00  -0.99724505E-06   0.94646352E-03   0.50592746E-04   0.54231930E-03  -0.40887793E-08   0.51326915E-06
   0.24510000E-08   0.76914793E+00  -0.99447445E-06   0.94646376E-03   0.50592746E-04   0.54231930E-03  -0.41048856E-08   0.51326915E-06
   0.24560000E-08   0.77064589E+00  -0.99170386E-06   0.94646400E-03   0.50592746E-04   0.54231930E-03  -0.41209919E-08   0.51326915E-06
