   0.10000000E-11  -0.13954431E-02   0.99647697E-03   0.27353613E+02   0.10020984E-03  -0.46009717E-10   0.99856790E-07
   0.20000000E-11  -0.10958507E-02   0.99647697E-03   0.27353613E+02   0.10020984E-03  -0.45954098E-10   0.99856789E-07
   0.30000000E-11  -0.79625842E-03   0.99647697E-03   0.27353613E+02   0.10020983E-03  -0.45486853E-10   0.99856775E-07
   0.40000000E-11  -0.49666609E-03   0.99647697E-03   0.27353613E+02   0.10020974E-03  -0.41892245E-10   0.99856685E-07
   0.50000000E-11  -0.19707377E-03   0.99647697E-03   0.27353613E+02   0.10020947E-03  -0.17287121E-10   0.99856423E-07
   0.60000000E-11   0.10251855E-03   0.99647697E-03   0.27353613E+02   0.10021389E-03   0.11727541E-09   0.99860764E-07
   0.70000000E-11   0.40211087E-03   0.99647697E-03   0.27353613E+02   0.10027595E-03   0.63284109E-09   0.99920675E-07
   0.80000000E-11   0.70170318E-03   0.99647695E-03   0.27353612E+02   0.10061590E-03   0.20054544E-08   0.10024136E-06
   0.90000000E-11   0.10012955E-02   0.99647691E-03   0.27353610E+02   0.10178267E-03   0.47959712E-08   0.10131062E-06
   0.10000000E-10   0.13008877E-02   0.99647683E-03   0.27353606E+02   0.10408231E-03   0.95907044E-08   0.10327122E-06
   0.11000000E-10   0.16004800E-02   0.99647668E-03   0.27353600E+02   0.10961294E-03   0.17613356E-07   0.10779726E-06
   0.12000000E-10   0.19000721E-02   0.99647642E-03   0.27353591E+02   0.11940286E-03   0.29866956E-07   0.11517254E-06
   0.13000000E-10   0.21996641E-02   0.99647599E-03   0.27353575E+02   0.13685860E-03   0.49082555E-07   0.12723757E-06
   0.14000000E-10   0.24992559E-02   0.99647529E-03   0.27353551E+02   0.16223698E-03   0.77587974E-07   0.14182991E-06
   0.15000000E-10   0.27988473E-02   0.99647422E-03   0.27353518E+02   0.19666846E-03   0.11714243E-06   0.15711101E-06
   0.16000000E-10   0.30984384E-02   0.99647265E-03   0.27353471E+02   0.24577690E-03   0.16962445E-06   0.17665909E-06
   0.17000000E-10   0.33980288E-02   0.99647042E-03   0.27353406E+02   0.30744682E-03   0.23571715E-06   0.19569080E-06
   0.18000000E-10   0.36976184E-02   0.99646739E-03   0.27353321E+02   0.37928824E-03   0.31499610E-06   0.20885981E-06
   0.19000000E-10   0.39972069E-02   0.99646343E-03   0.27353212E+02   0.46115143E-03   0.40510247E-06   0.21691269E-06
   0.20000000E-10   0.42967941E-02   0.99645845E-03   0.27353076E+02   0.54969970E-03   0.50133075E-06   0.22068241E-06
   0.21000000E-10   0.45963796E-02   0.99645240E-03   0.27352910E+02   0.64159544E-03   0.59973518E-06   0.22146537E-06
   0.22000000E-10   0.48959631E-02   0.99644526E-03   0.27352714E+02   0.73544111E-03   0.69893266E-06   0.22029133E-06
   0.23000000E-10   0.51955444E-02   0.99643703E-03   0.27352488E+02   0.83037040E-03   0.79783717E-06   0.21923998E-06
   0.24000000E-10   0.54951230E-02   0.99642772E-03   0.27352233E+02   0.92596635E-03   0.89626048E-06   0.21912539E-06
   0.25000000E-10   0.57946986E-02   0.99641733E-03   0.27351948E+02   0.10222689E-02   0.99468108E-06   0.21947356E-06
   0.26000000E-10   0.60942710E-02   0.99640585E-03   0.27351633E+02   0.11192590E-02   0.10933625E-05   0.21979617E-06
   0.27000000E-10   0.63938397E-02   0.99639329E-03   0.27351288E+02   0.12167772E-02   0.11922638E-05   0.21998452E-06
   0.28000000E-10   0.66934045E-02   0.99637964E-03   0.27350914E+02   0.13146634E-02   0.12912832E-05   0.22008134E-06
   0.29000000E-10   0.69929651E-02   0.99636490E-03   0.27350510E+02   0.14128085E-02   0.13903541E-05   0.22013267E-06
   0.30000000E-10   0.72925210E-02   0.99634907E-03   0.27350075E+02   0.15111445E-02   0.14894434E-05   0.22016413E-06
   0.31000000E-10   0.75920721E-02   0.99633215E-03   0.27349611E+02   0.16096274E-02   0.15885359E-05   0.22018774E-06
   0.32000000E-10   0.78916179E-02   0.99631415E-03   0.27349117E+02   0.17082278E-02   0.16876253E-05   0.22020883E-06
   0.33000000E-10   0.81911581E-02   0.99629505E-03   0.27348593E+02   0.18069247E-02   0.17867085E-05   0.22022971E-06
   0.34000000E-10   0.84906924E-02   0.99627486E-03   0.27348039E+02   0.19057019E-02   0.18857842E-05   0.22025144E-06
   0.35000000E-10   0.87902205E-02   0.99625358E-03   0.27347456E+02   0.20045469E-02   0.19848517E-05   0.22027439E-06
   0.36000000E-10   0.90897420E-02   0.99623122E-03   0.27346842E+02   0.21034499E-02   0.20839105E-05   0.22029857E-06
   0.37000000E-10   0.93892566E-02   0.99620776E-03   0.27346199E+02   0.22024025E-02   0.21829601E-05   0.22032400E-06
   0.38000000E-10   0.96887641E-02   0.99618322E-03   0.27345525E+02   0.23013981E-02   0.22820002E-05   0.22035066E-06
   0.39000000E-10   0.99882640E-02   0.99615758E-03   0.27344822E+02   0.24004308E-02   0.23810304E-05   0.22037855E-06
   0.40000000E-10   0.10287756E-01   0.99613086E-03   0.27344088E+02   0.24994958E-02   0.24800501E-05   0.22040768E-06
   0.41000000E-10   0.10587240E-01   0.99610304E-03   0.27343325E+02   0.25985891E-02   0.25790590E-05   0.22043804E-06
   0.42000000E-10   0.10886715E-01   0.99607414E-03   0.27342532E+02   0.26977071E-02   0.26780565E-05   0.22046964E-06
   0.43000000E-10   0.11186182E-01   0.99604415E-03   0.27341709E+02   0.27968467E-02   0.27770424E-05   0.22050247E-06
   0.44000000E-10   0.11485639E-01   0.99601307E-03   0.27340856E+02   0.28960054E-02   0.28760161E-05   0.22053654E-06
   0.45000000E-10   0.11785087E-01   0.99598090E-03   0.27339973E+02   0.29951809E-02   0.29749773E-05   0.22057183E-06
   0.46000000E-10   0.12084525E-01   0.99594764E-03   0.27339061E+02   0.30943710E-02   0.30739254E-05   0.22060836E-06
   0.47000000E-10   0.12383952E-01   0.99591329E-03   0.27338118E+02   0.31935741E-02   0.31728601E-05   0.22064611E-06
   0.48000000E-10   0.12683370E-01   0.99587785E-03   0.27337146E+02   0.32927885E-02   0.32717809E-05   0.22068510E-06
   0.49000000E-10   0.12982776E-01   0.99584132E-03   0.27336143E+02   0.33920129E-02   0.33706873E-05   0.22072531E-06
   0.50000000E-10   0.13282171E-01   0.99580370E-03   0.27335111E+02   0.34912459E-02   0.34695791E-05   0.22076676E-06
   0.51000000E-10   0.13581555E-01   0.99576500E-03   0.27334049E+02   0.35904865E-02   0.35684556E-05   0.22080942E-06
   0.52000000E-10   0.13880927E-01   0.99572520E-03   0.27332957E+02   0.36897335E-02   0.36673166E-05   0.22085332E-06
   0.53000000E-10   0.14180287E-01   0.99568432E-03   0.27331835E+02   0.37889862E-02   0.37661615E-05   0.22089844E-06
   0.54000000E-10   0.14479635E-01   0.99564235E-03   0.27330683E+02   0.38882436E-02   0.38649899E-05   0.22094478E-06
   0.55000000E-10   0.14778969E-01   0.99559928E-03   0.27329501E+02   0.39875050E-02   0.39638014E-05   0.22099235E-06
   0.56000000E-10   0.15078291E-01   0.99555513E-03   0.27328289E+02   0.40867696E-02   0.40625956E-05   0.22104114E-06
   0.57000000E-10   0.15377599E-01   0.99550989E-03   0.27327048E+02   0.41860368E-02   0.41613720E-05   0.22109115E-06
   0.58000000E-10   0.15676894E-01   0.99546357E-03   0.27325777E+02   0.42853061E-02   0.42601302E-05   0.22114238E-06
   0.59000000E-10   0.15976174E-01   0.99541615E-03   0.27324475E+02   0.43845768E-02   0.43588698E-05   0.22119483E-06
   0.60000000E-10   0.16275440E-01   0.99536764E-03   0.27323144E+02   0.44838484E-02   0.44575903E-05   0.22124849E-06
   0.61000000E-10   0.16574691E-01   0.99531805E-03   0.27321783E+02   0.45831205E-02   0.45562913E-05   0.22130338E-06
   0.62000000E-10   0.16873927E-01   0.99526737E-03   0.27320392E+02   0.46823926E-02   0.46549723E-05   0.22135947E-06
   0.63000000E-10   0.17173148E-01   0.99521560E-03   0.27318971E+02   0.47816643E-02   0.47536330E-05   0.22141679E-06
   0.64000000E-10   0.17472353E-01   0.99516274E-03   0.27317521E+02   0.48809351E-02   0.48522729E-05   0.22147531E-06
   0.65000000E-10   0.17771542E-01   0.99510879E-03   0.27316040E+02   0.49802048E-02   0.49508916E-05   0.22153505E-06
   0.66000000E-10   0.18070714E-01   0.99505375E-03   0.27314530E+02   0.50794729E-02   0.50494886E-05   0.22159600E-06
   0.67000000E-10   0.18369870E-01   0.99499763E-03   0.27312989E+02   0.51787392E-02   0.51480635E-05   0.22165816E-06
   0.68000000E-10   0.18669009E-01   0.99494042E-03   0.27311419E+02   0.52780033E-02   0.52466159E-05   0.22172153E-06
   0.69000000E-10   0.18968130E-01   0.99488211E-03   0.27309819E+02   0.53772649E-02   0.53451454E-05   0.22178610E-06
   0.70000000E-10   0.19267234E-01   0.99482273E-03   0.27308189E+02   0.54765237E-02   0.54436514E-05   0.22185188E-06
   0.71000000E-10   0.19566320E-01   0.99476225E-03   0.27306529E+02   0.55757795E-02   0.55421337E-05   0.22191886E-06
   0.72000000E-10   0.19865387E-01   0.99470068E-03   0.27304840E+02   0.56750320E-02   0.56405917E-05   0.22198705E-06
   0.73000000E-10   0.20164436E-01   0.99463803E-03   0.27303120E+02   0.57742809E-02   0.57390250E-05   0.22205643E-06
   0.74000000E-10   0.20463465E-01   0.99457429E-03   0.27301371E+02   0.58735260E-02   0.58374333E-05   0.22212702E-06
   0.75000000E-10   0.20762476E-01   0.99450946E-03   0.27299591E+02   0.59727670E-02   0.59358159E-05   0.22219880E-06
   0.76000000E-10   0.21061467E-01   0.99444355E-03   0.27297782E+02   0.60720038E-02   0.60341727E-05   0.22227179E-06
   0.77000000E-10   0.21360437E-01   0.99437654E-03   0.27295943E+02   0.61712361E-02   0.61325030E-05   0.22234596E-06
   0.78000000E-10   0.21659388E-01   0.99430845E-03   0.27294075E+02   0.62704637E-02   0.62308065E-05   0.22242134E-06
   0.79000000E-10   0.21958318E-01   0.99423928E-03   0.27292176E+02   0.63696864E-02   0.63290827E-05   0.22249790E-06
   0.80000000E-10   0.22257227E-01   0.99416901E-03   0.27290247E+02   0.64689041E-02   0.64273312E-05   0.22257565E-06
   0.81000000E-10   0.22556114E-01   0.99409766E-03   0.27288289E+02   0.65681164E-02   0.65255517E-05   0.22265460E-06
   0.82000000E-10   0.22854980E-01   0.99402522E-03   0.27286301E+02   0.66673232E-02   0.66237436E-05   0.22273473E-06
   0.83000000E-10   0.23153824E-01   0.99395169E-03   0.27284283E+02   0.67665244E-02   0.67219065E-05   0.22281605E-06
   0.84000000E-10   0.23452646E-01   0.99387708E-03   0.27282235E+02   0.68657197E-02   0.68200400E-05   0.22289855E-06
   0.85000000E-10   0.23751445E-01   0.99380138E-03   0.27280157E+02   0.69649091E-02   0.69181436E-05   0.22298223E-06
   0.86000000E-10   0.24050221E-01   0.99372459E-03   0.27278050E+02   0.70640922E-02   0.70162170E-05   0.22306710E-06
   0.87000000E-10   0.24348974E-01   0.99364671E-03   0.27275912E+02   0.71632690E-02   0.71142597E-05   0.22315314E-06
   0.88000000E-10   0.24647704E-01   0.99356775E-03   0.27273745E+02   0.72624392E-02   0.72122713E-05   0.22324036E-06
   0.89000000E-10   0.24946409E-01   0.99348770E-03   0.27271548E+02   0.73616028E-02   0.73102513E-05   0.22332876E-06
   0.90000000E-10   0.25245091E-01   0.99340657E-03   0.27269321E+02   0.74607596E-02   0.74081994E-05   0.22341833E-06
   0.91000000E-10   0.25543747E-01   0.99332435E-03   0.27267065E+02   0.75599093E-02   0.75061150E-05   0.22350908E-06
   0.92000000E-10   0.25842379E-01   0.99324104E-03   0.27264778E+02   0.76590519E-02   0.76039978E-05   0.22360099E-06
   0.93000000E-10   0.26140986E-01   0.99315665E-03   0.27262462E+02   0.77581872E-02   0.77018473E-05   0.22369407E-06
   0.94000000E-10   0.26439567E-01   0.99307117E-03   0.27260116E+02   0.78573150E-02   0.77996632E-05   0.22378832E-06
   0.95000000E-10   0.26738122E-01   0.99298460E-03   0.27257740E+02   0.79564353E-02   0.78974449E-05   0.22388373E-06
   0.96000000E-10   0.27036651E-01   0.99289695E-03   0.27255334E+02   0.80555478E-02   0.79951921E-05   0.22398031E-06
   0.97000000E-10   0.27335154E-01   0.99280821E-03   0.27252898E+02   0.81546524E-02   0.80929043E-05   0.22407805E-06
   0.98000000E-10   0.27633630E-01   0.99271839E-03   0.27250433E+02   0.82537490E-02   0.81905811E-05   0.22417694E-06
   0.99000000E-10   0.27932078E-01   0.99262748E-03   0.27247938E+02   0.83528374E-02   0.82882220E-05   0.22427700E-06
   0.10000000E-09   0.28230499E-01   0.99253548E-03   0.27245413E+02   0.84519175E-02   0.83858267E-05   0.22437820E-06
   0.10100000E-09   0.28528893E-01   0.99244240E-03   0.27242858E+02   0.85509892E-02   0.84833947E-05   0.22448057E-06
   0.10200000E-09   0.28827258E-01   0.99234824E-03   0.27240274E+02   0.86500522E-02   0.85809256E-05   0.22458408E-06
   0.10300000E-09   0.29125594E-01   0.99225299E-03   0.27237659E+02   0.87491066E-02   0.86784190E-05   0.22468874E-06
   0.10400000E-09   0.29423902E-01   0.99215665E-03   0.27235015E+02   0.88481521E-02   0.87758744E-05   0.22479454E-06
   0.10500000E-09   0.29722181E-01   0.99205923E-03   0.27232341E+02   0.89471887E-02   0.88732914E-05   0.22490150E-06
   0.10600000E-09   0.30020430E-01   0.99196072E-03   0.27229638E+02   0.90462161E-02   0.89706696E-05   0.22500959E-06
   0.10700000E-09   0.30318650E-01   0.99186113E-03   0.27226904E+02   0.91452343E-02   0.90680085E-05   0.22511882E-06
   0.10800000E-09   0.30616839E-01   0.99176046E-03   0.27224141E+02   0.92442431E-02   0.91653078E-05   0.22522920E-06
   0.10900000E-09   0.30914998E-01   0.99165870E-03   0.27221348E+02   0.93432425E-02   0.92625670E-05   0.22534071E-06
   0.11000000E-09   0.31213126E-01   0.99155585E-03   0.27218525E+02   0.94422322E-02   0.93597856E-05   0.22545335E-06
   0.11100000E-09   0.31511223E-01   0.99145192E-03   0.27215672E+02   0.95412121E-02   0.94569633E-05   0.22556713E-06
   0.11200000E-09   0.31809289E-01   0.99134691E-03   0.27212790E+02   0.96401822E-02   0.95540997E-05   0.22568203E-06
   0.11300000E-09   0.32107323E-01   0.99124081E-03   0.27209878E+02   0.97391422E-02   0.96511942E-05   0.22579806E-06
   0.11400000E-09   0.32405325E-01   0.99113363E-03   0.27206936E+02   0.98380922E-02   0.97482465E-05   0.22591522E-06
   0.11500000E-09   0.32703295E-01   0.99102536E-03   0.27203964E+02   0.99370318E-02   0.98452562E-05   0.22603350E-06
   0.11600000E-09   0.33001232E-01   0.99091601E-03   0.27200963E+02   0.10035961E-01   0.99422228E-05   0.22615290E-06
   0.11700000E-09   0.33299135E-01   0.99080558E-03   0.27197932E+02   0.10134880E-01   0.10039146E-04   0.22627342E-06
   0.11800000E-09   0.33597006E-01   0.99069406E-03   0.27194871E+02   0.10233788E-01   0.10136025E-04   0.22639505E-06
   0.11900000E-09   0.33894843E-01   0.99058146E-03   0.27191781E+02   0.10332686E-01   0.10232860E-04   0.22651780E-06
   0.12000000E-09   0.34192645E-01   0.99046778E-03   0.27188660E+02   0.10431572E-01   0.10329650E-04   0.22664166E-06
   0.12100000E-09   0.34490414E-01   0.99035301E-03   0.27185510E+02   0.10530448E-01   0.10426395E-04   0.22676663E-06
   0.12200000E-09   0.34788148E-01   0.99023716E-03   0.27182330E+02   0.10629312E-01   0.10523094E-04   0.22689270E-06
   0.12300000E-09   0.35085846E-01   0.99012023E-03   0.27179121E+02   0.10728166E-01   0.10619747E-04   0.22701988E-06
   0.12400000E-09   0.35383510E-01   0.99000221E-03   0.27175882E+02   0.10827007E-01   0.10716354E-04   0.22714816E-06
   0.12500000E-09   0.35681138E-01   0.98988311E-03   0.27172613E+02   0.10925838E-01   0.10812914E-04   0.22727754E-06
   0.12600000E-09   0.35978729E-01   0.98976293E-03   0.27169314E+02   0.11024657E-01   0.10909427E-04   0.22740802E-06
   0.12700000E-09   0.36276285E-01   0.98964167E-03   0.27165985E+02   0.11123464E-01   0.11005892E-04   0.22753959E-06
   0.12800000E-09   0.36573804E-01   0.98951932E-03   0.27162627E+02   0.11222259E-01   0.11102308E-04   0.22767225E-06
   0.12900000E-09   0.36871286E-01   0.98939589E-03   0.27159240E+02   0.11321043E-01   0.11198677E-04   0.22780600E-06
   0.13000000E-09   0.37168731E-01   0.98927138E-03   0.27155822E+02   0.11419814E-01   0.11294996E-04   0.22794084E-06
   0.13100000E-09   0.37466138E-01   0.98914579E-03   0.27152375E+02   0.11518574E-01   0.11391265E-04   0.22807677E-06
   0.13200000E-09   0.37763507E-01   0.98901912E-03   0.27148898E+02   0.11617320E-01   0.11487485E-04   0.22821377E-06
   0.13300000E-09   0.38060838E-01   0.98889136E-03   0.27145391E+02   0.11716055E-01   0.11583655E-04   0.22835186E-06
   0.13400000E-09   0.38358130E-01   0.98876252E-03   0.27141855E+02   0.11814777E-01   0.11679774E-04   0.22849102E-06
   0.13500000E-09   0.38655384E-01   0.98863260E-03   0.27138289E+02   0.11913486E-01   0.11775842E-04   0.22863125E-06
   0.13600000E-09   0.38952598E-01   0.98850160E-03   0.27134693E+02   0.12012183E-01   0.11871858E-04   0.22877256E-06
   0.13700000E-09   0.39249773E-01   0.98836952E-03   0.27131068E+02   0.12110867E-01   0.11967823E-04   0.22891493E-06
   0.13800000E-09   0.39546908E-01   0.98823636E-03   0.27127413E+02   0.12209538E-01   0.12063735E-04   0.22905838E-06
   0.13900000E-09   0.39844002E-01   0.98810212E-03   0.27123728E+02   0.12308196E-01   0.12159594E-04   0.22920288E-06
   0.14000000E-09   0.40141056E-01   0.98796680E-03   0.27120014E+02   0.12406840E-01   0.12255400E-04   0.22934845E-06
   0.14100000E-09   0.40438070E-01   0.98783039E-03   0.27116270E+02   0.12505471E-01   0.12351153E-04   0.22949507E-06
   0.14200000E-09   0.40735042E-01   0.98769291E-03   0.27112496E+02   0.12604089E-01   0.12446851E-04   0.22964275E-06
   0.14300000E-09   0.41031973E-01   0.98755434E-03   0.27108693E+02   0.12702693E-01   0.12542495E-04   0.22979149E-06
   0.14400000E-09   0.41328861E-01   0.98741470E-03   0.27104860E+02   0.12801284E-01   0.12638084E-04   0.22994127E-06
   0.14500000E-09   0.41625708E-01   0.98727398E-03   0.27100997E+02   0.12899861E-01   0.12733618E-04   0.23009210E-06
   0.14600000E-09   0.41922512E-01   0.98713217E-03   0.27097105E+02   0.12998424E-01   0.12829096E-04   0.23024398E-06
   0.14700000E-09   0.42219274E-01   0.98698929E-03   0.27093183E+02   0.13096973E-01   0.12924518E-04   0.23039690E-06
   0.14800000E-09   0.42515992E-01   0.98684532E-03   0.27089232E+02   0.13195508E-01   0.13019884E-04   0.23055086E-06
   0.14900000E-09   0.42812667E-01   0.98670028E-03   0.27085251E+02   0.13294028E-01   0.13115192E-04   0.23070585E-06
   0.15000000E-09   0.43109298E-01   0.98655416E-03   0.27081240E+02   0.13392535E-01   0.13210444E-04   0.23086188E-06
   0.15100000E-09   0.43405885E-01   0.98640696E-03   0.27077200E+02   0.13491026E-01   0.13305637E-04   0.23101894E-06
   0.15200000E-09   0.43702428E-01   0.98625868E-03   0.27073130E+02   0.13589504E-01   0.13400772E-04   0.23117703E-06
   0.15300000E-09   0.43998925E-01   0.98610932E-03   0.27069030E+02   0.13687966E-01   0.13495849E-04   0.23133614E-06
   0.15400000E-09   0.44295378E-01   0.98595889E-03   0.27064901E+02   0.13786414E-01   0.13590866E-04   0.23149628E-06
   0.15500000E-09   0.44591786E-01   0.98580737E-03   0.27060742E+02   0.13884847E-01   0.13685824E-04   0.23165743E-06
   0.15600000E-09   0.44888147E-01   0.98565478E-03   0.27056554E+02   0.13983265E-01   0.13780722E-04   0.23181961E-06
   0.15700000E-09   0.45184463E-01   0.98550111E-03   0.27052336E+02   0.14081668E-01   0.13875560E-04   0.23198279E-06
   0.15800000E-09   0.45480732E-01   0.98534636E-03   0.27048088E+02   0.14180055E-01   0.13970337E-04   0.23214699E-06
   0.15900000E-09   0.45776955E-01   0.98519054E-03   0.27043811E+02   0.14278428E-01   0.14065053E-04   0.23231220E-06
   0.16000000E-09   0.46073131E-01   0.98503363E-03   0.27039504E+02   0.14376785E-01   0.14159708E-04   0.23247841E-06
   0.16100000E-09   0.46369259E-01   0.98487565E-03   0.27035168E+02   0.14475126E-01   0.14254301E-04   0.23264563E-06
   0.16200000E-09   0.46665339E-01   0.98471660E-03   0.27030802E+02   0.14573451E-01   0.14348831E-04   0.23281384E-06
   0.16300000E-09   0.46961372E-01   0.98455646E-03   0.27026407E+02   0.14671761E-01   0.14443298E-04   0.23298305E-06
   0.16400000E-09   0.47257356E-01   0.98439525E-03   0.27021982E+02   0.14770055E-01   0.14537703E-04   0.23315326E-06
   0.16500000E-09   0.47553292E-01   0.98423296E-03   0.27017527E+02   0.14868333E-01   0.14632043E-04   0.23332446E-06
   0.16600000E-09   0.47849179E-01   0.98406960E-03   0.27013043E+02   0.14966595E-01   0.14726320E-04   0.23349664E-06
   0.16700000E-09   0.48145016E-01   0.98390516E-03   0.27008530E+02   0.15064840E-01   0.14820532E-04   0.23366981E-06
   0.16800000E-09   0.48440804E-01   0.98373964E-03   0.27003986E+02   0.15163070E-01   0.14914679E-04   0.23384396E-06
   0.16900000E-09   0.48736542E-01   0.98357305E-03   0.26999414E+02   0.15261282E-01   0.15008762E-04   0.23401910E-06
   0.17000000E-09   0.49032230E-01   0.98340538E-03   0.26994812E+02   0.15359479E-01   0.15102778E-04   0.23419520E-06
   0.17100000E-09   0.49327867E-01   0.98323664E-03   0.26990180E+02   0.15457658E-01   0.15196729E-04   0.23437229E-06
   0.17200000E-09   0.49623453E-01   0.98306682E-03   0.26985519E+02   0.15555821E-01   0.15290612E-04   0.23455034E-06
   0.17300000E-09   0.49918988E-01   0.98289592E-03   0.26980828E+02   0.15653967E-01   0.15384430E-04   0.23472936E-06
   0.17400000E-09   0.50214472E-01   0.98272395E-03   0.26976107E+02   0.15752096E-01   0.15478179E-04   0.23490934E-06
   0.17500000E-09   0.50509904E-01   0.98255091E-03   0.26971358E+02   0.15850208E-01   0.15571861E-04   0.23509028E-06
   0.17600000E-09   0.50805283E-01   0.98237679E-03   0.26966578E+02   0.15948302E-01   0.15665475E-04   0.23527219E-06
   0.17700000E-09   0.51100610E-01   0.98220160E-03   0.26961770E+02   0.16046379E-01   0.15759021E-04   0.23545505E-06
   0.17800000E-09   0.51395884E-01   0.98202533E-03   0.26956931E+02   0.16144439E-01   0.15852497E-04   0.23563886E-06
   0.17900000E-09   0.51691105E-01   0.98184799E-03   0.26952064E+02   0.16242481E-01   0.15945904E-04   0.23582362E-06
   0.18000000E-09   0.51986273E-01   0.98166957E-03   0.26947166E+02   0.16340506E-01   0.16039241E-04   0.23600932E-06
   0.18100000E-09   0.52281386E-01   0.98149009E-03   0.26942240E+02   0.16438513E-01   0.16132509E-04   0.23619597E-06
   0.18200000E-09   0.52576446E-01   0.98130952E-03   0.26937284E+02   0.16536502E-01   0.16225705E-04   0.23638356E-06
   0.18300000E-09   0.52871451E-01   0.98112789E-03   0.26932298E+02   0.16634473E-01   0.16318831E-04   0.23657209E-06
   0.18400000E-09   0.53166402E-01   0.98094518E-03   0.26927283E+02   0.16732426E-01   0.16411885E-04   0.23676155E-06
   0.18500000E-09   0.53461297E-01   0.98076140E-03   0.26922238E+02   0.16830361E-01   0.16504867E-04   0.23695194E-06
   0.18600000E-09   0.53756137E-01   0.98057655E-03   0.26917165E+02   0.16928277E-01   0.16597778E-04   0.23714326E-06
   0.18700000E-09   0.54050921E-01   0.98039062E-03   0.26912061E+02   0.17026175E-01   0.16690615E-04   0.23733550E-06
   0.18800000E-09   0.54345649E-01   0.98020362E-03   0.26906928E+02   0.17124055E-01   0.16783380E-04   0.23752867E-06
   0.18900000E-09   0.54640321E-01   0.98001555E-03   0.26901766E+02   0.17221916E-01   0.16876071E-04   0.23772276E-06
   0.19000000E-09   0.54934936E-01   0.97982641E-03   0.26896574E+02   0.17319758E-01   0.16968688E-04   0.23791776E-06
   0.19100000E-09   0.55229494E-01   0.97963620E-03   0.26891353E+02   0.17417581E-01   0.17061231E-04   0.23811367E-06
   0.19200000E-09   0.55523994E-01   0.97944491E-03   0.26886103E+02   0.17515385E-01   0.17153700E-04   0.23831049E-06
   0.19300000E-09   0.55818437E-01   0.97925256E-03   0.26880823E+02   0.17613171E-01   0.17246093E-04   0.23850822E-06
   0.19400000E-09   0.56112822E-01   0.97905913E-03   0.26875514E+02   0.17710937E-01   0.17338411E-04   0.23870685E-06
   0.19500000E-09   0.56407149E-01   0.97886463E-03   0.26870175E+02   0.17808684E-01   0.17430653E-04   0.23890638E-06
   0.19600000E-09   0.56701417E-01   0.97866906E-03   0.26864807E+02   0.17906411E-01   0.17522819E-04   0.23910681E-06
   0.19700000E-09   0.56995626E-01   0.97847243E-03   0.26859409E+02   0.18004119E-01   0.17614908E-04   0.23930813E-06
   0.19800000E-09   0.57289776E-01   0.97827472E-03   0.26853983E+02   0.18101807E-01   0.17706921E-04   0.23951034E-06
   0.19900000E-09   0.57583866E-01   0.97807594E-03   0.26848526E+02   0.18199476E-01   0.17798855E-04   0.23971344E-06
   0.20000000E-09   0.57877896E-01   0.97787609E-03   0.26843041E+02   0.18297125E-01   0.17890712E-04   0.23991742E-06
   0.20100000E-09   0.58171866E-01   0.97767517E-03   0.26837526E+02   0.18394753E-01   0.17982491E-04   0.24012228E-06
   0.20200000E-09   0.58465776E-01   0.97747319E-03   0.26831982E+02   0.18492362E-01   0.18074191E-04   0.24032803E-06
   0.20300000E-09   0.58759624E-01   0.97727013E-03   0.26826408E+02   0.18589951E-01   0.18165811E-04   0.24053464E-06
   0.20400000E-09   0.59053412E-01   0.97706601E-03   0.26820805E+02   0.18687519E-01   0.18257353E-04   0.24074213E-06
   0.20500000E-09   0.59347138E-01   0.97686081E-03   0.26815173E+02   0.18785067E-01   0.18348814E-04   0.24095049E-06
   0.20600000E-09   0.59640802E-01   0.97665455E-03   0.26809511E+02   0.18882595E-01   0.18440195E-04   0.24115971E-06
   0.20700000E-09   0.59934404E-01   0.97644722E-03   0.26803820E+02   0.18980102E-01   0.18531496E-04   0.24136980E-06
   0.20800000E-09   0.60227943E-01   0.97623882E-03   0.26798100E+02   0.19077588E-01   0.18622715E-04   0.24158074E-06
   0.20900000E-09   0.60521419E-01   0.97602936E-03   0.26792350E+02   0.19175054E-01   0.18713853E-04   0.24179254E-06
   0.21000000E-09   0.60814833E-01   0.97581882E-03   0.26786572E+02   0.19272498E-01   0.18804909E-04   0.24200519E-06
   0.21100000E-09   0.61108183E-01   0.97560722E-03   0.26780763E+02   0.19369922E-01   0.18895883E-04   0.24221869E-06
   0.21200000E-09   0.61401469E-01   0.97539456E-03   0.26774926E+02   0.19467324E-01   0.18986775E-04   0.24243304E-06
   0.21300000E-09   0.61694691E-01   0.97518082E-03   0.26769059E+02   0.19564706E-01   0.19077583E-04   0.24264823E-06
   0.21400000E-09   0.61987849E-01   0.97496602E-03   0.26763163E+02   0.19662066E-01   0.19168307E-04   0.24286426E-06
   0.21500000E-09   0.62280942E-01   0.97475016E-03   0.26757238E+02   0.19759404E-01   0.19258948E-04   0.24308113E-06
   0.21600000E-09   0.62573970E-01   0.97453323E-03   0.26751284E+02   0.19856721E-01   0.19349505E-04   0.24329883E-06
   0.21700000E-09   0.62866932E-01   0.97431523E-03   0.26745300E+02   0.19954016E-01   0.19439977E-04   0.24351736E-06
   0.21800000E-09   0.63159829E-01   0.97409616E-03   0.26739287E+02   0.20051290E-01   0.19530364E-04   0.24373672E-06
   0.21900000E-09   0.63452660E-01   0.97387603E-03   0.26733244E+02   0.20148541E-01   0.19620665E-04   0.24395690E-06
   0.22000000E-09   0.63745424E-01   0.97365484E-03   0.26727173E+02   0.20245771E-01   0.19710881E-04   0.24417790E-06
   0.22100000E-09   0.64038122E-01   0.97343258E-03   0.26721072E+02   0.20342979E-01   0.19801010E-04   0.24439972E-06
   0.22200000E-09   0.64330753E-01   0.97320926E-03   0.26714942E+02   0.20440164E-01   0.19891053E-04   0.24462236E-06
   0.22300000E-09   0.64623316E-01   0.97298487E-03   0.26708783E+02   0.20537327E-01   0.19981008E-04   0.24484580E-06
   0.22400000E-09   0.64915812E-01   0.97275942E-03   0.26702595E+02   0.20634468E-01   0.20070877E-04   0.24507005E-06
   0.22500000E-09   0.65208240E-01   0.97253290E-03   0.26696377E+02   0.20731586E-01   0.20160657E-04   0.24529511E-06
   0.22600000E-09   0.65500600E-01   0.97230532E-03   0.26690130E+02   0.20828682E-01   0.20250350E-04   0.24552097E-06
   0.22700000E-09   0.65792891E-01   0.97207668E-03   0.26683854E+02   0.20925754E-01   0.20339953E-04   0.24574763E-06
   0.22800000E-09   0.66085113E-01   0.97184697E-03   0.26677549E+02   0.21022804E-01   0.20429468E-04   0.24597508E-06
   0.22900000E-09   0.66377266E-01   0.97161620E-03   0.26671215E+02   0.21119831E-01   0.20518893E-04   0.24620333E-06
   0.23000000E-09   0.66669349E-01   0.97138437E-03   0.26664851E+02   0.21216835E-01   0.20608229E-04   0.24643236E-06
   0.23100000E-09   0.66961363E-01   0.97115148E-03   0.26658459E+02   0.21313816E-01   0.20697474E-04   0.24666218E-06
   0.23200000E-09   0.67253307E-01   0.97091752E-03   0.26652037E+02   0.21410774E-01   0.20786629E-04   0.24689278E-06
   0.23300000E-09   0.67545179E-01   0.97068250E-03   0.26645586E+02   0.21507708E-01   0.20875693E-04   0.24712417E-06
   0.23400000E-09   0.67836982E-01   0.97044642E-03   0.26639106E+02   0.21604619E-01   0.20964666E-04   0.24735632E-06
   0.23500000E-09   0.68128713E-01   0.97020928E-03   0.26632596E+02   0.21701506E-01   0.21053547E-04   0.24758925E-06
   0.23600000E-09   0.68420372E-01   0.96997108E-03   0.26626058E+02   0.21798370E-01   0.21142336E-04   0.24782295E-06
   0.23700000E-09   0.68711960E-01   0.96973182E-03   0.26619491E+02   0.21895209E-01   0.21231032E-04   0.24805742E-06
   0.23800000E-09   0.69003476E-01   0.96949150E-03   0.26612894E+02   0.21992025E-01   0.21319636E-04   0.24829265E-06
   0.23900000E-09   0.69294919E-01   0.96925011E-03   0.26606268E+02   0.22088817E-01   0.21408146E-04   0.24852863E-06
   0.24000000E-09   0.69586289E-01   0.96900767E-03   0.26599613E+02   0.22185585E-01   0.21496562E-04   0.24876538E-06
   0.24100000E-09   0.69877587E-01   0.96876417E-03   0.26592929E+02   0.22282328E-01   0.21584885E-04   0.24900288E-06
   0.24200000E-09   0.70168811E-01   0.96851960E-03   0.26586217E+02   0.22379047E-01   0.21673113E-04   0.24924113E-06
   0.24300000E-09   0.70459961E-01   0.96827398E-03   0.26579474E+02   0.22475742E-01   0.21761246E-04   0.24948012E-06
   0.24400000E-09   0.70751038E-01   0.96802730E-03   0.26572703E+02   0.22572412E-01   0.21849284E-04   0.24971986E-06
   0.24500000E-09   0.71042040E-01   0.96777956E-03   0.26565903E+02   0.22669058E-01   0.21937227E-04   0.24996034E-06
   0.24600000E-09   0.71332967E-01   0.96753076E-03   0.26559074E+02   0.22765678E-01   0.22025073E-04   0.25020156E-06
   0.24700000E-09   0.71623820E-01   0.96728091E-03   0.26552216E+02   0.22862274E-01   0.22112823E-04   0.25044352E-06
   0.24800000E-09   0.71914597E-01   0.96702999E-03   0.26545328E+02   0.22958845E-01   0.22200477E-04   0.25068620E-06
   0.24900000E-09   0.72205299E-01   0.96677802E-03   0.26538412E+02   0.23055391E-01   0.22288033E-04   0.25092961E-06
   0.25000000E-09   0.72495925E-01   0.96652499E-03   0.26531467E+02   0.23151912E-01   0.22375492E-04   0.25117375E-06
   0.25100000E-09   0.72786474E-01   0.96627091E-03   0.26524492E+02   0.23248407E-01   0.22462853E-04   0.25141861E-06
   0.25200000E-09   0.73076947E-01   0.96601576E-03   0.26517489E+02   0.23344877E-01   0.22550115E-04   0.25166419E-06
   0.25300000E-09   0.73367343E-01   0.96575957E-03   0.26510456E+02   0.23441322E-01   0.22637279E-04   0.25191048E-06
   0.25400000E-09   0.73657662E-01   0.96550231E-03   0.26503395E+02   0.23537741E-01   0.22724344E-04   0.25215748E-06
   0.25500000E-09   0.73947903E-01   0.96524400E-03   0.26496305E+02   0.23634134E-01   0.22811310E-04   0.25240520E-06
   0.25600000E-09   0.74238067E-01   0.96498463E-03   0.26489185E+02   0.23730502E-01   0.22898175E-04   0.25265362E-06
   0.25700000E-09   0.74528153E-01   0.96472421E-03   0.26482037E+02   0.23826843E-01   0.22984941E-04   0.25290274E-06
   0.25800000E-09   0.74818160E-01   0.96446273E-03   0.26474860E+02   0.23923159E-01   0.23071606E-04   0.25315256E-06
   0.25900000E-09   0.75108088E-01   0.96420020E-03   0.26467653E+02   0.24019448E-01   0.23158170E-04   0.25340308E-06
   0.26000000E-09   0.75397937E-01   0.96393661E-03   0.26460418E+02   0.24115711E-01   0.23244633E-04   0.25365429E-06
   0.26100000E-09   0.75687707E-01   0.96367197E-03   0.26453154E+02   0.24211948E-01   0.23330994E-04   0.25390619E-06
   0.26200000E-09   0.75977397E-01   0.96340628E-03   0.26445861E+02   0.24308158E-01   0.23417253E-04   0.25415878E-06
   0.26300000E-09   0.76267007E-01   0.96313953E-03   0.26438539E+02   0.24404342E-01   0.23503410E-04   0.25441205E-06
   0.26400000E-09   0.76556536E-01   0.96287173E-03   0.26431188E+02   0.24500499E-01   0.23589463E-04   0.25466600E-06
   0.26500000E-09   0.76845985E-01   0.96260287E-03   0.26423808E+02   0.24596629E-01   0.23675414E-04   0.25492063E-06
   0.26600000E-09   0.77135353E-01   0.96233297E-03   0.26416400E+02   0.24692733E-01   0.23761261E-04   0.25517593E-06
   0.26700000E-09   0.77424640E-01   0.96206201E-03   0.26408962E+02   0.24788810E-01   0.23847004E-04   0.25543190E-06
   0.26800000E-09   0.77713845E-01   0.96178999E-03   0.26401495E+02   0.24884859E-01   0.23932643E-04   0.25568855E-06
   0.26900000E-09   0.78002968E-01   0.96151693E-03   0.26394000E+02   0.24980881E-01   0.24018177E-04   0.25594585E-06
   0.27000000E-09   0.78292009E-01   0.96124281E-03   0.26386476E+02   0.25076876E-01   0.24103606E-04   0.25620382E-06
   0.27100000E-09   0.78580968E-01   0.96096765E-03   0.26378923E+02   0.25172844E-01   0.24188929E-04   0.25646245E-06
   0.27200000E-09   0.78869843E-01   0.96069143E-03   0.26371341E+02   0.25268784E-01   0.24274147E-04   0.25672173E-06
   0.27300000E-09   0.79158635E-01   0.96041416E-03   0.26363730E+02   0.25364696E-01   0.24359258E-04   0.25698167E-06
   0.27400000E-09   0.79447344E-01   0.96013584E-03   0.26356091E+02   0.25460581E-01   0.24444263E-04   0.25724225E-06
   0.27500000E-09   0.79735969E-01   0.95985647E-03   0.26348422E+02   0.25556438E-01   0.24529161E-04   0.25750348E-06
   0.27600000E-09   0.80024510E-01   0.95957606E-03   0.26340725E+02   0.25652267E-01   0.24613952E-04   0.25776535E-06
   0.27700000E-09   0.80312966E-01   0.95929459E-03   0.26332999E+02   0.25748068E-01   0.24698635E-04   0.25802787E-06
   0.27800000E-09   0.80601337E-01   0.95901207E-03   0.26325244E+02   0.25843841E-01   0.24783210E-04   0.25829102E-06
   0.27900000E-09   0.80889624E-01   0.95872850E-03   0.26317460E+02   0.25939586E-01   0.24867676E-04   0.25855480E-06
   0.28000000E-09   0.81177825E-01   0.95844389E-03   0.26309648E+02   0.26035302E-01   0.24952034E-04   0.25881921E-06
   0.28100000E-09   0.81465940E-01   0.95815823E-03   0.26301807E+02   0.26130990E-01   0.25036283E-04   0.25908426E-06
   0.28200000E-09   0.81753969E-01   0.95787152E-03   0.26293937E+02   0.26226649E-01   0.25120422E-04   0.25934992E-06
   0.28300000E-09   0.82041912E-01   0.95758376E-03   0.26286038E+02   0.26322280E-01   0.25204451E-04   0.25961621E-06
   0.28400000E-09   0.82329768E-01   0.95729495E-03   0.26278111E+02   0.26417882E-01   0.25288370E-04   0.25988311E-06
   0.28500000E-09   0.82617538E-01   0.95700510E-03   0.26270154E+02   0.26513455E-01   0.25372178E-04   0.26015064E-06
   0.28600000E-09   0.82905220E-01   0.95671420E-03   0.26262170E+02   0.26608999E-01   0.25455875E-04   0.26041877E-06
   0.28700000E-09   0.83192814E-01   0.95642226E-03   0.26254156E+02   0.26704514E-01   0.25539461E-04   0.26068751E-06
   0.28800000E-09   0.83480320E-01   0.95612927E-03   0.26246113E+02   0.26800000E-01   0.25622935E-04   0.26095686E-06
   0.28900000E-09   0.83767739E-01   0.95583523E-03   0.26238042E+02   0.26895456E-01   0.25706297E-04   0.26122681E-06
   0.29000000E-09   0.84055068E-01   0.95554015E-03   0.26229943E+02   0.26990883E-01   0.25789547E-04   0.26149736E-06
   0.29100000E-09   0.84342309E-01   0.95524402E-03   0.26221814E+02   0.27086281E-01   0.25872684E-04   0.26176851E-06
   0.29200000E-09   0.84629460E-01   0.95494685E-03   0.26213657E+02   0.27181649E-01   0.25955707E-04   0.26204025E-06
   0.29300000E-09   0.84916522E-01   0.95464863E-03   0.26205471E+02   0.27276987E-01   0.26038617E-04   0.26231258E-06
   0.29400000E-09   0.85203495E-01   0.95434937E-03   0.26197257E+02   0.27372296E-01   0.26121414E-04   0.26258550E-06
   0.29500000E-09   0.85490377E-01   0.95404907E-03   0.26189014E+02   0.27467574E-01   0.26204095E-04   0.26285900E-06
   0.29600000E-09   0.85777169E-01   0.95374772E-03   0.26180742E+02   0.27562823E-01   0.26286663E-04   0.26313309E-06
   0.29700000E-09   0.86063869E-01   0.95344533E-03   0.26172442E+02   0.27658042E-01   0.26369115E-04   0.26340775E-06
   0.29800000E-09   0.86350479E-01   0.95314190E-03   0.26164113E+02   0.27753230E-01   0.26451452E-04   0.26368299E-06
   0.29900000E-09   0.86636998E-01   0.95283742E-03   0.26155755E+02   0.27848388E-01   0.26533673E-04   0.26395881E-06
   0.30000000E-09   0.86923425E-01   0.95253190E-03   0.26147369E+02   0.27943515E-01   0.26615778E-04   0.26423519E-06
   0.30100000E-09   0.87209759E-01   0.95222534E-03   0.26138954E+02   0.28038612E-01   0.26697767E-04   0.26451214E-06
   0.30200000E-09   0.87496002E-01   0.95191774E-03   0.26130511E+02   0.28133678E-01   0.26779639E-04   0.26478965E-06
   0.30300000E-09   0.87782152E-01   0.95160910E-03   0.26122039E+02   0.28228714E-01   0.26861393E-04   0.26506772E-06
   0.30400000E-09   0.88068208E-01   0.95129942E-03   0.26113538E+02   0.28323719E-01   0.26943031E-04   0.26534635E-06
   0.30500000E-09   0.88354172E-01   0.95098869E-03   0.26105009E+02   0.28418692E-01   0.27024550E-04   0.26562554E-06
   0.30600000E-09   0.88640042E-01   0.95067693E-03   0.26096451E+02   0.28513635E-01   0.27105951E-04   0.26590528E-06
   0.30700000E-09   0.88925818E-01   0.95036413E-03   0.26087865E+02   0.28608547E-01   0.27187234E-04   0.26618556E-06
   0.30800000E-09   0.89211500E-01   0.95005029E-03   0.26079250E+02   0.28703427E-01   0.27268397E-04   0.26646640E-06
   0.30900000E-09   0.89497088E-01   0.94973540E-03   0.26070607E+02   0.28798276E-01   0.27349441E-04   0.26674777E-06
   0.31000000E-09   0.89782580E-01   0.94941949E-03   0.26061935E+02   0.28893093E-01   0.27430366E-04   0.26702969E-06
   0.31100000E-09   0.90067978E-01   0.94910253E-03   0.26053235E+02   0.28987879E-01   0.27511171E-04   0.26731214E-06
   0.31200000E-09   0.90353280E-01   0.94878453E-03   0.26044506E+02   0.29082633E-01   0.27591855E-04   0.26759512E-06
   0.31300000E-09   0.90638486E-01   0.94846550E-03   0.26035749E+02   0.29177356E-01   0.27672419E-04   0.26787864E-06
   0.31400000E-09   0.90923596E-01   0.94814543E-03   0.26026963E+02   0.29272046E-01   0.27752861E-04   0.26816269E-06
   0.31500000E-09   0.91208610E-01   0.94782432E-03   0.26018149E+02   0.29366705E-01   0.27833182E-04   0.26844726E-06
   0.31600000E-09   0.91493527E-01   0.94750217E-03   0.26009307E+02   0.29461331E-01   0.27913382E-04   0.26873235E-06
   0.31700000E-09   0.91778347E-01   0.94717899E-03   0.26000436E+02   0.29555925E-01   0.27993459E-04   0.26901796E-06
   0.31800000E-09   0.92063070E-01   0.94685478E-03   0.25991536E+02   0.29650487E-01   0.28073414E-04   0.26930409E-06
   0.31900000E-09   0.92347695E-01   0.94652952E-03   0.25982608E+02   0.29745017E-01   0.28153246E-04   0.26959073E-06
   0.32000000E-09   0.92632223E-01   0.94620324E-03   0.25973652E+02   0.29839514E-01   0.28232954E-04   0.26987788E-06
   0.32100000E-09   0.92916652E-01   0.94587591E-03   0.25964667E+02   0.29933978E-01   0.28312540E-04   0.27016555E-06
   0.32200000E-09   0.93200982E-01   0.94554756E-03   0.25955654E+02   0.30028410E-01   0.28392001E-04   0.27045371E-06
   0.32300000E-09   0.93485214E-01   0.94521817E-03   0.25946612E+02   0.30122808E-01   0.28471338E-04   0.27074238E-06
   0.32400000E-09   0.93769346E-01   0.94488774E-03   0.25937542E+02   0.30217174E-01   0.28550551E-04   0.27103155E-06
   0.32500000E-09   0.94053379E-01   0.94455628E-03   0.25928444E+02   0.30311507E-01   0.28629639E-04   0.27132121E-06
   0.32600000E-09   0.94337312E-01   0.94422379E-03   0.25919317E+02   0.30405807E-01   0.28708601E-04   0.27161137E-06
   0.32700000E-09   0.94621145E-01   0.94389027E-03   0.25910162E+02   0.30500073E-01   0.28787438E-04   0.27190202E-06
   0.32800000E-09   0.94904878E-01   0.94355571E-03   0.25900979E+02   0.30594306E-01   0.28866149E-04   0.27219315E-06
   0.32900000E-09   0.95188509E-01   0.94322013E-03   0.25891768E+02   0.30688506E-01   0.28944734E-04   0.27248477E-06
   0.33000000E-09   0.95472040E-01   0.94288351E-03   0.25882528E+02   0.30782672E-01   0.29023192E-04   0.27277687E-06
   0.33100000E-09   0.95755469E-01   0.94254586E-03   0.25873259E+02   0.30876805E-01   0.29101523E-04   0.27306946E-06
   0.33200000E-09   0.96038797E-01   0.94220717E-03   0.25863963E+02   0.30970903E-01   0.29179727E-04   0.27336251E-06
   0.33300000E-09   0.96322023E-01   0.94186746E-03   0.25854638E+02   0.31064962E-01   0.29257797E-04   0.27364812E-06
   0.33400000E-09   0.96605146E-01   0.94152672E-03   0.25845285E+02   0.31159077E-01   0.29335824E-04   0.27403275E-06
   0.33500000E-09   0.96888167E-01   0.94118494E-03   0.25835903E+02   0.31253836E-01   0.29414353E-04   0.27512772E-06
   0.33600000E-09   0.97171085E-01   0.94084212E-03   0.25826492E+02   0.31351155E-01   0.29495169E-04   0.27891140E-06
   0.33700000E-09   0.97453900E-01   0.94049818E-03   0.25817048E+02   0.31455829E-01   0.29582702E-04   0.29261374E-06
   0.33800000E-09   0.97736611E-01   0.94015300E-03   0.25807565E+02   0.31580389E-01   0.29688382E-04   0.34598350E-06
   0.33900000E-09   0.98019218E-01   0.93980621E-03   0.25798026E+02   0.31752178E-01   0.29836182E-04   0.53032498E-06
   0.34000000E-09   0.98301720E-01   0.93945711E-03   0.25788402E+02   0.32017313E-01   0.30062686E-04   0.98726287E-06
   0.34100000E-09   0.98584116E-01   0.93910470E-03   0.25778657E+02   0.32410577E-01   0.30382736E-04   0.18154244E-05
   0.34200000E-09   0.98866404E-01   0.93874834E-03   0.25768791E+02   0.32881071E-01   0.30714691E-04   0.30630994E-05
   0.34300000E-09   0.99148584E-01   0.93838923E-03   0.25758873E+02   0.33242158E-01   0.30832641E-04   0.47348790E-05
   0.34400000E-09   0.99430656E-01   0.93803177E-03   0.25749066E+02   0.33233066E-01   0.30408267E-04   0.68654983E-05
   0.34500000E-09   0.99712623E-01   0.93768431E-03   0.25739631E+02   0.32582430E-01   0.29097570E-04   0.93144056E-05
   0.34600000E-09   0.99994490E-01   0.93735857E-03   0.25730873E+02   0.31092034E-01   0.26667491E-04   0.11757552E-04
   0.34700000E-09   0.10027627E+00   0.93706740E-03   0.25723041E+02   0.28880398E-01   0.23164050E-04   0.13993792E-04
   0.34800000E-09   0.10055796E+00   0.93682195E-03   0.25716411E+02   0.25990788E-01   0.18831004E-04   0.15435494E-04
   0.34900000E-09   0.10083960E+00   0.93662962E-03   0.25711189E+02   0.22504707E-01   0.14068373E-04   0.15696725E-04
   0.35000000E-09   0.10112118E+00   0.93649242E-03   0.25707358E+02   0.18838013E-01   0.93947659E-05   0.14932061E-04
   0.35100000E-09   0.10140273E+00   0.93640633E-03   0.25704798E+02   0.15330935E-01   0.53266358E-05   0.13331213E-04
   0.35200000E-09   0.10168425E+00   0.93636191E-03   0.25703379E+02   0.11999185E-01   0.22704411E-05   0.11003788E-04
   0.35300000E-09   0.10196577E+00   0.93634642E-03   0.25702864E+02   0.88296407E-02   0.37704907E-06   0.82590003E-05
   0.35400000E-09   0.10224728E+00   0.93634730E-03   0.25702888E+02   0.61101128E-02  -0.52660705E-06   0.56969003E-05
   0.35500000E-09   0.10252879E+00   0.93635477E-03   0.25703139E+02   0.41196402E-02  -0.75185178E-06   0.37834639E-05
   0.35600000E-09   0.10281031E+00   0.93636271E-03   0.25703434E+02   0.26106821E-02  -0.60573838E-06   0.23683080E-05
   0.35700000E-09   0.10309183E+00   0.93636837E-03   0.25703669E+02   0.14672375E-02  -0.36110446E-06   0.13255699E-05
   0.35800000E-09   0.10337335E+00   0.93637150E-03   0.25703811E+02   0.73300792E-03  -0.17407549E-06   0.66392649E-06
   0.35900000E-09   0.10365488E+00   0.93637294E-03   0.25703881E+02   0.36777346E-03  -0.73318137E-07   0.33647778E-06
   0.36000000E-09   0.10393640E+00   0.93637354E-03   0.25703910E+02   0.24389555E-03  -0.28767636E-07   0.22655823E-06
   0.36100000E-09   0.10421792E+00   0.93637377E-03   0.25703922E+02   0.21752781E-03  -0.10854324E-07   0.20339792E-06
   0.36200000E-09   0.10449945E+00   0.93637386E-03   0.25703927E+02   0.21329462E-03  -0.39269161E-08   0.19968490E-06
