   0.0000000000E+00   0.3500496462E-01   0.9964769731E-03   0.2735361290E+02   0.1002098430E-03  -0.4601499815E-10   0.9985679039E-07
   0.3660000000E-09   0.1444984431E+00   0.1052068471E-02   0.2735359091E+02   0.1031996143E-03   0.4357105253E-09   0.1085721861E-06
   0.3710000000E-09   0.1459964035E+00   0.1052068460E-02   0.2735359091E+02   0.1031996143E-03   0.4356740070E-09   0.1085721851E-06
   0.3760000000E-09   0.1474943639E+00   0.1052068448E-02   0.2735359091E+02   0.1031996143E-03   0.4356374887E-09   0.1085721840E-06
   0.3810000000E-09   0.1489923243E+00   0.1052068436E-02   0.2735359091E+02   0.1031996143E-03   0.4356009705E-09   0.1085721830E-06
   0.3860000000E-09   0.1504902847E+00   0.1052068425E-02   0.2735359091E+02   0.1031996143E-03   0.4355644522E-09   0.1085721819E-06
   0.3910000000E-09   0.1519882451E+00   0.1052068413E-02   0.2735359091E+02   0.1031996143E-03   0.4355279339E-09   0.1085721809E-06
   0.3960000000E-09   0.1534862055E+00   0.1052068402E-02   0.2735359091E+02   0.1031996143E-03   0.4354914156E-09   0.1085721799E-06
   0.4010000000E-09   0.1549841660E+00   0.1052068390E-02   0.2735359091E+02   0.1031996143E-03   0.4354548973E-09   0.1085721788E-06
   0.4060000000E-09   0.1564821264E+00   0.1052068379E-02   0.2735359091E+02   0.1031996143E-03   0.4354183790E-09   0.1085721778E-06
   0.4110000000E-09   0.1579800868E+00   0.1052068367E-02   0.2735359091E+02   0.1031996143E-03   0.4353818607E-09   0.1085721767E-06
   0.4160000000E-09   0.1594780472E+00   0.1052068356E-02   0.2735359091E+02   0.1031996143E-03   0.4353453424E-09   0.1085721757E-06
   0.4210000000E-09   0.1609760076E+00   0.1052068344E-02   0.2735359091E+02   0.1031996143E-03   0.4353088241E-09   0.1085721746E-06
   0.4260000000E-09   0.1624739680E+00   0.1052068333E-02   0.2735359091E+02   0.1031996143E-03   0.4352723058E-09   0.1085721736E-06
   0.4310000000E-09   0.1639719284E+00   0.1052068321E-02   0.2735359091E+02   0.1031996143E-03   0.4352357875E-09   0.1085721725E-06
   0.4360000000E-09   0.1654698888E+00   0.1052068309E-02   0.2735359091E+02   0.1031996143E-03   0.4351992692E-09   0.1085721715E-06
   0.4410000000E-09   0.1669678492E+00   0.1052068298E-02   0.2735359091E+02   0.1031996143E-03   0.4351627509E-09   0.1085721705E-06
   0.4460000000E-09   0.1684658096E+00   0.1052068286E-02   0.2735359091E+02   0.1031996143E-03   0.4351262326E-09   0.1085721694E-06
   0.4510000000E-09   0.1699637700E+00   0.1052068275E-02   0.2735359091E+02   0.1031996143E-03   0.4350897143E-09   0.1085721684E-06
   0.4560000000E-09   0.1714617304E+00   0.1052068263E-02   0.2735359091E+02   0.1031996143E-03   0.4350531960E-09   0.1085721673E-06
   0.4610000000E-09   0.1729596908E+00   0.1052068252E-02   0.2735359091E+02   0.1031996143E-03   0.4350166777E-09   0.1085721663E-06
   0.4660000000E-09   0.1744576512E+00   0.1052068240E-02   0.2735359091E+02   0.1031996143E-03   0.4349801594E-09   0.1085721652E-06
   0.4710000000E-09   0.1759556116E+00   0.1052068229E-02   0.2735359091E+02   0.1031996143E-03   0.4349436411E-09   0.1085721642E-06
   0.4760000000E-09   0.1774535720E+00   0.1052068217E-02   0.2735359091E+02   0.1031996143E-03   0.4349071228E-09   0.1085721632E-06
   0.4810000000E-09   0.1789515324E+00   0.1052068206E-02   0.2735359091E+02   0.1031996143E-03   0.4348706045E-09   0.1085721621E-06
   0.4860000000E-09   0.1804494928E+00   0.1052068194E-02   0.2735359091E+02   0.1031996143E-03   0.4348340862E-09   0.1085721611E-06
   0.4910000000E-09   0.1819474532E+00   0.1052068183E-02   0.2735359091E+02   0.1031996143E-03   0.4347975679E-09   0.1085721600E-06
   0.4960000000E-09   0.1834454136E+00   0.1052068171E-02   0.2735359091E+02   0.1031996143E-03   0.4347610497E-09   0.1085721590E-06
   0.5010000000E-09   0.1849433740E+00   0.1052068160E-02   0.2735359091E+02   0.1031996143E-03   0.4347245314E-09   0.1085721579E-06
   0.5060000000E-09   0.1864413344E+00   0.1052068148E-02   0.2735359091E+02   0.1031996143E-03   0.4346880131E-09   0.1085721569E-06
   0.5110000000E-09   0.1879392948E+00   0.1052068137E-02   0.2735359091E+02   0.1031996143E-03   0.4346514948E-09   0.1085721559E-06
   0.5160000000E-09   0.1894372552E+00   0.1052068125E-02   0.2735359091E+02   0.1031996143E-03   0.4346149765E-09   0.1085721548E-06
   0.5210000000E-09   0.1909352156E+00   0.1052068114E-02   0.2735359091E+02   0.1031996143E-03   0.4345784582E-09   0.1085721538E-06
   0.5260000000E-09   0.1924331760E+00   0.1052068102E-02   0.2735359091E+02   0.1031996143E-03   0.4345419399E-09   0.1085721527E-06
   0.5310000000E-09   0.1939311364E+00   0.1052068091E-02   0.2735359091E+02   0.1031996143E-03   0.4345054216E-09   0.1085721517E-06
   0.5360000000E-09   0.1954290968E+00   0.1052068079E-02   0.2735359091E+02   0.1031996143E-03   0.4344689033E-09   0.1085721507E-06
   0.5410000000E-09   0.1969270572E+00   0.1052068068E-02   0.2735359091E+02   0.1031996143E-03   0.4344323850E-09   0.1085721496E-06
   0.5460000000E-09   0.1984250176E+00   0.1052068056E-02   0.2735359091E+02   0.1031996143E-03   0.4343958667E-09   0.1085721486E-06
   0.5510000000E-09   0.1999229780E+00   0.1052068045E-02   0.2735359091E+02   0.1031996143E-03   0.4343593484E-09   0.1085721475E-06
   0.5560000000E-09   0.2014209384E+00   0.1052068033E-02   0.2735359091E+02   0.1031996143E-03   0.4343228301E-09   0.1085721465E-06
   0.5610000000E-09   0.2029188988E+00   0.1052068022E-02   0.2735359091E+02   0.1031996143E-03   0.4342863118E-09   0.1085721455E-06
   0.5660000000E-09   0.2044168592E+00   0.1052068010E-02   0.2735359091E+02   0.1031996143E-03   0.4342497935E-09   0.1085721444E-06
   0.5710000000E-09   0.2059148197E+00   0.1052067999E-02   0.2735359091E+02   0.1031996143E-03   0.4342132752E-09   0.1085721434E-06
   0.5760000000E-09   0.2074127801E+00   0.1052067987E-02   0.2735359091E+02   0.1031996143E-03   0.4341767569E-09   0.1085721424E-06
   0.5810000000E-09   0.2089107405E+00   0.1052067976E-02   0.2735359091E+02   0.1031996143E-03   0.4341402386E-09   0.1085721413E-06
   0.5860000000E-09   0.2104087009E+00   0.1052067964E-02   0.2735359091E+02   0.1031996143E-03   0.4341037203E-09   0.1085721403E-06
   0.5910000000E-09   0.2119066613E+00   0.1052067953E-02   0.2735359091E+02   0.1031996143E-03   0.4340672020E-09   0.1085721392E-06
   0.5960000000E-09   0.2134046217E+00   0.1052067942E-02   0.2735359091E+02   0.1031996143E-03   0.4340306837E-09   0.1085721382E-06
   0.6010000000E-09   0.2149025821E+00   0.1052067930E-02   0.2735359091E+02   0.1031996143E-03   0.4339941654E-09   0.1085721372E-06
   0.6060000000E-09   0.2164005425E+00   0.1052067919E-02   0.2735359091E+02   0.1031996143E-03   0.4339576471E-09   0.1085721361E-06
   0.6110000000E-09   0.2178985029E+00   0.1052067907E-02   0.2735359091E+02   0.1031996143E-03   0.4339211289E-09   0.1085721351E-06
   0.6160000000E-09   0.2193964633E+00   0.1052067896E-02   0.2735359091E+02   0.1031996143E-03   0.4338846106E-09   0.1085721341E-06
   0.6210000000E-09   0.2208944237E+00   0.1052067884E-02   0.2735359091E+02   0.1031996143E-03   0.4338480923E-09   0.1085721330E-06
   0.6260000000E-09   0.2223923841E+00   0.1052067873E-02   0.2735359091E+02   0.1031996143E-03   0.4338115740E-09   0.1085721320E-06
   0.6310000000E-09   0.2238903445E+00   0.1052067861E-02   0.2735359091E+02   0.1031996143E-03   0.4337750557E-09   0.1085721309E-06
   0.6360000000E-09   0.2253883049E+00   0.1052067850E-02   0.2735359091E+02   0.1031996143E-03   0.4337385374E-09   0.1085721299E-06
   0.6410000000E-09   0.2268862653E+00   0.1052067838E-02   0.2735359091E+02   0.1031996143E-03   0.4337020191E-09   0.1085721289E-06
   0.6460000000E-09   0.2283842257E+00   0.1052067827E-02   0.2735359091E+02   0.1031996143E-03   0.4336655008E-09   0.1085721278E-06
   0.6510000000E-09   0.2298821861E+00   0.1052067816E-02   0.2735359091E+02   0.1031996143E-03   0.4336289825E-09   0.1085721268E-06
   0.6560000000E-09   0.2313801465E+00   0.1052067804E-02   0.2735359091E+02   0.1031996143E-03   0.4335924642E-09   0.1085721258E-06
   0.6610000000E-09   0.2328781069E+00   0.1052067793E-02   0.2735359091E+02   0.1031996143E-03   0.4335559459E-09   0.1085721247E-06
   0.6660000000E-09   0.2343760673E+00   0.1052067781E-02   0.2735359091E+02   0.1031996143E-03   0.4335194276E-09   0.1085721237E-06
   0.6710000000E-09   0.2358740277E+00   0.1052067770E-02   0.2735359091E+02   0.1031996143E-03   0.4334829093E-09   0.1085721227E-06
   0.6760000000E-09   0.2373719881E+00   0.1052067758E-02   0.2735359091E+02   0.1031996143E-03   0.4334463910E-09   0.1085721216E-06
   0.6810000000E-09   0.2388699485E+00   0.1052067747E-02   0.2735359091E+02   0.1031996143E-03   0.4334098727E-09   0.1085721206E-06
   0.6860000000E-09   0.2403679089E+00   0.1052067735E-02   0.2735359091E+02   0.1031996143E-03   0.4333733544E-09   0.1085721196E-06
   0.6910000000E-09   0.2418658693E+00   0.1052067724E-02   0.2735359091E+02   0.1031996143E-03   0.4333368361E-09   0.1085721185E-06
   0.6960000000E-09   0.2433638297E+00   0.1052067713E-02   0.2735359091E+02   0.1031996143E-03   0.4333003178E-09   0.1085721175E-06
   0.7010000000E-09   0.2448617901E+00   0.1052067701E-02   0.2735359091E+02   0.1031996143E-03   0.4332637995E-09   0.1085721165E-06
   0.7060000000E-09   0.2463597505E+00   0.1052067690E-02   0.2735359091E+02   0.1031996143E-03   0.4332272812E-09   0.1085721154E-06
   0.7110000000E-09   0.2478577109E+00   0.1052067678E-02   0.2735359091E+02   0.1031996143E-03   0.4331907629E-09   0.1085721144E-06
   0.7160000000E-09   0.2493556713E+00   0.1052067667E-02   0.2735359091E+02   0.1031996143E-03   0.4331542446E-09   0.1085721134E-06
   0.7210000000E-09   0.2508536317E+00   0.1052067655E-02   0.2735359091E+02   0.1031996143E-03   0.4331177263E-09   0.1085721123E-06
   0.7260000000E-09   0.2523515921E+00   0.1052067644E-02   0.2735359091E+02   0.1031996143E-03   0.4330812081E-09   0.1085721113E-06
   0.7310000000E-09   0.2538495525E+00   0.1052067633E-02   0.2735359091E+02   0.1031996143E-03   0.4330446898E-09   0.1085721103E-06
   0.7360000000E-09   0.2553475130E+00   0.1052067621E-02   0.2735359091E+02   0.1031996143E-03   0.4330081715E-09   0.1085721092E-06
   0.7410000000E-09   0.2568454734E+00   0.1052067610E-02   0.2735359091E+02   0.1031996143E-03   0.4329716532E-09   0.1085721082E-06
   0.7460000000E-09   0.2583434338E+00   0.1052067598E-02   0.2735359091E+02   0.1031996143E-03   0.4329351349E-09   0.1085721072E-06
   0.7510000000E-09   0.2598413942E+00   0.1052067587E-02   0.2735359091E+02   0.1031996143E-03   0.4328986166E-09   0.1085721061E-06
   0.7560000000E-09   0.2613393546E+00   0.1052067576E-02   0.2735359091E+02   0.1031996143E-03   0.4328620983E-09   0.1085721051E-06
   0.7610000000E-09   0.2628373150E+00   0.1052067564E-02   0.2735359091E+02   0.1031996143E-03   0.4328255800E-09   0.1085721041E-06
   0.7660000000E-09   0.2643352754E+00   0.1052067553E-02   0.2735359091E+02   0.1031996143E-03   0.4327890617E-09   0.1085721030E-06
   0.7710000000E-09   0.2658332358E+00   0.1052067541E-02   0.2735359091E+02   0.1031996143E-03   0.4327525434E-09   0.1085721020E-06
   0.7760000000E-09   0.2673311962E+00   0.1052067530E-02   0.2735359091E+02   0.1031996143E-03   0.4327160251E-09   0.1085721010E-06
   0.7810000000E-09   0.2688291566E+00   0.1052067519E-02   0.2735359091E+02   0.1031996143E-03   0.4326795068E-09   0.1085721000E-06
   0.7860000000E-09   0.2703271170E+00   0.1052067507E-02   0.2735359091E+02   0.1031996143E-03   0.4326429885E-09   0.1085720989E-06
   0.7910000000E-09   0.2718250774E+00   0.1052067496E-02   0.2735359091E+02   0.1031996143E-03   0.4326064702E-09   0.1085720979E-06
   0.7960000000E-09   0.2733230378E+00   0.1052067484E-02   0.2735359091E+02   0.1031996143E-03   0.4325699519E-09   0.1085720969E-06
   0.8010000000E-09   0.2748209982E+00   0.1052067473E-02   0.2735359091E+02   0.1031996143E-03   0.4325334336E-09   0.1085720958E-06
   0.8060000000E-09   0.2763189586E+00   0.1052067462E-02   0.2735359091E+02   0.1031996143E-03   0.4324969153E-09   0.1085720948E-06
   0.8110000000E-09   0.2778169190E+00   0.1052067450E-02   0.2735359091E+02   0.1031996143E-03   0.4324603970E-09   0.1085720938E-06
   0.8160000000E-09   0.2793148794E+00   0.1052067439E-02   0.2735359091E+02   0.1031996143E-03   0.4324238787E-09   0.1085720927E-06
   0.8210000000E-09   0.2808128398E+00   0.1052067428E-02   0.2735359091E+02   0.1031996143E-03   0.4323873604E-09   0.1085720917E-06
   0.8260000000E-09   0.2823108002E+00   0.1052067416E-02   0.2735359091E+02   0.1031996143E-03   0.4323508421E-09   0.1085720907E-06
   0.8310000000E-09   0.2838087606E+00   0.1052067405E-02   0.2735359091E+02   0.1031996143E-03   0.4323143238E-09   0.1085720897E-06
   0.8360000000E-09   0.2853067210E+00   0.1052067393E-02   0.2735359091E+02   0.1031996143E-03   0.4322778055E-09   0.1085720886E-06
   0.8410000000E-09   0.2868046814E+00   0.1052067382E-02   0.2735359091E+02   0.1031996143E-03   0.4322412873E-09   0.1085720876E-06
   0.8460000000E-09   0.2883026418E+00   0.1052067371E-02   0.2735359091E+02   0.1031996143E-03   0.4322047690E-09   0.1085720866E-06
   0.8510000000E-09   0.2898006022E+00   0.1052067359E-02   0.2735359091E+02   0.1031996143E-03   0.4321682507E-09   0.1085720855E-06
   0.8560000000E-09   0.2912985626E+00   0.1052067348E-02   0.2735359091E+02   0.1031996143E-03   0.4321317324E-09   0.1085720845E-06
   0.8610000000E-09   0.2927965230E+00   0.1052067337E-02   0.2735359091E+02   0.1031996143E-03   0.4320952141E-09   0.1085720835E-06
   0.8660000000E-09   0.2942944834E+00   0.1052067325E-02   0.2735359091E+02   0.1031996143E-03   0.4320586958E-09   0.1085720825E-06
   0.8710000000E-09   0.2957924438E+00   0.1052067314E-02   0.2735359091E+02   0.1031996143E-03   0.4320221775E-09   0.1085720814E-06
   0.8760000000E-09   0.2972904042E+00   0.1052067303E-02   0.2735359091E+02   0.1031996143E-03   0.4319856592E-09   0.1085720804E-06
   0.8810000000E-09   0.2987883646E+00   0.1052067291E-02   0.2735359091E+02   0.1031996143E-03   0.4319491409E-09   0.1085720794E-06
   0.8860000000E-09   0.3002863250E+00   0.1052067280E-02   0.2735359091E+02   0.1031996143E-03   0.4319126226E-09   0.1085720784E-06
   0.8910000000E-09   0.3017842854E+00   0.1052067268E-02   0.2735359091E+02   0.1031996143E-03   0.4318761043E-09   0.1085720773E-06
   0.8960000000E-09   0.3032822458E+00   0.1052067257E-02   0.2735359091E+02   0.1031996143E-03   0.4318395860E-09   0.1085720763E-06
   0.9010000000E-09   0.3047802062E+00   0.1052067246E-02   0.2735359091E+02   0.1031996143E-03   0.4318030677E-09   0.1085720753E-06
   0.9060000000E-09   0.3062781667E+00   0.1052067234E-02   0.2735359091E+02   0.1031996143E-03   0.4317665494E-09   0.1085720743E-06
   0.9110000000E-09   0.3077761271E+00   0.1052067223E-02   0.2735359091E+02   0.1031996143E-03   0.4317300311E-09   0.1085720732E-06
   0.9160000000E-09   0.3092740875E+00   0.1052067212E-02   0.2735359091E+02   0.1031996143E-03   0.4316935128E-09   0.1085720722E-06
   0.9210000000E-09   0.3107720479E+00   0.1052067200E-02   0.2735359091E+02   0.1031996143E-03   0.4316569945E-09   0.1085720712E-06
   0.9260000000E-09   0.3122700083E+00   0.1052067189E-02   0.2735359091E+02   0.1031996143E-03   0.4316204762E-09   0.1085720702E-06
   0.9310000000E-09   0.3137679687E+00   0.1052067178E-02   0.2735359091E+02   0.1031996143E-03   0.4315839579E-09   0.1085720691E-06
   0.9360000000E-09   0.3152659291E+00   0.1052067166E-02   0.2735359091E+02   0.1031996143E-03   0.4315474396E-09   0.1085720681E-06
   0.9410000000E-09   0.3167638895E+00   0.1052067155E-02   0.2735359091E+02   0.1031996143E-03   0.4315109213E-09   0.1085720671E-06
   0.9460000000E-09   0.3182618499E+00   0.1052067144E-02   0.2735359091E+02   0.1031996143E-03   0.4314744030E-09   0.1085720661E-06
   0.9510000000E-09   0.3197598103E+00   0.1052067132E-02   0.2735359091E+02   0.1031996143E-03   0.4314378847E-09   0.1085720650E-06
   0.9560000000E-09   0.3212577707E+00   0.1052067121E-02   0.2735359091E+02   0.1031996143E-03   0.4314013665E-09   0.1085720640E-06
   0.9610000000E-09   0.3227557311E+00   0.1052067110E-02   0.2735359091E+02   0.1031996143E-03   0.4313648482E-09   0.1085720630E-06
   0.9660000000E-09   0.3242536915E+00   0.1052067098E-02   0.2735359091E+02   0.1031996143E-03   0.4313283299E-09   0.1085720620E-06
   0.9710000000E-09   0.3257516519E+00   0.1052067087E-02   0.2735359091E+02   0.1031996143E-03   0.4312918116E-09   0.1085720609E-06
   0.9760000000E-09   0.3272496123E+00   0.1052067076E-02   0.2735359091E+02   0.1031996143E-03   0.4312552933E-09   0.1085720599E-06
   0.9810000000E-09   0.3287475727E+00   0.1052067064E-02   0.2735359091E+02   0.1031996143E-03   0.4312187750E-09   0.1085720589E-06
   0.9860000000E-09   0.3302455331E+00   0.1052067053E-02   0.2735359091E+02   0.1031996143E-03   0.4311822567E-09   0.1085720579E-06
   0.9910000000E-09   0.3317434935E+00   0.1052067042E-02   0.2735359091E+02   0.1031996143E-03   0.4311457384E-09   0.1085720569E-06
   0.9960000000E-09   0.3332414539E+00   0.1052067031E-02   0.2735359091E+02   0.1031996143E-03   0.4311092201E-09   0.1085720558E-06
   0.1001000000E-08   0.3347394143E+00   0.1052067019E-02   0.2735359091E+02   0.1031996143E-03   0.4310727018E-09   0.1085720548E-06
   0.1006000000E-08   0.3362373747E+00   0.1052067008E-02   0.2735359091E+02   0.1031996143E-03   0.4310361835E-09   0.1085720538E-06
   0.1011000000E-08   0.3377353351E+00   0.1052066997E-02   0.2735359091E+02   0.1031996143E-03   0.4309996652E-09   0.1085720528E-06
   0.1016000000E-08   0.3392332955E+00   0.1052066985E-02   0.2735359091E+02   0.1031996143E-03   0.4309631469E-09   0.1085720517E-06
   0.1021000000E-08   0.3407312559E+00   0.1052066974E-02   0.2735359091E+02   0.1031996143E-03   0.4309266286E-09   0.1085720507E-06
   0.1026000000E-08   0.3422292163E+00   0.1052066963E-02   0.2735359091E+02   0.1031996143E-03   0.4308901103E-09   0.1085720497E-06
   0.1031000000E-08   0.3437271767E+00   0.1052066951E-02   0.2735359091E+02   0.1031996143E-03   0.4308535920E-09   0.1085720487E-06
   0.1036000000E-08   0.3452251371E+00   0.1052066940E-02   0.2735359091E+02   0.1031996143E-03   0.4308170737E-09   0.1085720477E-06
   0.1041000000E-08   0.3467230975E+00   0.1052066929E-02   0.2735359091E+02   0.1031996143E-03   0.4307805554E-09   0.1085720466E-06
   0.1046000000E-08   0.3482210579E+00   0.1052066918E-02   0.2735359091E+02   0.1031996143E-03   0.4307440371E-09   0.1085720456E-06
   0.1051000000E-08   0.3497190183E+00   0.1052066906E-02   0.2735359091E+02   0.1031996143E-03   0.4307075188E-09   0.1085720446E-06
   0.1056000000E-08   0.3512169787E+00   0.1052066895E-02   0.2735359091E+02   0.1031996143E-03   0.4306710005E-09   0.1085720436E-06
   0.1061000000E-08   0.3527149391E+00   0.1052066884E-02   0.2735359091E+02   0.1031996143E-03   0.4306344822E-09   0.1085720426E-06
   0.1066000000E-08   0.3542128995E+00   0.1052066872E-02   0.2735359091E+02   0.1031996143E-03   0.4305979639E-09   0.1085720415E-06
   0.1071000000E-08   0.3557108600E+00   0.1052066861E-02   0.2735359091E+02   0.1031996143E-03   0.4305614457E-09   0.1085720405E-06
   0.1076000000E-08   0.3572088204E+00   0.1052066850E-02   0.2735359091E+02   0.1031996143E-03   0.4305249274E-09   0.1085720395E-06
   0.1081000000E-08   0.3587067808E+00   0.1052066839E-02   0.2735359091E+02   0.1031996143E-03   0.4304884091E-09   0.1085720385E-06
   0.1086000000E-08   0.3602047412E+00   0.1052066827E-02   0.2735359091E+02   0.1031996143E-03   0.4304518908E-09   0.1085720375E-06
   0.1091000000E-08   0.3617027016E+00   0.1052066816E-02   0.2735359091E+02   0.1031996143E-03   0.4304153725E-09   0.1085720364E-06
   0.1096000000E-08   0.3632006620E+00   0.1052066805E-02   0.2735359091E+02   0.1031996143E-03   0.4303788542E-09   0.1085720354E-06
   0.1101000000E-08   0.3646986224E+00   0.1052066794E-02   0.2735359091E+02   0.1031996143E-03   0.4303423359E-09   0.1085720344E-06
   0.1106000000E-08   0.3661965828E+00   0.1052066782E-02   0.2735359091E+02   0.1031996143E-03   0.4303058176E-09   0.1085720334E-06
   0.1111000000E-08   0.3676945432E+00   0.1052066771E-02   0.2735359091E+02   0.1031996143E-03   0.4302692993E-09   0.1085720324E-06
   0.1116000000E-08   0.3691925036E+00   0.1052066760E-02   0.2735359091E+02   0.1031996143E-03   0.4302327810E-09   0.1085720314E-06
   0.1121000000E-08   0.3706904640E+00   0.1052066748E-02   0.2735359091E+02   0.1031996143E-03   0.4301962627E-09   0.1085720303E-06
   0.1126000000E-08   0.3721884244E+00   0.1052066737E-02   0.2735359091E+02   0.1031996143E-03   0.4301597444E-09   0.1085720293E-06
   0.1131000000E-08   0.3736863848E+00   0.1052066726E-02   0.2735359091E+02   0.1031996143E-03   0.4301232261E-09   0.1085720283E-06
   0.1136000000E-08   0.3751843452E+00   0.1052066715E-02   0.2735359091E+02   0.1031996143E-03   0.4300867078E-09   0.1085720273E-06
   0.1141000000E-08   0.3766823056E+00   0.1052066703E-02   0.2735359091E+02   0.1031996143E-03   0.4300501895E-09   0.1085720263E-06
   0.1146000000E-08   0.3781802660E+00   0.1052066692E-02   0.2735359091E+02   0.1031996143E-03   0.4300136712E-09   0.1085720253E-06
   0.1151000000E-08   0.3796782264E+00   0.1052066681E-02   0.2735359091E+02   0.1031996143E-03   0.4299771529E-09   0.1085720242E-06
   0.1156000000E-08   0.3811761868E+00   0.1052066670E-02   0.2735359091E+02   0.1031996143E-03   0.4299406346E-09   0.1085720232E-06
   0.1161000000E-08   0.3826741472E+00   0.1052066658E-02   0.2735359091E+02   0.1031996143E-03   0.4299041163E-09   0.1085720222E-06
   0.1166000000E-08   0.3841721076E+00   0.1052066647E-02   0.2735359091E+02   0.1031996143E-03   0.4298675980E-09   0.1085720212E-06
   0.1171000000E-08   0.3856700680E+00   0.1052066636E-02   0.2735359091E+02   0.1031996143E-03   0.4298310797E-09   0.1085720202E-06
   0.1176000000E-08   0.3871680284E+00   0.1052066625E-02   0.2735359091E+02   0.1031996143E-03   0.4297945614E-09   0.1085720192E-06
   0.1181000000E-08   0.3886659888E+00   0.1052066614E-02   0.2735359091E+02   0.1031996143E-03   0.4297580431E-09   0.1085720181E-06
   0.1186000000E-08   0.3901639492E+00   0.1052066602E-02   0.2735359091E+02   0.1031996143E-03   0.4297215248E-09   0.1085720171E-06
   0.1191000000E-08   0.3916619096E+00   0.1052066591E-02   0.2735359091E+02   0.1031996143E-03   0.4296850066E-09   0.1085720161E-06
   0.1196000000E-08   0.3931598700E+00   0.1052066580E-02   0.2735359091E+02   0.1031996143E-03   0.4296484883E-09   0.1085720151E-06
   0.1201000000E-08   0.3946578304E+00   0.1052066569E-02   0.2735359091E+02   0.1031996143E-03   0.4296119700E-09   0.1085720141E-06
   0.1206000000E-08   0.3961557908E+00   0.1052066557E-02   0.2735359091E+02   0.1031996143E-03   0.4295754517E-09   0.1085720131E-06
   0.1211000000E-08   0.3976537512E+00   0.1052066546E-02   0.2735359091E+02   0.1031996143E-03   0.4295389334E-09   0.1085720121E-06
   0.1216000000E-08   0.3991517116E+00   0.1052066535E-02   0.2735359091E+02   0.1031996143E-03   0.4295024151E-09   0.1085720111E-06
   0.1221000000E-08   0.4006496720E+00   0.1052066524E-02   0.2735359091E+02   0.1031996143E-03   0.4294658968E-09   0.1085720100E-06
   0.1226000000E-08   0.4021476324E+00   0.1052066513E-02   0.2735359091E+02   0.1031996143E-03   0.4294293785E-09   0.1085720090E-06
   0.1231000000E-08   0.4036455928E+00   0.1052066501E-02   0.2735359091E+02   0.1031996143E-03   0.4293928602E-09   0.1085720080E-06
   0.1236000000E-08   0.4051435532E+00   0.1052066490E-02   0.2735359091E+02   0.1031996143E-03   0.4293563419E-09   0.1085720070E-06
   0.1241000000E-08   0.4066415137E+00   0.1052066479E-02   0.2735359091E+02   0.1031996143E-03   0.4293198236E-09   0.1085720060E-06
   0.1246000000E-08   0.4081394741E+00   0.1052066468E-02   0.2735359091E+02   0.1031996143E-03   0.4292833053E-09   0.1085720050E-06
   0.1251000000E-08   0.4096374345E+00   0.1052066456E-02   0.2735359091E+02   0.1031996143E-03   0.4292467870E-09   0.1085720040E-06
   0.1256000000E-08   0.4111353949E+00   0.1052066445E-02   0.2735359091E+02   0.1031996143E-03   0.4292102687E-09   0.1085720029E-06
   0.1261000000E-08   0.4126333553E+00   0.1052066434E-02   0.2735359091E+02   0.1031996143E-03   0.4291737504E-09   0.1085720019E-06
   0.1266000000E-08   0.4141313157E+00   0.1052066423E-02   0.2735359091E+02   0.1031996143E-03   0.4291372321E-09   0.1085720009E-06
   0.1271000000E-08   0.4156292761E+00   0.1052066412E-02   0.2735359091E+02   0.1031996143E-03   0.4291007138E-09   0.1085719999E-06
   0.1276000000E-08   0.4171272365E+00   0.1052066400E-02   0.2735359091E+02   0.1031996143E-03   0.4290641955E-09   0.1085719989E-06
   0.1281000000E-08   0.4186251969E+00   0.1052066389E-02   0.2735359091E+02   0.1031996143E-03   0.4290276772E-09   0.1085719979E-06
   0.1286000000E-08   0.4201231573E+00   0.1052066378E-02   0.2735359091E+02   0.1031996143E-03   0.4289911589E-09   0.1085719969E-06
   0.1291000000E-08   0.4216211177E+00   0.1052066367E-02   0.2735359091E+02   0.1031996143E-03   0.4289546406E-09   0.1085719959E-06
   0.1296000000E-08   0.4231190781E+00   0.1052066356E-02   0.2735359091E+02   0.1031996143E-03   0.4289181223E-09   0.1085719949E-06
   0.1301000000E-08   0.4246170385E+00   0.1052066344E-02   0.2735359091E+02   0.1031996143E-03   0.4288816040E-09   0.1085719939E-06
   0.1306000000E-08   0.4261149989E+00   0.1052066333E-02   0.2735359091E+02   0.1031996143E-03   0.4288450857E-09   0.1085719928E-06
   0.1311000000E-08   0.4276129593E+00   0.1052066322E-02   0.2735359091E+02   0.1031996143E-03   0.4288085675E-09   0.1085719918E-06
   0.1316000000E-08   0.4291109197E+00   0.1052066311E-02   0.2735359091E+02   0.1031996143E-03   0.4287720492E-09   0.1085719908E-06
   0.1321000000E-08   0.4306088801E+00   0.1052066300E-02   0.2735359091E+02   0.1031996143E-03   0.4287355309E-09   0.1085719898E-06
   0.1326000000E-08   0.4321068405E+00   0.1052066289E-02   0.2735359091E+02   0.1031996143E-03   0.4286990126E-09   0.1085719888E-06
   0.1331000000E-08   0.4336048009E+00   0.1052066277E-02   0.2735359091E+02   0.1031996143E-03   0.4286624943E-09   0.1085719878E-06
   0.1336000000E-08   0.4351027613E+00   0.1052066266E-02   0.2735359091E+02   0.1031996143E-03   0.4286259760E-09   0.1085719868E-06
   0.1341000000E-08   0.4366007217E+00   0.1052066255E-02   0.2735359091E+02   0.1031996143E-03   0.4285894577E-09   0.1085719858E-06
   0.1346000000E-08   0.4380986821E+00   0.1052066244E-02   0.2735359091E+02   0.1031996143E-03   0.4285529394E-09   0.1085719848E-06
   0.1351000000E-08   0.4395966425E+00   0.1052066233E-02   0.2735359091E+02   0.1031996143E-03   0.4285164211E-09   0.1085719838E-06
   0.1356000000E-08   0.4410946029E+00   0.1052066222E-02   0.2735359091E+02   0.1031996143E-03   0.4284799028E-09   0.1085719827E-06
   0.1361000000E-08   0.4425925633E+00   0.1052066210E-02   0.2735359091E+02   0.1031996143E-03   0.4284433845E-09   0.1085719817E-06
   0.1366000000E-08   0.4440905237E+00   0.1052066199E-02   0.2735359091E+02   0.1031996143E-03   0.4284068662E-09   0.1085719807E-06
   0.1371000000E-08   0.4455884841E+00   0.1052066188E-02   0.2735359091E+02   0.1031996143E-03   0.4283703479E-09   0.1085719797E-06
   0.1376000000E-08   0.4470864445E+00   0.1052066177E-02   0.2735359091E+02   0.1031996143E-03   0.4283338296E-09   0.1085719787E-06
   0.1381000000E-08   0.4485844049E+00   0.1052066166E-02   0.2735359091E+02   0.1031996143E-03   0.4282973113E-09   0.1085719777E-06
   0.1386000000E-08   0.4500823653E+00   0.1052066155E-02   0.2735359091E+02   0.1031996143E-03   0.4282607930E-09   0.1085719767E-06
   0.1391000000E-08   0.4515803257E+00   0.1052066143E-02   0.2735359091E+02   0.1031996143E-03   0.4282242747E-09   0.1085719757E-06
   0.1396000000E-08   0.4530782861E+00   0.1052066132E-02   0.2735359091E+02   0.1031996143E-03   0.4281877564E-09   0.1085719747E-06
   0.1401000000E-08   0.4545762465E+00   0.1052066121E-02   0.2735359091E+02   0.1031996143E-03   0.4281512381E-09   0.1085719737E-06
   0.1406000000E-08   0.4560742070E+00   0.1052066110E-02   0.2735359091E+02   0.1031996143E-03   0.4281147198E-09   0.1085719727E-06
   0.1411000000E-08   0.4575721674E+00   0.1052066099E-02   0.2735359091E+02   0.1031996143E-03   0.4280782015E-09   0.1085719717E-06
   0.1416000000E-08   0.4590701278E+00   0.1052066088E-02   0.2735359091E+02   0.1031996143E-03   0.4280416832E-09   0.1085719707E-06
   0.1421000000E-08   0.4605680882E+00   0.1052066077E-02   0.2735359091E+02   0.1031996143E-03   0.4280051649E-09   0.1085719697E-06
   0.1426000000E-08   0.4620660486E+00   0.1052066065E-02   0.2735359091E+02   0.1031996143E-03   0.4279686466E-09   0.1085719687E-06
   0.1431000000E-08   0.4635640090E+00   0.1052066054E-02   0.2735359091E+02   0.1031996143E-03   0.4279321284E-09   0.1085719677E-06
   0.1436000000E-08   0.4650619694E+00   0.1052066043E-02   0.2735359091E+02   0.1031996143E-03   0.4278956101E-09   0.1085719666E-06
   0.1441000000E-08   0.4665599298E+00   0.1052066032E-02   0.2735359091E+02   0.1031996143E-03   0.4278590918E-09   0.1085719656E-06
   0.1446000000E-08   0.4680578902E+00   0.1052066021E-02   0.2735359091E+02   0.1031996143E-03   0.4278225735E-09   0.1085719646E-06
   0.1451000000E-08   0.4695558506E+00   0.1052066010E-02   0.2735359091E+02   0.1031996143E-03   0.4277860552E-09   0.1085719636E-06
   0.1456000000E-08   0.4710538110E+00   0.1052065999E-02   0.2735359091E+02   0.1031996143E-03   0.4277495369E-09   0.1085719626E-06
   0.1461000000E-08   0.4725517714E+00   0.1052065988E-02   0.2735359091E+02   0.1031996143E-03   0.4277130186E-09   0.1085719616E-06
   0.1466000000E-08   0.4740497318E+00   0.1052065976E-02   0.2735359091E+02   0.1031996143E-03   0.4276765003E-09   0.1085719606E-06
   0.1471000000E-08   0.4755476922E+00   0.1052065965E-02   0.2735359091E+02   0.1031996143E-03   0.4276399820E-09   0.1085719596E-06
   0.1476000000E-08   0.4770456526E+00   0.1052065954E-02   0.2735359091E+02   0.1031996143E-03   0.4276034637E-09   0.1085719586E-06
   0.1481000000E-08   0.4785436130E+00   0.1052065943E-02   0.2735359091E+02   0.1031996143E-03   0.4275669454E-09   0.1085719576E-06
   0.1486000000E-08   0.4800415734E+00   0.1052065932E-02   0.2735359091E+02   0.1031996143E-03   0.4275304271E-09   0.1085719566E-06
   0.1491000000E-08   0.4815395338E+00   0.1052065921E-02   0.2735359091E+02   0.1031996143E-03   0.4274939088E-09   0.1085719556E-06
   0.1496000000E-08   0.4830374942E+00   0.1052065910E-02   0.2735359091E+02   0.1031996143E-03   0.4274573905E-09   0.1085719546E-06
   0.1501000000E-08   0.4845354546E+00   0.1052065899E-02   0.2735359091E+02   0.1031996143E-03   0.4274208722E-09   0.1085719536E-06
   0.1506000000E-08   0.4860334150E+00   0.1052065888E-02   0.2735359091E+02   0.1031996143E-03   0.4273843539E-09   0.1085719526E-06
   0.1511000000E-08   0.4875313754E+00   0.1052065876E-02   0.2735359091E+02   0.1031996143E-03   0.4273478356E-09   0.1085719516E-06
   0.1516000000E-08   0.4890293358E+00   0.1052065865E-02   0.2735359091E+02   0.1031996143E-03   0.4273113173E-09   0.1085719506E-06
   0.1521000000E-08   0.4905272962E+00   0.1052065854E-02   0.2735359091E+02   0.1031996143E-03   0.4272747990E-09   0.1085719496E-06
   0.1526000000E-08   0.4920252566E+00   0.1052065843E-02   0.2735359091E+02   0.1031996143E-03   0.4272382807E-09   0.1085719486E-06
   0.1531000000E-08   0.4935232170E+00   0.1052065832E-02   0.2735359091E+02   0.1031996143E-03   0.4272017624E-09   0.1085719476E-06
   0.1536000000E-08   0.4950211774E+00   0.1052065821E-02   0.2735359091E+02   0.1031996143E-03   0.4271652441E-09   0.1085719466E-06
   0.1541000000E-08   0.4965191378E+00   0.1052065810E-02   0.2735359091E+02   0.1031996143E-03   0.4271287258E-09   0.1085719456E-06
   0.1546000000E-08   0.4980170982E+00   0.1052065799E-02   0.2735359091E+02   0.1031996143E-03   0.4270922076E-09   0.1085719446E-06
   0.1551000000E-08   0.4995150586E+00   0.1052065788E-02   0.2735359091E+02   0.1031996143E-03   0.4270556893E-09   0.1085719436E-06
   0.1556000000E-08   0.5010130190E+00   0.1052065777E-02   0.2735359091E+02   0.1031996143E-03   0.4270191710E-09   0.1085719426E-06
   0.1561000000E-08   0.5025109794E+00   0.1052065765E-02   0.2735359091E+02   0.1031996143E-03   0.4269826527E-09   0.1085719416E-06
   0.1566000000E-08   0.5040089398E+00   0.1052065754E-02   0.2735359091E+02   0.1031996143E-03   0.4269461344E-09   0.1085719406E-06
   0.1571000000E-08   0.5055069002E+00   0.1052065743E-02   0.2735359091E+02   0.1031996143E-03   0.4269096161E-09   0.1085719396E-06
   0.1576000000E-08   0.5070048607E+00   0.1052065732E-02   0.2735359091E+02   0.1031996143E-03   0.4268730978E-09   0.1085719386E-06
   0.1581000000E-08   0.5085028211E+00   0.1052065721E-02   0.2735359091E+02   0.1031996143E-03   0.4268365795E-09   0.1085719376E-06
   0.1586000000E-08   0.5100007815E+00   0.1052065710E-02   0.2735359091E+02   0.1031996143E-03   0.4268000612E-09   0.1085719366E-06
   0.1591000000E-08   0.5114987419E+00   0.1052065699E-02   0.2735359091E+02   0.1031996143E-03   0.4267635429E-09   0.1085719356E-06
   0.1596000000E-08   0.5129967023E+00   0.1052065688E-02   0.2735359091E+02   0.1031996143E-03   0.4267270246E-09   0.1085719346E-06
   0.1601000000E-08   0.5144946627E+00   0.1052065677E-02   0.2735359091E+02   0.1031996143E-03   0.4266905063E-09   0.1085719336E-06
   0.1606000000E-08   0.5159926231E+00   0.1052065666E-02   0.2735359091E+02   0.1031996143E-03   0.4266539880E-09   0.1085719326E-06
   0.1611000000E-08   0.5174905835E+00   0.1052065655E-02   0.2735359091E+02   0.1031996143E-03   0.4266174697E-09   0.1085719316E-06
   0.1616000000E-08   0.5189885439E+00   0.1052065644E-02   0.2735359091E+02   0.1031996143E-03   0.4265809514E-09   0.1085719306E-06
   0.1621000000E-08   0.5204865043E+00   0.1052065633E-02   0.2735359091E+02   0.1031996143E-03   0.4265444331E-09   0.1085719296E-06
   0.1626000000E-08   0.5219844647E+00   0.1052065622E-02   0.2735359091E+02   0.1031996143E-03   0.4265079148E-09   0.1085719286E-06
   0.1631000000E-08   0.5234824251E+00   0.1052065611E-02   0.2735359091E+02   0.1031996143E-03   0.4264713965E-09   0.1085719276E-06
   0.1636000000E-08   0.5249803855E+00   0.1052065599E-02   0.2735359091E+02   0.1031996143E-03   0.4264348782E-09   0.1085719266E-06
   0.1641000000E-08   0.5264783459E+00   0.1052065588E-02   0.2735359091E+02   0.1031996143E-03   0.4263983599E-09   0.1085719256E-06
   0.1646000000E-08   0.5279763063E+00   0.1052065577E-02   0.2735359091E+02   0.1031996143E-03   0.4263618416E-09   0.1085719246E-06
   0.1651000000E-08   0.5294742667E+00   0.1052065566E-02   0.2735359091E+02   0.1031996143E-03   0.4263253233E-09   0.1085719236E-06
   0.1656000000E-08   0.5309722271E+00   0.1052065555E-02   0.2735359091E+02   0.1031996143E-03   0.4262888050E-09   0.1085719226E-06
   0.1661000000E-08   0.5324701875E+00   0.1052065544E-02   0.2735359091E+02   0.1031996143E-03   0.4262522867E-09   0.1085719216E-06
   0.1666000000E-08   0.5339681479E+00   0.1052065533E-02   0.2735359091E+02   0.1031996143E-03   0.4262157685E-09   0.1085719206E-06
   0.1671000000E-08   0.5354661083E+00   0.1052065522E-02   0.2735359091E+02   0.1031996143E-03   0.4261792502E-09   0.1085719196E-06
   0.1676000000E-08   0.5369640687E+00   0.1052065511E-02   0.2735359091E+02   0.1031996143E-03   0.4261427319E-09   0.1085719186E-06
   0.1681000000E-08   0.5384620291E+00   0.1052065500E-02   0.2735359091E+02   0.1031996143E-03   0.4261062136E-09   0.1085719176E-06
   0.1686000000E-08   0.5399599895E+00   0.1052065489E-02   0.2735359091E+02   0.1031996143E-03   0.4260696953E-09   0.1085719166E-06
   0.1691000000E-08   0.5414579499E+00   0.1052065478E-02   0.2735359091E+02   0.1031996143E-03   0.4260331770E-09   0.1085719156E-06
   0.1696000000E-08   0.5429559103E+00   0.1052065467E-02   0.2735359091E+02   0.1031996143E-03   0.4259966587E-09   0.1085719147E-06
   0.1701000000E-08   0.5444538707E+00   0.1052065456E-02   0.2735359091E+02   0.1031996143E-03   0.4259601404E-09   0.1085719137E-06
   0.1706000000E-08   0.5459518311E+00   0.1052065445E-02   0.2735359091E+02   0.1031996143E-03   0.4259236221E-09   0.1085719127E-06
   0.1711000000E-08   0.5474497915E+00   0.1052065434E-02   0.2735359091E+02   0.1031996143E-03   0.4258871038E-09   0.1085719117E-06
   0.1716000000E-08   0.5489477519E+00   0.1052065423E-02   0.2735359091E+02   0.1031996143E-03   0.4258505855E-09   0.1085719107E-06
   0.1721000000E-08   0.5504457123E+00   0.1052065412E-02   0.2735359091E+02   0.1031996143E-03   0.4258140672E-09   0.1085719097E-06
   0.1726000000E-08   0.5519436727E+00   0.1052065401E-02   0.2735359091E+02   0.1031996143E-03   0.4257775489E-09   0.1085719087E-06
   0.1731000000E-08   0.5534416331E+00   0.1052065390E-02   0.2735359091E+02   0.1031996143E-03   0.4257410306E-09   0.1085719077E-06
   0.1736000000E-08   0.5549395935E+00   0.1052065379E-02   0.2735359091E+02   0.1031996143E-03   0.4257045123E-09   0.1085719067E-06
   0.1741000000E-08   0.5564375540E+00   0.1052065368E-02   0.2735359091E+02   0.1031996143E-03   0.4256679940E-09   0.1085719057E-06
   0.1746000000E-08   0.5579355144E+00   0.1052065357E-02   0.2735359091E+02   0.1031996143E-03   0.4256314757E-09   0.1085719047E-06
   0.1751000000E-08   0.5594334748E+00   0.1052065346E-02   0.2735359091E+02   0.1031996143E-03   0.4255949574E-09   0.1085719037E-06
   0.1756000000E-08   0.5609314352E+00   0.1052065335E-02   0.2735359091E+02   0.1031996143E-03   0.4255584391E-09   0.1085719027E-06
   0.1761000000E-08   0.5624293956E+00   0.1052065324E-02   0.2735359091E+02   0.1031996143E-03   0.4255219208E-09   0.1085719017E-06
   0.1766000000E-08   0.5639273560E+00   0.1052065313E-02   0.2735359091E+02   0.1031996143E-03   0.4254854025E-09   0.1085719007E-06
   0.1771000000E-08   0.5654253164E+00   0.1052065302E-02   0.2735359091E+02   0.1031996143E-03   0.4254488842E-09   0.1085718997E-06
   0.1776000000E-08   0.5669232768E+00   0.1052065291E-02   0.2735359091E+02   0.1031996143E-03   0.4254123659E-09   0.1085718988E-06
   0.1781000000E-08   0.5684212372E+00   0.1052065280E-02   0.2735359091E+02   0.1031996143E-03   0.4253758476E-09   0.1085718978E-06
   0.1786000000E-08   0.5699191976E+00   0.1052065269E-02   0.2735359091E+02   0.1031996143E-03   0.4253393294E-09   0.1085718968E-06
   0.1791000000E-08   0.5714171580E+00   0.1052065258E-02   0.2735359091E+02   0.1031996143E-03   0.4253028111E-09   0.1085718958E-06
   0.1796000000E-08   0.5729151184E+00   0.1052065247E-02   0.2735359091E+02   0.1031996143E-03   0.4252662928E-09   0.1085718948E-06
   0.1801000000E-08   0.5744130788E+00   0.1052065236E-02   0.2735359091E+02   0.1031996143E-03   0.4252297745E-09   0.1085718938E-06
   0.1806000000E-08   0.5759110392E+00   0.1052065225E-02   0.2735359091E+02   0.1031996143E-03   0.4251932562E-09   0.1085718928E-06
   0.1811000000E-08   0.5774089996E+00   0.1052065214E-02   0.2735359091E+02   0.1031996143E-03   0.4251567379E-09   0.1085718918E-06
   0.1816000000E-08   0.5789069600E+00   0.1052065203E-02   0.2735359091E+02   0.1031996143E-03   0.4251202196E-09   0.1085718908E-06
   0.1821000000E-08   0.5804049204E+00   0.1052065192E-02   0.2735359091E+02   0.1031996143E-03   0.4250837013E-09   0.1085718898E-06
   0.1826000000E-08   0.5819028808E+00   0.1052065181E-02   0.2735359091E+02   0.1031996143E-03   0.4250471830E-09   0.1085718888E-06
   0.1831000000E-08   0.5834008412E+00   0.1052065170E-02   0.2735359091E+02   0.1031996143E-03   0.4250106647E-09   0.1085718879E-06
   0.1836000000E-08   0.5848988016E+00   0.1052065159E-02   0.2735359091E+02   0.1031996143E-03   0.4249741464E-09   0.1085718869E-06
   0.1841000000E-08   0.5863967620E+00   0.1052065148E-02   0.2735359091E+02   0.1031996143E-03   0.4249376281E-09   0.1085718859E-06
   0.1846000000E-08   0.5878947224E+00   0.1052065137E-02   0.2735359091E+02   0.1031996143E-03   0.4249011098E-09   0.1085718849E-06
   0.1851000000E-08   0.5893926828E+00   0.1052065126E-02   0.2735359091E+02   0.1031996143E-03   0.4248645915E-09   0.1085718839E-06
   0.1856000000E-08   0.5908906432E+00   0.1052065115E-02   0.2735359091E+02   0.1031996143E-03   0.4248280732E-09   0.1085718829E-06
   0.1861000000E-08   0.5923886036E+00   0.1052065104E-02   0.2735359091E+02   0.1031996143E-03   0.4247915549E-09   0.1085718819E-06
   0.1866000000E-08   0.5938865640E+00   0.1052065093E-02   0.2735359091E+02   0.1031996143E-03   0.4247550366E-09   0.1085718809E-06
   0.1871000000E-08   0.5953845244E+00   0.1052065082E-02   0.2735359091E+02   0.1031996143E-03   0.4247185183E-09   0.1085718799E-06
   0.1876000000E-08   0.5968824848E+00   0.1052065071E-02   0.2735359091E+02   0.1031996143E-03   0.4246820000E-09   0.1085718790E-06
   0.1881000000E-08   0.5983804452E+00   0.1052065060E-02   0.2735359091E+02   0.1031996143E-03   0.4246454817E-09   0.1085718780E-06
   0.1886000000E-08   0.5998784056E+00   0.1052065049E-02   0.2735359091E+02   0.1031996143E-03   0.4246089634E-09   0.1085718770E-06
   0.1891000000E-08   0.6013763660E+00   0.1052065038E-02   0.2735359091E+02   0.1031996143E-03   0.4245724451E-09   0.1085718760E-06
   0.1896000000E-08   0.6028743264E+00   0.1052065027E-02   0.2735359091E+02   0.1031996143E-03   0.4245359268E-09   0.1085718750E-06
   0.1901000000E-08   0.6043722868E+00   0.1052065016E-02   0.2735359091E+02   0.1031996143E-03   0.4244994086E-09   0.1085718740E-06
   0.1906000000E-08   0.6058702472E+00   0.1052065006E-02   0.2735359091E+02   0.1031996143E-03   0.4244628903E-09   0.1085718730E-06
   0.1911000000E-08   0.6073682077E+00   0.1052064995E-02   0.2735359091E+02   0.1031996143E-03   0.4244263720E-09   0.1085718720E-06
   0.1916000000E-08   0.6088661681E+00   0.1052064984E-02   0.2735359091E+02   0.1031996143E-03   0.4243898537E-09   0.1085718711E-06
   0.1921000000E-08   0.6103641285E+00   0.1052064973E-02   0.2735359091E+02   0.1031996143E-03   0.4243533354E-09   0.1085718701E-06
   0.1926000000E-08   0.6118620889E+00   0.1052064962E-02   0.2735359091E+02   0.1031996143E-03   0.4243168171E-09   0.1085718691E-06
   0.1931000000E-08   0.6133600493E+00   0.1052064951E-02   0.2735359091E+02   0.1031996143E-03   0.4242802988E-09   0.1085718681E-06
   0.1936000000E-08   0.6148580097E+00   0.1052064940E-02   0.2735359091E+02   0.1031996143E-03   0.4242437805E-09   0.1085718671E-06
   0.1941000000E-08   0.6163559701E+00   0.1052064929E-02   0.2735359091E+02   0.1031996143E-03   0.4242072622E-09   0.1085718661E-06
   0.1946000000E-08   0.6178539305E+00   0.1052064918E-02   0.2735359091E+02   0.1031996143E-03   0.4241707439E-09   0.1085718651E-06
   0.1951000000E-08   0.6193518909E+00   0.1052064907E-02   0.2735359091E+02   0.1031996143E-03   0.4241342256E-09   0.1085718642E-06
   0.1956000000E-08   0.6208498513E+00   0.1052064896E-02   0.2735359091E+02   0.1031996143E-03   0.4240977073E-09   0.1085718632E-06
   0.1961000000E-08   0.6223478117E+00   0.1052064885E-02   0.2735359091E+02   0.1031996143E-03   0.4240611890E-09   0.1085718622E-06
   0.1966000000E-08   0.6238457721E+00   0.1052064874E-02   0.2735359091E+02   0.1031996143E-03   0.4240246707E-09   0.1085718612E-06
   0.1971000000E-08   0.6253437325E+00   0.1052064863E-02   0.2735359091E+02   0.1031996143E-03   0.4239881524E-09   0.1085718602E-06
   0.1976000000E-08   0.6268416929E+00   0.1052064853E-02   0.2735359091E+02   0.1031996143E-03   0.4239516341E-09   0.1085718592E-06
   0.1981000000E-08   0.6283396533E+00   0.1052064842E-02   0.2735359091E+02   0.1031996143E-03   0.4239151158E-09   0.1085718583E-06
   0.1986000000E-08   0.6298376137E+00   0.1052064831E-02   0.2735359091E+02   0.1031996143E-03   0.4238785975E-09   0.1085718573E-06
   0.1991000000E-08   0.6313355741E+00   0.1052064820E-02   0.2735359091E+02   0.1031996143E-03   0.4238420792E-09   0.1085718563E-06
   0.1996000000E-08   0.6328335345E+00   0.1052064809E-02   0.2735359091E+02   0.1031996143E-03   0.4238055609E-09   0.1085718553E-06
   0.2001000000E-08   0.6343314949E+00   0.1052064798E-02   0.2735359091E+02   0.1031996143E-03   0.4237690426E-09   0.1085718543E-06
   0.2006000000E-08   0.6358294553E+00   0.1052064787E-02   0.2735359091E+02   0.1031996143E-03   0.4237325243E-09   0.1085718533E-06
   0.2011000000E-08   0.6373274157E+00   0.1052064776E-02   0.2735359091E+02   0.1031996143E-03   0.4236960061E-09   0.1085718524E-06
   0.2016000000E-08   0.6388253761E+00   0.1052064765E-02   0.2735359091E+02   0.1031996143E-03   0.4236594878E-09   0.1085718514E-06
   0.2021000000E-08   0.6403233365E+00   0.1052064754E-02   0.2735359091E+02   0.1031996143E-03   0.4236229695E-09   0.1085718504E-06
   0.2026000000E-08   0.6418212969E+00   0.1052064743E-02   0.2735359091E+02   0.1031996143E-03   0.4235864512E-09   0.1085718494E-06
   0.2031000000E-08   0.6433192573E+00   0.1052064733E-02   0.2735359091E+02   0.1031996143E-03   0.4235499329E-09   0.1085718484E-06
   0.2036000000E-08   0.6448172177E+00   0.1052064722E-02   0.2735359091E+02   0.1031996143E-03   0.4235134146E-09   0.1085718474E-06
   0.2041000000E-08   0.6463151781E+00   0.1052064711E-02   0.2735359091E+02   0.1031996143E-03   0.4234768963E-09   0.1085718465E-06
   0.2046000000E-08   0.6478131385E+00   0.1052064700E-02   0.2735359091E+02   0.1031996143E-03   0.4234403780E-09   0.1085718455E-06
   0.2051000000E-08   0.6493110989E+00   0.1052064689E-02   0.2735359091E+02   0.1031996143E-03   0.4234038597E-09   0.1085718445E-06
   0.2056000000E-08   0.6508090593E+00   0.1052064678E-02   0.2735359091E+02   0.1031996143E-03   0.4233673414E-09   0.1085718435E-06
   0.2061000000E-08   0.6523070197E+00   0.1052064667E-02   0.2735359091E+02   0.1031996143E-03   0.4233308231E-09   0.1085718425E-06
   0.2066000000E-08   0.6538049801E+00   0.1052064656E-02   0.2735359091E+02   0.1031996143E-03   0.4232943048E-09   0.1085718416E-06
   0.2071000000E-08   0.6553029405E+00   0.1052064645E-02   0.2735359091E+02   0.1031996143E-03   0.4232577865E-09   0.1085718406E-06
   0.2076000000E-08   0.6568009010E+00   0.1052064635E-02   0.2735359091E+02   0.1031996143E-03   0.4232212682E-09   0.1085718396E-06
   0.2081000000E-08   0.6582988614E+00   0.1052064624E-02   0.2735359091E+02   0.1031996143E-03   0.4231847499E-09   0.1085718386E-06
   0.2086000000E-08   0.6597968218E+00   0.1052064613E-02   0.2735359091E+02   0.1031996143E-03   0.4231482316E-09   0.1085718376E-06
   0.2091000000E-08   0.6612947822E+00   0.1052064602E-02   0.2735359091E+02   0.1031996143E-03   0.4231117133E-09   0.1085718367E-06
   0.2096000000E-08   0.6627927426E+00   0.1052064591E-02   0.2735359091E+02   0.1031996143E-03   0.4230751950E-09   0.1085718357E-06
   0.2101000000E-08   0.6642907030E+00   0.1052064580E-02   0.2735359091E+02   0.1031996143E-03   0.4230386767E-09   0.1085718347E-06
   0.2106000000E-08   0.6657886634E+00   0.1052064569E-02   0.2735359091E+02   0.1031996143E-03   0.4230021584E-09   0.1085718337E-06
   0.2111000000E-08   0.6672866238E+00   0.1052064558E-02   0.2735359091E+02   0.1031996143E-03   0.4229656401E-09   0.1085718327E-06
   0.2116000000E-08   0.6687845842E+00   0.1052064548E-02   0.2735359091E+02   0.1031996143E-03   0.4229291219E-09   0.1085718318E-06
   0.2121000000E-08   0.6702825446E+00   0.1052064537E-02   0.2735359091E+02   0.1031996143E-03   0.4228926036E-09   0.1085718308E-06
   0.2126000000E-08   0.6717805050E+00   0.1052064526E-02   0.2735359091E+02   0.1031996143E-03   0.4228560853E-09   0.1085718298E-06
   0.2131000000E-08   0.6732784654E+00   0.1052064515E-02   0.2735359091E+02   0.1031996143E-03   0.4228195670E-09   0.1085718288E-06
   0.2136000000E-08   0.6747764258E+00   0.1052064504E-02   0.2735359091E+02   0.1031996143E-03   0.4227830487E-09   0.1085718278E-06
   0.2141000000E-08   0.6762743862E+00   0.1052064493E-02   0.2735359091E+02   0.1031996143E-03   0.4227465304E-09   0.1085718269E-06
   0.2146000000E-08   0.6777723466E+00   0.1052064482E-02   0.2735359091E+02   0.1031996143E-03   0.4227100121E-09   0.1085718259E-06
   0.2151000000E-08   0.6792703070E+00   0.1052064472E-02   0.2735359091E+02   0.1031996143E-03   0.4226734938E-09   0.1085718249E-06
   0.2156000000E-08   0.6807682674E+00   0.1052064461E-02   0.2735359091E+02   0.1031996143E-03   0.4226369755E-09   0.1085718239E-06
   0.2161000000E-08   0.6822662278E+00   0.1052064450E-02   0.2735359091E+02   0.1031996143E-03   0.4226004572E-09   0.1085718230E-06
   0.2166000000E-08   0.6837641882E+00   0.1052064439E-02   0.2735359091E+02   0.1031996143E-03   0.4225639389E-09   0.1085718220E-06
   0.2171000000E-08   0.6852621486E+00   0.1052064428E-02   0.2735359091E+02   0.1031996143E-03   0.4225274206E-09   0.1085718210E-06
   0.2176000000E-08   0.6867601090E+00   0.1052064417E-02   0.2735359091E+02   0.1031996143E-03   0.4224909023E-09   0.1085718200E-06
   0.2181000000E-08   0.6882580694E+00   0.1052064407E-02   0.2735359091E+02   0.1031996143E-03   0.4224543840E-09   0.1085718191E-06
   0.2186000000E-08   0.6897560298E+00   0.1052064396E-02   0.2735359091E+02   0.1031996143E-03   0.4224178657E-09   0.1085718181E-06
   0.2191000000E-08   0.6912539902E+00   0.1052064385E-02   0.2735359091E+02   0.1031996143E-03   0.4223813474E-09   0.1085718171E-06
   0.2196000000E-08   0.6927519506E+00   0.1052064374E-02   0.2735359091E+02   0.1031996143E-03   0.4223448291E-09   0.1085718161E-06
   0.2201000000E-08   0.6942499110E+00   0.1052064363E-02   0.2735359091E+02   0.1031996143E-03   0.4223083108E-09   0.1085718152E-06
   0.2206000000E-08   0.6957478714E+00   0.1052064352E-02   0.2735359091E+02   0.1031996143E-03   0.4222717925E-09   0.1085718142E-06
   0.2211000000E-08   0.6972458318E+00   0.1052064342E-02   0.2735359091E+02   0.1031996143E-03   0.4222352742E-09   0.1085718132E-06
   0.2216000000E-08   0.6987437922E+00   0.1052064331E-02   0.2735359091E+02   0.1031996143E-03   0.4221987560E-09   0.1085718122E-06
   0.2221000000E-08   0.7002417526E+00   0.1052064320E-02   0.2735359091E+02   0.1031996143E-03   0.4221622377E-09   0.1085718113E-06
   0.2226000000E-08   0.7017397130E+00   0.1052064309E-02   0.2735359091E+02   0.1031996143E-03   0.4221257194E-09   0.1085718103E-06
   0.2231000000E-08   0.7032376734E+00   0.1052064298E-02   0.2735359091E+02   0.1031996143E-03   0.4220892011E-09   0.1085718093E-06
   0.2236000000E-08   0.7047356338E+00   0.1052064288E-02   0.2735359091E+02   0.1031996143E-03   0.4220526828E-09   0.1085718083E-06
   0.2241000000E-08   0.7062335942E+00   0.1052064277E-02   0.2735359091E+02   0.1031996143E-03   0.4220161645E-09   0.1085718074E-06
   0.2246000000E-08   0.7077315547E+00   0.1052064266E-02   0.2735359091E+02   0.1031996143E-03   0.4219796462E-09   0.1085718064E-06
   0.2251000000E-08   0.7092295151E+00   0.1052064255E-02   0.2735359091E+02   0.1031996143E-03   0.4219431279E-09   0.1085718054E-06
   0.2256000000E-08   0.7107274755E+00   0.1052064244E-02   0.2735359091E+02   0.1031996143E-03   0.4219066096E-09   0.1085718044E-06
   0.2261000000E-08   0.7122254359E+00   0.1052064233E-02   0.2735359091E+02   0.1031996143E-03   0.4218700913E-09   0.1085718035E-06
   0.2266000000E-08   0.7137233963E+00   0.1052064223E-02   0.2735359091E+02   0.1031996143E-03   0.4218335730E-09   0.1085718025E-06
   0.2271000000E-08   0.7152213567E+00   0.1052064212E-02   0.2735359091E+02   0.1031996143E-03   0.4217970547E-09   0.1085718015E-06
   0.2276000000E-08   0.7167193171E+00   0.1052064201E-02   0.2735359091E+02   0.1031996143E-03   0.4217605364E-09   0.1085718005E-06
   0.2281000000E-08   0.7182172775E+00   0.1052064190E-02   0.2735359091E+02   0.1031996143E-03   0.4217240181E-09   0.1085717996E-06
   0.2286000000E-08   0.7197152379E+00   0.1052064179E-02   0.2735359091E+02   0.1031996143E-03   0.4216874998E-09   0.1085717986E-06
   0.2291000000E-08   0.7212131983E+00   0.1052064169E-02   0.2735359091E+02   0.1031996143E-03   0.4216509815E-09   0.1085717976E-06
   0.2296000000E-08   0.7227111587E+00   0.1052064158E-02   0.2735359091E+02   0.1031996143E-03   0.4216144632E-09   0.1085717967E-06
   0.2301000000E-08   0.7242091191E+00   0.1052064147E-02   0.2735359091E+02   0.1031996143E-03   0.4215779449E-09   0.1085717957E-06
   0.2306000000E-08   0.7257070795E+00   0.1052064136E-02   0.2735359091E+02   0.1031996143E-03   0.4215414266E-09   0.1085717947E-06
   0.2311000000E-08   0.7272050399E+00   0.1052064126E-02   0.2735359091E+02   0.1031996143E-03   0.4215049083E-09   0.1085717937E-06
   0.2316000000E-08   0.7287030003E+00   0.1052064115E-02   0.2735359091E+02   0.1031996143E-03   0.4214683900E-09   0.1085717928E-06
   0.2321000000E-08   0.7302009607E+00   0.1052064104E-02   0.2735359091E+02   0.1031996143E-03   0.4214318718E-09   0.1085717918E-06
   0.2326000000E-08   0.7316989211E+00   0.1052064093E-02   0.2735359091E+02   0.1031996143E-03   0.4213953535E-09   0.1085717908E-06
   0.2331000000E-08   0.7331968815E+00   0.1052064082E-02   0.2735359091E+02   0.1031996143E-03   0.4213588352E-09   0.1085717899E-06
   0.2336000000E-08   0.7346948419E+00   0.1052064072E-02   0.2735359091E+02   0.1031996143E-03   0.4213223169E-09   0.1085717889E-06
   0.2341000000E-08   0.7361928023E+00   0.1052064061E-02   0.2735359091E+02   0.1031996143E-03   0.4212857986E-09   0.1085717879E-06
   0.2346000000E-08   0.7376907627E+00   0.1052064050E-02   0.2735359091E+02   0.1031996143E-03   0.4212492803E-09   0.1085717869E-06
   0.2351000000E-08   0.7391887231E+00   0.1052064039E-02   0.2735359091E+02   0.1031996143E-03   0.4212127620E-09   0.1085717860E-06
   0.2356000000E-08   0.7406866835E+00   0.1052064029E-02   0.2735359091E+02   0.1031996143E-03   0.4211762437E-09   0.1085717850E-06
   0.2361000000E-08   0.7421846439E+00   0.1052064018E-02   0.2735359091E+02   0.1031996143E-03   0.4211397254E-09   0.1085717840E-06
   0.2366000000E-08   0.7436826043E+00   0.1052064007E-02   0.2735359091E+02   0.1031996143E-03   0.4211032071E-09   0.1085717831E-06
   0.2371000000E-08   0.7451805647E+00   0.1052063996E-02   0.2735359091E+02   0.1031996143E-03   0.4210666888E-09   0.1085717821E-06
   0.2376000000E-08   0.7466785251E+00   0.1052063985E-02   0.2735359091E+02   0.1031996143E-03   0.4210301705E-09   0.1085717811E-06
   0.2381000000E-08   0.7481764855E+00   0.1052063975E-02   0.2735359091E+02   0.1031996143E-03   0.4209936522E-09   0.1085717802E-06
   0.2386000000E-08   0.7496744459E+00   0.1052063964E-02   0.2735359091E+02   0.1031996143E-03   0.4209571339E-09   0.1085717792E-06
   0.2391000000E-08   0.7511724063E+00   0.1052063953E-02   0.2735359091E+02   0.1031996143E-03   0.4209206156E-09   0.1085717782E-06
   0.2396000000E-08   0.7526703667E+00   0.1052063942E-02   0.2735359091E+02   0.1031996143E-03   0.4208840973E-09   0.1085717773E-06
   0.2401000000E-08   0.7541683271E+00   0.1052063932E-02   0.2735359091E+02   0.1031996143E-03   0.4208475790E-09   0.1085717763E-06
   0.2406000000E-08   0.7556662875E+00   0.1052063921E-02   0.2735359091E+02   0.1031996143E-03   0.4208110607E-09   0.1085717753E-06
   0.2411000000E-08   0.7571642480E+00   0.1052063910E-02   0.2735359091E+02   0.1031996143E-03   0.4207745424E-09   0.1085717744E-06
   0.2416000000E-08   0.7586622084E+00   0.1052063899E-02   0.2735359091E+02   0.1031996143E-03   0.4207380241E-09   0.1085717734E-06
   0.2421000000E-08   0.7601601688E+00   0.1052063889E-02   0.2735359091E+02   0.1031996143E-03   0.4207015058E-09   0.1085717724E-06
   0.2426000000E-08   0.7616581292E+00   0.1052063878E-02   0.2735359091E+02   0.1031996143E-03   0.4206649876E-09   0.1085717715E-06
   0.2431000000E-08   0.7631560896E+00   0.1052063867E-02   0.2735359091E+02   0.1031996143E-03   0.4206284693E-09   0.1085717705E-06
   0.2436000000E-08   0.7646540500E+00   0.1052063857E-02   0.2735359091E+02   0.1031996143E-03   0.4205919510E-09   0.1085717695E-06
   0.2441000000E-08   0.7661520104E+00   0.1052063846E-02   0.2735359091E+02   0.1031996143E-03   0.4205554327E-09   0.1085717686E-06
   0.2446000000E-08   0.7676499708E+00   0.1052063835E-02   0.2735359091E+02   0.1031996143E-03   0.4205189144E-09   0.1085717676E-06
   0.2451000000E-08   0.7691479312E+00   0.1052063824E-02   0.2735359091E+02   0.1031996143E-03   0.4204823961E-09   0.1085717666E-06
   0.2456000000E-08   0.7706458916E+00   0.1052063814E-02   0.2735359091E+02   0.1031996143E-03   0.4204458778E-09   0.1085717657E-06
