   0.00000000E+00   0.35004965E-01   0.19262737E-03   0.37550175E-04   0.28863602E-03   0.13210420E-03   0.11312342E-02   0.11361136E-03
   0.36600000E-09   0.14449844E+00   0.18250555E-03   0.17857720E-03   0.28704687E-03   0.10070809E-01   0.11942597E-02   0.11688357E-03
   0.37100000E-09   0.14599640E+00   0.18249024E-03   0.17857720E-03   0.28649530E-03   0.10070809E-01   0.11942597E-02   0.11688357E-03
   0.37600000E-09   0.14749436E+00   0.18247493E-03   0.17857720E-03   0.28594373E-03   0.10070809E-01   0.11942597E-02   0.11688357E-03
   0.38100000E-09   0.14899232E+00   0.18245962E-03   0.17857720E-03   0.28539216E-03   0.10070809E-01   0.11942597E-02   0.11688357E-03
   0.38600000E-09   0.15049028E+00   0.18244431E-03   0.17857720E-03   0.28484059E-03   0.10070809E-01   0.11942596E-02   0.11688357E-03
   0.39100000E-09   0.15198825E+00   0.18242899E-03   0.17857720E-03   0.28428903E-03   0.10070809E-01   0.11942596E-02   0.11688357E-03
   0.39600000E-09   0.15348621E+00   0.18241368E-03   0.17857720E-03   0.28373746E-03   0.10070809E-01   0.11942596E-02   0.11688357E-03
   0.40100000E-09   0.15498417E+00   0.18239835E-03   0.17857720E-03   0.28318589E-03   0.10070809E-01   0.11942596E-02   0.11688357E-03
   0.40600000E-09   0.15648213E+00   0.18238303E-03   0.17857720E-03   0.28263432E-03   0.10070809E-01   0.11942596E-02   0.11688357E-03
   0.41100000E-09   0.15798009E+00   0.18236771E-03   0.17857720E-03   0.28208275E-03   0.10070809E-01   0.11942596E-02   0.11688357E-03
   0.41600000E-09   0.15947805E+00   0.18235238E-03   0.17857720E-03   0.28153118E-03   0.10070809E-01   0.11942596E-02   0.11688357E-03
   0.42100000E-09   0.16097601E+00   0.18233705E-03   0.17857720E-03   0.28097961E-03   0.10070809E-01   0.11942596E-02   0.11688357E-03
   0.42600000E-09   0.16247397E+00   0.18232172E-03   0.17857720E-03   0.28042804E-03   0.10070809E-01   0.11942595E-02   0.11688357E-03
   0.43100000E-09   0.16397193E+00   0.18230638E-03   0.17857720E-03   0.27987647E-03   0.10070809E-01   0.11942595E-02   0.11688357E-03
   0.43600000E-09   0.16546989E+00   0.18229104E-03   0.17857720E-03   0.27932490E-03   0.10070809E-01   0.11942595E-02   0.11688357E-03
   0.44100000E-09   0.16696785E+00   0.18227570E-03   0.17857720E-03   0.27877332E-03   0.10070809E-01   0.11942595E-02   0.11688357E-03
   0.44600000E-09   0.16846581E+00   0.18226036E-03   0.17857720E-03   0.27822175E-03   0.10070809E-01   0.11942595E-02   0.11688357E-03
   0.45100000E-09   0.16996377E+00   0.18224502E-03   0.17857720E-03   0.27767018E-03   0.10070809E-01   0.11942595E-02   0.11688357E-03
   0.45600000E-09   0.17146173E+00   0.18222967E-03   0.17857720E-03   0.27711861E-03   0.10070809E-01   0.11942595E-02   0.11688357E-03
   0.46100000E-09   0.17295969E+00   0.18221432E-03   0.17857720E-03   0.27656704E-03   0.10070809E-01   0.11942595E-02   0.11688357E-03
   0.46600000E-09   0.17445765E+00   0.18219897E-03   0.17857720E-03   0.27601546E-03   0.10070809E-01   0.11942594E-02   0.11688357E-03
   0.47100000E-09   0.17595561E+00   0.18218361E-03   0.17857720E-03   0.27546389E-03   0.10070809E-01   0.11942594E-02   0.11688357E-03
   0.47600000E-09   0.17745357E+00   0.18216826E-03   0.17857720E-03   0.27491232E-03   0.10070809E-01   0.11942594E-02   0.11688357E-03
   0.48100000E-09   0.17895153E+00   0.18215290E-03   0.17857720E-03   0.27436075E-03   0.10070809E-01   0.11942594E-02   0.11688357E-03
   0.48600000E-09   0.18044949E+00   0.18213754E-03   0.17857720E-03   0.27380917E-03   0.10070809E-01   0.11942594E-02   0.11688357E-03
   0.49100000E-09   0.18194745E+00   0.18212217E-03   0.17857720E-03   0.27325760E-03   0.10070809E-01   0.11942594E-02   0.11688357E-03
   0.49600000E-09   0.18344541E+00   0.18210681E-03   0.17857720E-03   0.27270602E-03   0.10070809E-01   0.11942594E-02   0.11688357E-03
   0.50100000E-09   0.18494337E+00   0.18209144E-03   0.17857720E-03   0.27215445E-03   0.10070809E-01   0.11942594E-02   0.11688357E-03
   0.50600000E-09   0.18644133E+00   0.18207607E-03   0.17857720E-03   0.27160288E-03   0.10070809E-01   0.11942594E-02   0.11688357E-03
   0.51100000E-09   0.18793929E+00   0.18206070E-03   0.17857720E-03   0.27105130E-03   0.10070809E-01   0.11942593E-02   0.11688357E-03
   0.51600000E-09   0.18943726E+00   0.18204532E-03   0.17857720E-03   0.27049973E-03   0.10070809E-01   0.11942593E-02   0.11688357E-03
   0.52100000E-09   0.19093522E+00   0.18202994E-03   0.17857720E-03   0.26994815E-03   0.10070809E-01   0.11942593E-02   0.11688357E-03
   0.52600000E-09   0.19243318E+00   0.18201456E-03   0.17857720E-03   0.26939657E-03   0.10070809E-01   0.11942593E-02   0.11688357E-03
   0.53100000E-09   0.19393114E+00   0.18199918E-03   0.17857720E-03   0.26884500E-03   0.10070809E-01   0.11942593E-02   0.11688357E-03
   0.53600000E-09   0.19542910E+00   0.18198379E-03   0.17857720E-03   0.26829342E-03   0.10070809E-01   0.11942593E-02   0.11688357E-03
   0.54100000E-09   0.19692706E+00   0.18196840E-03   0.17857720E-03   0.26774185E-03   0.10070809E-01   0.11942593E-02   0.11688357E-03
   0.54600000E-09   0.19842502E+00   0.18195301E-03   0.17857720E-03   0.26719027E-03   0.10070809E-01   0.11942593E-02   0.11688357E-03
   0.55100000E-09   0.19992298E+00   0.18193762E-03   0.17857720E-03   0.26663869E-03   0.10070809E-01   0.11942592E-02   0.11688357E-03
   0.55600000E-09   0.20142094E+00   0.18192223E-03   0.17857720E-03   0.26608711E-03   0.10070809E-01   0.11942592E-02   0.11688357E-03
   0.56100000E-09   0.20291890E+00   0.18190683E-03   0.17857720E-03   0.26553554E-03   0.10070809E-01   0.11942592E-02   0.11688357E-03
   0.56600000E-09   0.20441686E+00   0.18189143E-03   0.17857720E-03   0.26498396E-03   0.10070809E-01   0.11942592E-02   0.11688357E-03
   0.57100000E-09   0.20591482E+00   0.18187603E-03   0.17857720E-03   0.26443238E-03   0.10070809E-01   0.11942592E-02   0.11688357E-03
   0.57600000E-09   0.20741278E+00   0.18186062E-03   0.17857720E-03   0.26388080E-03   0.10070809E-01   0.11942592E-02   0.11688357E-03
   0.58100000E-09   0.20891074E+00   0.18184521E-03   0.17857720E-03   0.26332922E-03   0.10070809E-01   0.11942592E-02   0.11688357E-03
   0.58600000E-09   0.21040870E+00   0.18182980E-03   0.17857720E-03   0.26277764E-03   0.10070809E-01   0.11942592E-02   0.11688357E-03
   0.59100000E-09   0.21190666E+00   0.18181439E-03   0.17857720E-03   0.26222606E-03   0.10070809E-01   0.11942591E-02   0.11688357E-03
   0.59600000E-09   0.21340462E+00   0.18179898E-03   0.17857720E-03   0.26167448E-03   0.10070809E-01   0.11942591E-02   0.11688357E-03
   0.60100000E-09   0.21490258E+00   0.18178356E-03   0.17857720E-03   0.26112290E-03   0.10070809E-01   0.11942591E-02   0.11688357E-03
   0.60600000E-09   0.21640054E+00   0.18176814E-03   0.17857720E-03   0.26057132E-03   0.10070809E-01   0.11942591E-02   0.11688357E-03
   0.61100000E-09   0.21789850E+00   0.18175272E-03   0.17857720E-03   0.26001974E-03   0.10070809E-01   0.11942591E-02   0.11688357E-03
   0.61600000E-09   0.21939646E+00   0.18173730E-03   0.17857720E-03   0.25946816E-03   0.10070809E-01   0.11942591E-02   0.11688357E-03
   0.62100000E-09   0.22089442E+00   0.18172187E-03   0.17857720E-03   0.25891658E-03   0.10070809E-01   0.11942591E-02   0.11688357E-03
   0.62600000E-09   0.22239238E+00   0.18170644E-03   0.17857720E-03   0.25836500E-03   0.10070809E-01   0.11942591E-02   0.11688357E-03
   0.63100000E-09   0.22389034E+00   0.18169101E-03   0.17857720E-03   0.25781342E-03   0.10070809E-01   0.11942591E-02   0.11688357E-03
   0.63600000E-09   0.22538830E+00   0.18167557E-03   0.17857720E-03   0.25726184E-03   0.10070809E-01   0.11942590E-02   0.11688357E-03
   0.64100000E-09   0.22688627E+00   0.18166014E-03   0.17857720E-03   0.25671025E-03   0.10070809E-01   0.11942590E-02   0.11688357E-03
   0.64600000E-09   0.22838423E+00   0.18164470E-03   0.17857720E-03   0.25615867E-03   0.10070809E-01   0.11942590E-02   0.11688357E-03
   0.65100000E-09   0.22988219E+00   0.18162926E-03   0.17857720E-03   0.25560709E-03   0.10070809E-01   0.11942590E-02   0.11688357E-03
   0.65600000E-09   0.23138015E+00   0.18161381E-03   0.17857720E-03   0.25505550E-03   0.10070809E-01   0.11942590E-02   0.11688357E-03
   0.66100000E-09   0.23287811E+00   0.18159837E-03   0.17857720E-03   0.25450392E-03   0.10070809E-01   0.11942590E-02   0.11688357E-03
   0.66600000E-09   0.23437607E+00   0.18158292E-03   0.17857720E-03   0.25395234E-03   0.10070809E-01   0.11942590E-02   0.11688357E-03
   0.67100000E-09   0.23587403E+00   0.18156747E-03   0.17857720E-03   0.25340075E-03   0.10070809E-01   0.11942590E-02   0.11688357E-03
   0.67600000E-09   0.23737199E+00   0.18155201E-03   0.17857720E-03   0.25284917E-03   0.10070809E-01   0.11942589E-02   0.11688357E-03
   0.68100000E-09   0.23886995E+00   0.18153656E-03   0.17857720E-03   0.25229758E-03   0.10070809E-01   0.11942589E-02   0.11688357E-03
   0.68600000E-09   0.24036791E+00   0.18152110E-03   0.17857720E-03   0.25174600E-03   0.10070809E-01   0.11942589E-02   0.11688357E-03
   0.69100000E-09   0.24186587E+00   0.18150564E-03   0.17857720E-03   0.25119441E-03   0.10070809E-01   0.11942589E-02   0.11688357E-03
   0.69600000E-09   0.24336383E+00   0.18149017E-03   0.17857720E-03   0.25064282E-03   0.10070809E-01   0.11942589E-02   0.11688357E-03
   0.70100000E-09   0.24486179E+00   0.18147471E-03   0.17857720E-03   0.25009124E-03   0.10070809E-01   0.11942589E-02   0.11688357E-03
   0.70600000E-09   0.24635975E+00   0.18145924E-03   0.17857720E-03   0.24953965E-03   0.10070809E-01   0.11942589E-02   0.11688357E-03
   0.71100000E-09   0.24785771E+00   0.18144377E-03   0.17857720E-03   0.24898806E-03   0.10070809E-01   0.11942589E-02   0.11688357E-03
   0.71600000E-09   0.24935567E+00   0.18142830E-03   0.17857720E-03   0.24843648E-03   0.10070809E-01   0.11942588E-02   0.11688357E-03
   0.72100000E-09   0.25085363E+00   0.18141282E-03   0.17857720E-03   0.24788489E-03   0.10070809E-01   0.11942588E-02   0.11688357E-03
   0.72600000E-09   0.25235159E+00   0.18139734E-03   0.17857720E-03   0.24733330E-03   0.10070809E-01   0.11942588E-02   0.11688357E-03
   0.73100000E-09   0.25384955E+00   0.18138186E-03   0.17857720E-03   0.24678171E-03   0.10070809E-01   0.11942588E-02   0.11688357E-03
   0.73600000E-09   0.25534751E+00   0.18136638E-03   0.17857720E-03   0.24623012E-03   0.10070809E-01   0.11942588E-02   0.11688357E-03
   0.74100000E-09   0.25684547E+00   0.18135089E-03   0.17857720E-03   0.24567853E-03   0.10070809E-01   0.11942588E-02   0.11688357E-03
   0.74600000E-09   0.25834343E+00   0.18133541E-03   0.17857720E-03   0.24512694E-03   0.10070809E-01   0.11942588E-02   0.11688357E-03
   0.75100000E-09   0.25984139E+00   0.18131992E-03   0.17857720E-03   0.24457535E-03   0.10070809E-01   0.11942588E-02   0.11688357E-03
   0.75600000E-09   0.26133935E+00   0.18130442E-03   0.17857720E-03   0.24402376E-03   0.10070809E-01   0.11942588E-02   0.11688357E-03
   0.76100000E-09   0.26283731E+00   0.18128893E-03   0.17857720E-03   0.24347217E-03   0.10070809E-01   0.11942587E-02   0.11688357E-03
   0.76600000E-09   0.26433528E+00   0.18127343E-03   0.17857720E-03   0.24292058E-03   0.10070809E-01   0.11942587E-02   0.11688357E-03
   0.77100000E-09   0.26583324E+00   0.18125793E-03   0.17857720E-03   0.24236899E-03   0.10070809E-01   0.11942587E-02   0.11688357E-03
   0.77600000E-09   0.26733120E+00   0.18124243E-03   0.17857720E-03   0.24181740E-03   0.10070809E-01   0.11942587E-02   0.11688357E-03
   0.78100000E-09   0.26882916E+00   0.18122692E-03   0.17857720E-03   0.24126580E-03   0.10070809E-01   0.11942587E-02   0.11688357E-03
   0.78600000E-09   0.27032712E+00   0.18121141E-03   0.17857720E-03   0.24071421E-03   0.10070809E-01   0.11942587E-02   0.11688357E-03
   0.79100000E-09   0.27182508E+00   0.18119590E-03   0.17857720E-03   0.24016262E-03   0.10070809E-01   0.11942587E-02   0.11688357E-03
   0.79600000E-09   0.27332304E+00   0.18118039E-03   0.17857720E-03   0.23961103E-03   0.10070809E-01   0.11942587E-02   0.11688357E-03
   0.80100000E-09   0.27482100E+00   0.18116488E-03   0.17857720E-03   0.23905943E-03   0.10070809E-01   0.11942586E-02   0.11688357E-03
   0.80600000E-09   0.27631896E+00   0.18114936E-03   0.17857720E-03   0.23850784E-03   0.10070809E-01   0.11942586E-02   0.11688357E-03
   0.81100000E-09   0.27781692E+00   0.18113384E-03   0.17857720E-03   0.23795624E-03   0.10070809E-01   0.11942586E-02   0.11688357E-03
   0.81600000E-09   0.27931488E+00   0.18111832E-03   0.17857720E-03   0.23740465E-03   0.10070809E-01   0.11942586E-02   0.11688357E-03
   0.82100000E-09   0.28081284E+00   0.18110279E-03   0.17857720E-03   0.23685305E-03   0.10070809E-01   0.11942586E-02   0.11688357E-03
   0.82600000E-09   0.28231080E+00   0.18108726E-03   0.17857720E-03   0.23630146E-03   0.10070809E-01   0.11942586E-02   0.11688357E-03
   0.83100000E-09   0.28380876E+00   0.18107173E-03   0.17857720E-03   0.23574986E-03   0.10070809E-01   0.11942586E-02   0.11688357E-03
   0.83600000E-09   0.28530672E+00   0.18105620E-03   0.17857720E-03   0.23519826E-03   0.10070809E-01   0.11942586E-02   0.11688357E-03
   0.84100000E-09   0.28680468E+00   0.18104067E-03   0.17857720E-03   0.23464667E-03   0.10070809E-01   0.11942585E-02   0.11688357E-03
   0.84600000E-09   0.28830264E+00   0.18102513E-03   0.17857720E-03   0.23409507E-03   0.10070809E-01   0.11942585E-02   0.11688357E-03
   0.85100000E-09   0.28980060E+00   0.18100959E-03   0.17857720E-03   0.23354347E-03   0.10070809E-01   0.11942585E-02   0.11688357E-03
   0.85600000E-09   0.29129856E+00   0.18099405E-03   0.17857720E-03   0.23299187E-03   0.10070809E-01   0.11942585E-02   0.11688357E-03
   0.86100000E-09   0.29279652E+00   0.18097850E-03   0.17857720E-03   0.23244027E-03   0.10070809E-01   0.11942585E-02   0.11688357E-03
   0.86600000E-09   0.29429448E+00   0.18096295E-03   0.17857720E-03   0.23188867E-03   0.10070809E-01   0.11942585E-02   0.11688357E-03
   0.87100000E-09   0.29579244E+00   0.18094740E-03   0.17857720E-03   0.23133707E-03   0.10070809E-01   0.11942585E-02   0.11688357E-03
   0.87600000E-09   0.29729040E+00   0.18093185E-03   0.17857720E-03   0.23078547E-03   0.10070809E-01   0.11942585E-02   0.11688357E-03
   0.88100000E-09   0.29878836E+00   0.18091630E-03   0.17857720E-03   0.23023387E-03   0.10070809E-01   0.11942585E-02   0.11688357E-03
   0.88600000E-09   0.30028633E+00   0.18090074E-03   0.17857720E-03   0.22968227E-03   0.10070809E-01   0.11942584E-02   0.11688357E-03
   0.89100000E-09   0.30178429E+00   0.18088518E-03   0.17857720E-03   0.22913067E-03   0.10070809E-01   0.11942584E-02   0.11688357E-03
   0.89600000E-09   0.30328225E+00   0.18086962E-03   0.17857720E-03   0.22857907E-03   0.10070809E-01   0.11942584E-02   0.11688357E-03
   0.90100000E-09   0.30478021E+00   0.18085405E-03   0.17857720E-03   0.22802747E-03   0.10070809E-01   0.11942584E-02   0.11688357E-03
   0.90600000E-09   0.30627817E+00   0.18083849E-03   0.17857720E-03   0.22747586E-03   0.10070809E-01   0.11942584E-02   0.11688357E-03
   0.91100000E-09   0.30777613E+00   0.18082292E-03   0.17857720E-03   0.22692426E-03   0.10070809E-01   0.11942584E-02   0.11688357E-03
   0.91600000E-09   0.30927409E+00   0.18080734E-03   0.17857720E-03   0.22637266E-03   0.10070809E-01   0.11942584E-02   0.11688357E-03
   0.92100000E-09   0.31077205E+00   0.18079177E-03   0.17857720E-03   0.22582105E-03   0.10070809E-01   0.11942584E-02   0.11688357E-03
   0.92600000E-09   0.31227001E+00   0.18077619E-03   0.17857720E-03   0.22526945E-03   0.10070809E-01   0.11942583E-02   0.11688357E-03
   0.93100000E-09   0.31376797E+00   0.18076061E-03   0.17857720E-03   0.22471784E-03   0.10070809E-01   0.11942583E-02   0.11688357E-03
   0.93600000E-09   0.31526593E+00   0.18074503E-03   0.17857720E-03   0.22416624E-03   0.10070809E-01   0.11942583E-02   0.11688357E-03
   0.94100000E-09   0.31676389E+00   0.18072945E-03   0.17857720E-03   0.22361463E-03   0.10070809E-01   0.11942583E-02   0.11688357E-03
   0.94600000E-09   0.31826185E+00   0.18071386E-03   0.17857720E-03   0.22306303E-03   0.10070809E-01   0.11942583E-02   0.11688357E-03
   0.95100000E-09   0.31975981E+00   0.18069827E-03   0.17857720E-03   0.22251142E-03   0.10070809E-01   0.11942583E-02   0.11688357E-03
   0.95600000E-09   0.32125777E+00   0.18068268E-03   0.17857720E-03   0.22195981E-03   0.10070809E-01   0.11942583E-02   0.11688357E-03
   0.96100000E-09   0.32275573E+00   0.18066708E-03   0.17857720E-03   0.22140820E-03   0.10070809E-01   0.11942583E-02   0.11688357E-03
   0.96600000E-09   0.32425369E+00   0.18065148E-03   0.17857720E-03   0.22085660E-03   0.10070809E-01   0.11942583E-02   0.11688357E-03
   0.97100000E-09   0.32575165E+00   0.18063588E-03   0.17857720E-03   0.22030499E-03   0.10070809E-01   0.11942582E-02   0.11688357E-03
   0.97600000E-09   0.32724961E+00   0.18062028E-03   0.17857720E-03   0.21975338E-03   0.10070809E-01   0.11942582E-02   0.11688357E-03
   0.98100000E-09   0.32874757E+00   0.18060468E-03   0.17857720E-03   0.21920177E-03   0.10070809E-01   0.11942582E-02   0.11688357E-03
   0.98600000E-09   0.33024553E+00   0.18058907E-03   0.17857720E-03   0.21865016E-03   0.10070809E-01   0.11942582E-02   0.11688357E-03
   0.99100000E-09   0.33174349E+00   0.18057346E-03   0.17857720E-03   0.21809855E-03   0.10070809E-01   0.11942582E-02   0.11688357E-03
   0.99600000E-09   0.33324145E+00   0.18055785E-03   0.17857720E-03   0.21754693E-03   0.10070809E-01   0.11942582E-02   0.11688357E-03
   0.10010000E-08   0.33473941E+00   0.18054223E-03   0.17857720E-03   0.21699532E-03   0.10070809E-01   0.11942582E-02   0.11688357E-03
   0.10060000E-08   0.33623737E+00   0.18052661E-03   0.17857720E-03   0.21644371E-03   0.10070809E-01   0.11942582E-02   0.11688357E-03
   0.10110000E-08   0.33773534E+00   0.18051099E-03   0.17857720E-03   0.21589210E-03   0.10070809E-01   0.11942581E-02   0.11688357E-03
   0.10160000E-08   0.33923330E+00   0.18049537E-03   0.17857720E-03   0.21534048E-03   0.10070809E-01   0.11942581E-02   0.11688357E-03
   0.10210000E-08   0.34073126E+00   0.18047975E-03   0.17857720E-03   0.21478887E-03   0.10070809E-01   0.11942581E-02   0.11688357E-03
   0.10260000E-08   0.34222922E+00   0.18046412E-03   0.17857720E-03   0.21423725E-03   0.10070809E-01   0.11942581E-02   0.11688357E-03
   0.10310000E-08   0.34372718E+00   0.18044849E-03   0.17857720E-03   0.21368564E-03   0.10070809E-01   0.11942581E-02   0.11688357E-03
   0.10360000E-08   0.34522514E+00   0.18043286E-03   0.17857720E-03   0.21313402E-03   0.10070809E-01   0.11942581E-02   0.11688357E-03
   0.10410000E-08   0.34672310E+00   0.18041722E-03   0.17857720E-03   0.21258241E-03   0.10070809E-01   0.11942581E-02   0.11688357E-03
   0.10460000E-08   0.34822106E+00   0.18040158E-03   0.17857720E-03   0.21203079E-03   0.10070809E-01   0.11942581E-02   0.11688357E-03
   0.10510000E-08   0.34971902E+00   0.18038594E-03   0.17857720E-03   0.21147917E-03   0.10070809E-01   0.11942581E-02   0.11688357E-03
   0.10560000E-08   0.35121698E+00   0.18037030E-03   0.17857720E-03   0.21092756E-03   0.10070809E-01   0.11942580E-02   0.11688357E-03
   0.10610000E-08   0.35271494E+00   0.18035466E-03   0.17857720E-03   0.21037594E-03   0.10070809E-01   0.11942580E-02   0.11688357E-03
   0.10660000E-08   0.35421290E+00   0.18033901E-03   0.17857720E-03   0.20982432E-03   0.10070809E-01   0.11942580E-02   0.11688357E-03
   0.10710000E-08   0.35571086E+00   0.18032336E-03   0.17857720E-03   0.20927270E-03   0.10070809E-01   0.11942580E-02   0.11688357E-03
   0.10760000E-08   0.35720882E+00   0.18030770E-03   0.17857720E-03   0.20872108E-03   0.10070809E-01   0.11942580E-02   0.11688357E-03
   0.10810000E-08   0.35870678E+00   0.18029205E-03   0.17857720E-03   0.20816946E-03   0.10070809E-01   0.11942580E-02   0.11688357E-03
   0.10860000E-08   0.36020474E+00   0.18027639E-03   0.17857720E-03   0.20761784E-03   0.10070809E-01   0.11942580E-02   0.11688357E-03
   0.10910000E-08   0.36170270E+00   0.18026073E-03   0.17857720E-03   0.20706621E-03   0.10070809E-01   0.11942580E-02   0.11688357E-03
   0.10960000E-08   0.36320066E+00   0.18024507E-03   0.17857720E-03   0.20651459E-03   0.10070809E-01   0.11942579E-02   0.11688357E-03
   0.11010000E-08   0.36469862E+00   0.18022940E-03   0.17857720E-03   0.20596297E-03   0.10070809E-01   0.11942579E-02   0.11688357E-03
   0.11060000E-08   0.36619658E+00   0.18021373E-03   0.17857720E-03   0.20541134E-03   0.10070809E-01   0.11942579E-02   0.11688357E-03
   0.11110000E-08   0.36769454E+00   0.18019806E-03   0.17857720E-03   0.20485972E-03   0.10070809E-01   0.11942579E-02   0.11688357E-03
   0.11160000E-08   0.36919250E+00   0.18018239E-03   0.17857720E-03   0.20430809E-03   0.10070809E-01   0.11942579E-02   0.11688357E-03
   0.11210000E-08   0.37069046E+00   0.18016671E-03   0.17857720E-03   0.20375647E-03   0.10070809E-01   0.11942579E-02   0.11688357E-03
   0.11260000E-08   0.37218842E+00   0.18015104E-03   0.17857720E-03   0.20320484E-03   0.10070809E-01   0.11942579E-02   0.11688357E-03
   0.11310000E-08   0.37368638E+00   0.18013536E-03   0.17857720E-03   0.20265322E-03   0.10070809E-01   0.11942579E-02   0.11688357E-03
   0.11360000E-08   0.37518435E+00   0.18011967E-03   0.17857720E-03   0.20210159E-03   0.10070809E-01   0.11942578E-02   0.11688357E-03
   0.11410000E-08   0.37668231E+00   0.18010399E-03   0.17857720E-03   0.20154996E-03   0.10070809E-01   0.11942578E-02   0.11688357E-03
   0.11460000E-08   0.37818027E+00   0.18008830E-03   0.17857720E-03   0.20099833E-03   0.10070809E-01   0.11942578E-02   0.11688357E-03
   0.11510000E-08   0.37967823E+00   0.18007261E-03   0.17857720E-03   0.20044670E-03   0.10070809E-01   0.11942578E-02   0.11688357E-03
   0.11560000E-08   0.38117619E+00   0.18005691E-03   0.17857720E-03   0.19989507E-03   0.10070809E-01   0.11942578E-02   0.11688357E-03
   0.11610000E-08   0.38267415E+00   0.18004122E-03   0.17857720E-03   0.19934344E-03   0.10070809E-01   0.11942578E-02   0.11688357E-03
   0.11660000E-08   0.38417211E+00   0.18002552E-03   0.17857720E-03   0.19879181E-03   0.10070809E-01   0.11942578E-02   0.11688357E-03
   0.11710000E-08   0.38567007E+00   0.18000982E-03   0.17857720E-03   0.19824018E-03   0.10070809E-01   0.11942578E-02   0.11688357E-03
   0.11760000E-08   0.38716803E+00   0.17999411E-03   0.17857720E-03   0.19768854E-03   0.10070809E-01   0.11942578E-02   0.11688357E-03
   0.11810000E-08   0.38866599E+00   0.17997841E-03   0.17857720E-03   0.19713691E-03   0.10070809E-01   0.11942577E-02   0.11688357E-03
   0.11860000E-08   0.39016395E+00   0.17996270E-03   0.17857720E-03   0.19658528E-03   0.10070809E-01   0.11942577E-02   0.11688357E-03
   0.11910000E-08   0.39166191E+00   0.17994699E-03   0.17857720E-03   0.19603364E-03   0.10070809E-01   0.11942577E-02   0.11688357E-03
   0.11960000E-08   0.39315987E+00   0.17993127E-03   0.17857720E-03   0.19548201E-03   0.10070809E-01   0.11942577E-02   0.11688357E-03
   0.12010000E-08   0.39465783E+00   0.17991556E-03   0.17857720E-03   0.19493037E-03   0.10070809E-01   0.11942577E-02   0.11688357E-03
   0.12060000E-08   0.39615579E+00   0.17989984E-03   0.17857720E-03   0.19437873E-03   0.10070809E-01   0.11942577E-02   0.11688357E-03
   0.12110000E-08   0.39765375E+00   0.17988411E-03   0.17857720E-03   0.19382709E-03   0.10070809E-01   0.11942577E-02   0.11688357E-03
   0.12160000E-08   0.39915171E+00   0.17986839E-03   0.17857720E-03   0.19327546E-03   0.10070809E-01   0.11942577E-02   0.11688357E-03
   0.12210000E-08   0.40064967E+00   0.17985266E-03   0.17857720E-03   0.19272382E-03   0.10070809E-01   0.11942576E-02   0.11688357E-03
   0.12260000E-08   0.40214763E+00   0.17983693E-03   0.17857720E-03   0.19217218E-03   0.10070809E-01   0.11942576E-02   0.11688357E-03
   0.12310000E-08   0.40364559E+00   0.17982120E-03   0.17857720E-03   0.19162054E-03   0.10070809E-01   0.11942576E-02   0.11688357E-03
   0.12360000E-08   0.40514355E+00   0.17980547E-03   0.17857720E-03   0.19106889E-03   0.10070809E-01   0.11942576E-02   0.11688357E-03
   0.12410000E-08   0.40664151E+00   0.17978973E-03   0.17857720E-03   0.19051725E-03   0.10070809E-01   0.11942576E-02   0.11688357E-03
   0.12460000E-08   0.40813947E+00   0.17977399E-03   0.17857720E-03   0.18996561E-03   0.10070809E-01   0.11942576E-02   0.11688357E-03
   0.12510000E-08   0.40963743E+00   0.17975825E-03   0.17857720E-03   0.18941396E-03   0.10070809E-01   0.11942576E-02   0.11688357E-03
   0.12560000E-08   0.41113539E+00   0.17974250E-03   0.17857720E-03   0.18886232E-03   0.10070809E-01   0.11942576E-02   0.11688357E-03
   0.12610000E-08   0.41263336E+00   0.17972676E-03   0.17857720E-03   0.18831068E-03   0.10070809E-01   0.11942576E-02   0.11688357E-03
   0.12660000E-08   0.41413132E+00   0.17971101E-03   0.17857720E-03   0.18775903E-03   0.10070809E-01   0.11942575E-02   0.11688357E-03
   0.12710000E-08   0.41562928E+00   0.17969525E-03   0.17857720E-03   0.18720738E-03   0.10070809E-01   0.11942575E-02   0.11688357E-03
   0.12760000E-08   0.41712724E+00   0.17967950E-03   0.17857720E-03   0.18665573E-03   0.10070809E-01   0.11942575E-02   0.11688357E-03
   0.12810000E-08   0.41862520E+00   0.17966374E-03   0.17857720E-03   0.18610409E-03   0.10070809E-01   0.11942575E-02   0.11688357E-03
   0.12860000E-08   0.42012316E+00   0.17964798E-03   0.17857720E-03   0.18555244E-03   0.10070809E-01   0.11942575E-02   0.11688357E-03
   0.12910000E-08   0.42162112E+00   0.17963222E-03   0.17857720E-03   0.18500079E-03   0.10070809E-01   0.11942575E-02   0.11688357E-03
   0.12960000E-08   0.42311908E+00   0.17961645E-03   0.17857720E-03   0.18444914E-03   0.10070809E-01   0.11942575E-02   0.11688357E-03
   0.13010000E-08   0.42461704E+00   0.17960068E-03   0.17857720E-03   0.18389748E-03   0.10070809E-01   0.11942575E-02   0.11688357E-03
   0.13060000E-08   0.42611500E+00   0.17958491E-03   0.17857720E-03   0.18334583E-03   0.10070809E-01   0.11942574E-02   0.11688357E-03
   0.13110000E-08   0.42761296E+00   0.17956914E-03   0.17857720E-03   0.18279418E-03   0.10070809E-01   0.11942574E-02   0.11688357E-03
   0.13160000E-08   0.42911092E+00   0.17955336E-03   0.17857720E-03   0.18224252E-03   0.10070809E-01   0.11942574E-02   0.11688357E-03
   0.13210000E-08   0.43060888E+00   0.17953758E-03   0.17857720E-03   0.18169087E-03   0.10070809E-01   0.11942574E-02   0.11688357E-03
   0.13260000E-08   0.43210684E+00   0.17952180E-03   0.17857720E-03   0.18113921E-03   0.10070809E-01   0.11942574E-02   0.11688357E-03
   0.13310000E-08   0.43360480E+00   0.17950602E-03   0.17857720E-03   0.18058755E-03   0.10070809E-01   0.11942574E-02   0.11688357E-03
   0.13360000E-08   0.43510276E+00   0.17949023E-03   0.17857720E-03   0.18003590E-03   0.10070809E-01   0.11942574E-02   0.11688357E-03
   0.13410000E-08   0.43660072E+00   0.17947444E-03   0.17857720E-03   0.17948424E-03   0.10070809E-01   0.11942574E-02   0.11688357E-03
   0.13460000E-08   0.43809868E+00   0.17945865E-03   0.17857720E-03   0.17893258E-03   0.10070809E-01   0.11942574E-02   0.11688357E-03
   0.13510000E-08   0.43959664E+00   0.17944286E-03   0.17857720E-03   0.17838092E-03   0.10070809E-01   0.11942573E-02   0.11688357E-03
   0.13560000E-08   0.44109460E+00   0.17942706E-03   0.17857720E-03   0.17782926E-03   0.10070809E-01   0.11942573E-02   0.11688357E-03
   0.13610000E-08   0.44259256E+00   0.17941126E-03   0.17857720E-03   0.17727759E-03   0.10070809E-01   0.11942573E-02   0.11688357E-03
   0.13660000E-08   0.44409052E+00   0.17939546E-03   0.17857720E-03   0.17672593E-03   0.10070809E-01   0.11942573E-02   0.11688357E-03
   0.13710000E-08   0.44558848E+00   0.17937966E-03   0.17857720E-03   0.17617427E-03   0.10070809E-01   0.11942573E-02   0.11688357E-03
   0.13760000E-08   0.44708644E+00   0.17936385E-03   0.17857720E-03   0.17562260E-03   0.10070809E-01   0.11942573E-02   0.11688357E-03
   0.13810000E-08   0.44858440E+00   0.17934804E-03   0.17857720E-03   0.17507093E-03   0.10070809E-01   0.11942573E-02   0.11688357E-03
   0.13860000E-08   0.45008237E+00   0.17933223E-03   0.17857720E-03   0.17451927E-03   0.10070809E-01   0.11942573E-02   0.11688357E-03
   0.13910000E-08   0.45158033E+00   0.17931641E-03   0.17857720E-03   0.17396760E-03   0.10070809E-01   0.11942573E-02   0.11688357E-03
   0.13960000E-08   0.45307829E+00   0.17930059E-03   0.17857720E-03   0.17341593E-03   0.10070809E-01   0.11942572E-02   0.11688357E-03
   0.14010000E-08   0.45457625E+00   0.17928477E-03   0.17857720E-03   0.17286426E-03   0.10070809E-01   0.11942572E-02   0.11688357E-03
   0.14060000E-08   0.45607421E+00   0.17926895E-03   0.17857720E-03   0.17231259E-03   0.10070809E-01   0.11942572E-02   0.11688357E-03
   0.14110000E-08   0.45757217E+00   0.17925313E-03   0.17857720E-03   0.17176092E-03   0.10070809E-01   0.11942572E-02   0.11688357E-03
   0.14160000E-08   0.45907013E+00   0.17923730E-03   0.17857720E-03   0.17120924E-03   0.10070809E-01   0.11942572E-02   0.11688357E-03
   0.14210000E-08   0.46056809E+00   0.17922147E-03   0.17857720E-03   0.17065757E-03   0.10070809E-01   0.11942572E-02   0.11688357E-03
   0.14260000E-08   0.46206605E+00   0.17920563E-03   0.17857720E-03   0.17010589E-03   0.10070809E-01   0.11942572E-02   0.11688357E-03
   0.14310000E-08   0.46356401E+00   0.17918980E-03   0.17857720E-03   0.16955422E-03   0.10070809E-01   0.11942572E-02   0.11688357E-03
   0.14360000E-08   0.46506197E+00   0.17917396E-03   0.17857720E-03   0.16900254E-03   0.10070809E-01   0.11942571E-02   0.11688357E-03
   0.14410000E-08   0.46655993E+00   0.17915812E-03   0.17857720E-03   0.16845086E-03   0.10070809E-01   0.11942571E-02   0.11688357E-03
   0.14460000E-08   0.46805789E+00   0.17914227E-03   0.17857720E-03   0.16789918E-03   0.10070809E-01   0.11942571E-02   0.11688357E-03
   0.14510000E-08   0.46955585E+00   0.17912643E-03   0.17857720E-03   0.16734750E-03   0.10070809E-01   0.11942571E-02   0.11688357E-03
   0.14560000E-08   0.47105381E+00   0.17911058E-03   0.17857720E-03   0.16679582E-03   0.10070809E-01   0.11942571E-02   0.11688357E-03
   0.14610000E-08   0.47255177E+00   0.17909473E-03   0.17857720E-03   0.16624413E-03   0.10070809E-01   0.11942571E-02   0.11688357E-03
   0.14660000E-08   0.47404973E+00   0.17907887E-03   0.17857720E-03   0.16569245E-03   0.10070809E-01   0.11942571E-02   0.11688357E-03
   0.14710000E-08   0.47554769E+00   0.17906302E-03   0.17857720E-03   0.16514076E-03   0.10070809E-01   0.11942571E-02   0.11688357E-03
   0.14760000E-08   0.47704565E+00   0.17904716E-03   0.17857720E-03   0.16458908E-03   0.10070809E-01   0.11942571E-02   0.11688357E-03
   0.14810000E-08   0.47854361E+00   0.17903130E-03   0.17857720E-03   0.16403739E-03   0.10070809E-01   0.11942570E-02   0.11688357E-03
   0.14860000E-08   0.48004157E+00   0.17901543E-03   0.17857720E-03   0.16348570E-03   0.10070809E-01   0.11942570E-02   0.11688357E-03
   0.14910000E-08   0.48153953E+00   0.17899956E-03   0.17857720E-03   0.16293401E-03   0.10070809E-01   0.11942570E-02   0.11688357E-03
   0.14960000E-08   0.48303749E+00   0.17898369E-03   0.17857720E-03   0.16238232E-03   0.10070809E-01   0.11942570E-02   0.11688357E-03
   0.15010000E-08   0.48453545E+00   0.17896782E-03   0.17857720E-03   0.16183063E-03   0.10070809E-01   0.11942570E-02   0.11688357E-03
   0.15060000E-08   0.48603342E+00   0.17895195E-03   0.17857720E-03   0.16127893E-03   0.10070809E-01   0.11942570E-02   0.11688357E-03
   0.15110000E-08   0.48753138E+00   0.17893607E-03   0.17857720E-03   0.16072724E-03   0.10070809E-01   0.11942570E-02   0.11688357E-03
   0.15160000E-08   0.48902934E+00   0.17892019E-03   0.17857720E-03   0.16017554E-03   0.10070809E-01   0.11942570E-02   0.11688357E-03
   0.15210000E-08   0.49052730E+00   0.17890430E-03   0.17857720E-03   0.15962385E-03   0.10070809E-01   0.11942569E-02   0.11688357E-03
   0.15260000E-08   0.49202526E+00   0.17888842E-03   0.17857720E-03   0.15907215E-03   0.10070809E-01   0.11942569E-02   0.11688357E-03
   0.15310000E-08   0.49352322E+00   0.17887253E-03   0.17857720E-03   0.15852045E-03   0.10070809E-01   0.11942569E-02   0.11688357E-03
   0.15360000E-08   0.49502118E+00   0.17885664E-03   0.17857720E-03   0.15796875E-03   0.10070809E-01   0.11942569E-02   0.11688357E-03
   0.15410000E-08   0.49651914E+00   0.17884074E-03   0.17857720E-03   0.15741704E-03   0.10070809E-01   0.11942569E-02   0.11688357E-03
   0.15460000E-08   0.49801710E+00   0.17882485E-03   0.17857720E-03   0.15686534E-03   0.10070809E-01   0.11942569E-02   0.11688357E-03
   0.15510000E-08   0.49951506E+00   0.17880895E-03   0.17857720E-03   0.15631364E-03   0.10070809E-01   0.11942569E-02   0.11688357E-03
   0.15560000E-08   0.50101302E+00   0.17879305E-03   0.17857720E-03   0.15576193E-03   0.10070809E-01   0.11942569E-02   0.11688357E-03
   0.15610000E-08   0.50251098E+00   0.17877714E-03   0.17857720E-03   0.15521022E-03   0.10070809E-01   0.11942569E-02   0.11688357E-03
   0.15660000E-08   0.50400894E+00   0.17876124E-03   0.17857720E-03   0.15465851E-03   0.10070809E-01   0.11942568E-02   0.11688357E-03
   0.15710000E-08   0.50550690E+00   0.17874533E-03   0.17857720E-03   0.15410680E-03   0.10070809E-01   0.11942568E-02   0.11688357E-03
   0.15760000E-08   0.50700486E+00   0.17872941E-03   0.17857720E-03   0.15355509E-03   0.10070809E-01   0.11942568E-02   0.11688357E-03
   0.15810000E-08   0.50850282E+00   0.17871350E-03   0.17857720E-03   0.15300338E-03   0.10070809E-01   0.11942568E-02   0.11688357E-03
   0.15860000E-08   0.51000078E+00   0.17869758E-03   0.17857720E-03   0.15245166E-03   0.10070809E-01   0.11942568E-02   0.11688357E-03
   0.15910000E-08   0.51149874E+00   0.17868166E-03   0.17857720E-03   0.15189994E-03   0.10070809E-01   0.11942568E-02   0.11688357E-03
   0.15960000E-08   0.51299670E+00   0.17866574E-03   0.17857720E-03   0.15134823E-03   0.10070809E-01   0.11942568E-02   0.11688357E-03
   0.16010000E-08   0.51449466E+00   0.17864981E-03   0.17857720E-03   0.15079651E-03   0.10070809E-01   0.11942568E-02   0.11688357E-03
   0.16060000E-08   0.51599262E+00   0.17863388E-03   0.17857720E-03   0.15024479E-03   0.10070809E-01   0.11942567E-02   0.11688357E-03
   0.16110000E-08   0.51749058E+00   0.17861795E-03   0.17857720E-03   0.14969306E-03   0.10070809E-01   0.11942567E-02   0.11688357E-03
   0.16160000E-08   0.51898854E+00   0.17860202E-03   0.17857720E-03   0.14914134E-03   0.10070809E-01   0.11942567E-02   0.11688357E-03
   0.16210000E-08   0.52048650E+00   0.17858608E-03   0.17857720E-03   0.14858961E-03   0.10070809E-01   0.11942567E-02   0.11688357E-03
   0.16260000E-08   0.52198446E+00   0.17857014E-03   0.17857720E-03   0.14803789E-03   0.10070809E-01   0.11942567E-02   0.11688357E-03
   0.16310000E-08   0.52348243E+00   0.17855420E-03   0.17857720E-03   0.14748616E-03   0.10070809E-01   0.11942567E-02   0.11688357E-03
   0.16360000E-08   0.52498039E+00   0.17853826E-03   0.17857720E-03   0.14693443E-03   0.10070809E-01   0.11942567E-02   0.11688357E-03
   0.16410000E-08   0.52647835E+00   0.17852231E-03   0.17857720E-03   0.14638270E-03   0.10070809E-01   0.11942567E-02   0.11688357E-03
   0.16460000E-08   0.52797631E+00   0.17850636E-03   0.17857720E-03   0.14583096E-03   0.10070809E-01   0.11942567E-02   0.11688357E-03
   0.16510000E-08   0.52947427E+00   0.17849041E-03   0.17857720E-03   0.14527923E-03   0.10070809E-01   0.11942566E-02   0.11688357E-03
   0.16560000E-08   0.53097223E+00   0.17847445E-03   0.17857720E-03   0.14472749E-03   0.10070809E-01   0.11942566E-02   0.11688357E-03
   0.16610000E-08   0.53247019E+00   0.17845850E-03   0.17857720E-03   0.14417575E-03   0.10070809E-01   0.11942566E-02   0.11688357E-03
   0.16660000E-08   0.53396815E+00   0.17844254E-03   0.17857720E-03   0.14362401E-03   0.10070809E-01   0.11942566E-02   0.11688357E-03
   0.16710000E-08   0.53546611E+00   0.17842657E-03   0.17857720E-03   0.14307227E-03   0.10070809E-01   0.11942566E-02   0.11688357E-03
   0.16760000E-08   0.53696407E+00   0.17841061E-03   0.17857720E-03   0.14252053E-03   0.10070809E-01   0.11942566E-02   0.11688357E-03
   0.16810000E-08   0.53846203E+00   0.17839464E-03   0.17857720E-03   0.14196878E-03   0.10070809E-01   0.11942566E-02   0.11688357E-03
   0.16860000E-08   0.53995999E+00   0.17837867E-03   0.17857720E-03   0.14141704E-03   0.10070809E-01   0.11942566E-02   0.11688357E-03
   0.16910000E-08   0.54145795E+00   0.17836269E-03   0.17857720E-03   0.14086529E-03   0.10070809E-01   0.11942566E-02   0.11688357E-03
   0.16960000E-08   0.54295591E+00   0.17834672E-03   0.17857720E-03   0.14031354E-03   0.10070809E-01   0.11942565E-02   0.11688357E-03
   0.17010000E-08   0.54445387E+00   0.17833074E-03   0.17857720E-03   0.13976178E-03   0.10070809E-01   0.11942565E-02   0.11688357E-03
   0.17060000E-08   0.54595183E+00   0.17831476E-03   0.17857720E-03   0.13921003E-03   0.10070809E-01   0.11942565E-02   0.11688357E-03
   0.17110000E-08   0.54744979E+00   0.17829877E-03   0.17857720E-03   0.13865827E-03   0.10070809E-01   0.11942565E-02   0.11688357E-03
   0.17160000E-08   0.54894775E+00   0.17828279E-03   0.17857720E-03   0.13810651E-03   0.10070809E-01   0.11942565E-02   0.11688357E-03
   0.17210000E-08   0.55044571E+00   0.17826680E-03   0.17857720E-03   0.13755475E-03   0.10070809E-01   0.11942565E-02   0.11688357E-03
   0.17260000E-08   0.55194367E+00   0.17825080E-03   0.17857720E-03   0.13700299E-03   0.10070809E-01   0.11942565E-02   0.11688357E-03
   0.17310000E-08   0.55344163E+00   0.17823481E-03   0.17857720E-03   0.13645123E-03   0.10070809E-01   0.11942565E-02   0.11688357E-03
   0.17360000E-08   0.55493959E+00   0.17821881E-03   0.17857720E-03   0.13589946E-03   0.10070809E-01   0.11942564E-02   0.11688357E-03
   0.17410000E-08   0.55643755E+00   0.17820281E-03   0.17857720E-03   0.13534769E-03   0.10070809E-01   0.11942564E-02   0.11688357E-03
   0.17460000E-08   0.55793551E+00   0.17818681E-03   0.17857720E-03   0.13479592E-03   0.10070809E-01   0.11942564E-02   0.11688357E-03
   0.17510000E-08   0.55943347E+00   0.17817080E-03   0.17857720E-03   0.13424415E-03   0.10070809E-01   0.11942564E-02   0.11688357E-03
   0.17560000E-08   0.56093144E+00   0.17815479E-03   0.17857720E-03   0.13369238E-03   0.10070809E-01   0.11942564E-02   0.11688357E-03
   0.17610000E-08   0.56242940E+00   0.17813878E-03   0.17857720E-03   0.13314060E-03   0.10070809E-01   0.11942564E-02   0.11688357E-03
   0.17660000E-08   0.56392736E+00   0.17812277E-03   0.17857720E-03   0.13258882E-03   0.10070809E-01   0.11942564E-02   0.11688357E-03
   0.17710000E-08   0.56542532E+00   0.17810675E-03   0.17857720E-03   0.13203704E-03   0.10070809E-01   0.11942564E-02   0.11688357E-03
   0.17760000E-08   0.56692328E+00   0.17809073E-03   0.17857720E-03   0.13148526E-03   0.10070809E-01   0.11942564E-02   0.11688357E-03
   0.17810000E-08   0.56842124E+00   0.17807471E-03   0.17857720E-03   0.13093347E-03   0.10070809E-01   0.11942563E-02   0.11688357E-03
   0.17860000E-08   0.56991920E+00   0.17805868E-03   0.17857720E-03   0.13038169E-03   0.10070809E-01   0.11942563E-02   0.11688357E-03
   0.17910000E-08   0.57141716E+00   0.17804266E-03   0.17857720E-03   0.12982990E-03   0.10070809E-01   0.11942563E-02   0.11688357E-03
   0.17960000E-08   0.57291512E+00   0.17802663E-03   0.17857720E-03   0.12927811E-03   0.10070809E-01   0.11942563E-02   0.11688357E-03
   0.18010000E-08   0.57441308E+00   0.17801059E-03   0.17857720E-03   0.12872631E-03   0.10070809E-01   0.11942563E-02   0.11688357E-03
   0.18060000E-08   0.57591104E+00   0.17799456E-03   0.17857720E-03   0.12817451E-03   0.10070809E-01   0.11942563E-02   0.11688357E-03
   0.18110000E-08   0.57740900E+00   0.17797852E-03   0.17857720E-03   0.12762272E-03   0.10070809E-01   0.11942563E-02   0.11688357E-03
   0.18160000E-08   0.57890696E+00   0.17796248E-03   0.17857720E-03   0.12707091E-03   0.10070809E-01   0.11942563E-02   0.11688357E-03
   0.18210000E-08   0.58040492E+00   0.17794643E-03   0.17857720E-03   0.12651911E-03   0.10070809E-01   0.11942563E-02   0.11688357E-03
   0.18260000E-08   0.58190288E+00   0.17793039E-03   0.17857720E-03   0.12596730E-03   0.10070809E-01   0.11942562E-02   0.11688357E-03
   0.18310000E-08   0.58340084E+00   0.17791434E-03   0.17857720E-03   0.12541550E-03   0.10070809E-01   0.11942562E-02   0.11688357E-03
   0.18360000E-08   0.58489880E+00   0.17789828E-03   0.17857720E-03   0.12486368E-03   0.10070809E-01   0.11942562E-02   0.11688357E-03
   0.18410000E-08   0.58639676E+00   0.17788223E-03   0.17857720E-03   0.12431187E-03   0.10070809E-01   0.11942562E-02   0.11688357E-03
   0.18460000E-08   0.58789472E+00   0.17786617E-03   0.17857720E-03   0.12376005E-03   0.10070809E-01   0.11942562E-02   0.11688357E-03
   0.18510000E-08   0.58939268E+00   0.17785011E-03   0.17857720E-03   0.12320824E-03   0.10070809E-01   0.11942562E-02   0.11688357E-03
   0.18560000E-08   0.59089064E+00   0.17783405E-03   0.17857720E-03   0.12265641E-03   0.10070809E-01   0.11942562E-02   0.11688357E-03
   0.18610000E-08   0.59238860E+00   0.17781798E-03   0.17857720E-03   0.12210459E-03   0.10070809E-01   0.11942562E-02   0.11688357E-03
   0.18660000E-08   0.59388656E+00   0.17780192E-03   0.17857720E-03   0.12155276E-03   0.10070809E-01   0.11942561E-02   0.11688357E-03
   0.18710000E-08   0.59538452E+00   0.17778584E-03   0.17857720E-03   0.12100093E-03   0.10070809E-01   0.11942561E-02   0.11688357E-03
   0.18760000E-08   0.59688248E+00   0.17776977E-03   0.17857720E-03   0.12044910E-03   0.10070809E-01   0.11942561E-02   0.11688357E-03
   0.18810000E-08   0.59838045E+00   0.17775369E-03   0.17857720E-03   0.11989726E-03   0.10070809E-01   0.11942561E-02   0.11688357E-03
   0.18860000E-08   0.59987841E+00   0.17773761E-03   0.17857720E-03   0.11934542E-03   0.10070809E-01   0.11942561E-02   0.11688357E-03
   0.18910000E-08   0.60137637E+00   0.17772153E-03   0.17857720E-03   0.11879358E-03   0.10070809E-01   0.11942561E-02   0.11688357E-03
   0.18960000E-08   0.60287433E+00   0.17770545E-03   0.17857720E-03   0.11824174E-03   0.10070809E-01   0.11942561E-02   0.11688357E-03
   0.19010000E-08   0.60437229E+00   0.17768936E-03   0.17857720E-03   0.11768989E-03   0.10070809E-01   0.11942561E-02   0.11688357E-03
   0.19060000E-08   0.60587025E+00   0.17767327E-03   0.17857720E-03   0.11713804E-03   0.10070809E-01   0.11942561E-02   0.11688357E-03
   0.19110000E-08   0.60736821E+00   0.17765718E-03   0.17857720E-03   0.11658619E-03   0.10070809E-01   0.11942560E-02   0.11688357E-03
   0.19160000E-08   0.60886617E+00   0.17764108E-03   0.17857720E-03   0.11603433E-03   0.10070809E-01   0.11942560E-02   0.11688357E-03
   0.19210000E-08   0.61036413E+00   0.17762498E-03   0.17857720E-03   0.11548247E-03   0.10070809E-01   0.11942560E-02   0.11688357E-03
   0.19260000E-08   0.61186209E+00   0.17760888E-03   0.17857720E-03   0.11493061E-03   0.10070809E-01   0.11942560E-02   0.11688357E-03
   0.19310000E-08   0.61336005E+00   0.17759278E-03   0.17857720E-03   0.11437874E-03   0.10070809E-01   0.11942560E-02   0.11688357E-03
   0.19360000E-08   0.61485801E+00   0.17757667E-03   0.17857720E-03   0.11382687E-03   0.10070809E-01   0.11942560E-02   0.11688357E-03
   0.19410000E-08   0.61635597E+00   0.17756056E-03   0.17857720E-03   0.11327500E-03   0.10070809E-01   0.11942560E-02   0.11688357E-03
   0.19460000E-08   0.61785393E+00   0.17754445E-03   0.17857720E-03   0.11272312E-03   0.10070809E-01   0.11942560E-02   0.11688357E-03
   0.19510000E-08   0.61935189E+00   0.17752833E-03   0.17857720E-03   0.11217124E-03   0.10070809E-01   0.11942560E-02   0.11688357E-03
   0.19560000E-08   0.62084985E+00   0.17751222E-03   0.17857720E-03   0.11161936E-03   0.10070809E-01   0.11942559E-02   0.11688357E-03
   0.19610000E-08   0.62234781E+00   0.17749610E-03   0.17857720E-03   0.11106747E-03   0.10070809E-01   0.11942559E-02   0.11688357E-03
   0.19660000E-08   0.62384577E+00   0.17747997E-03   0.17857720E-03   0.11051558E-03   0.10070809E-01   0.11942559E-02   0.11688357E-03
   0.19710000E-08   0.62534373E+00   0.17746385E-03   0.17857720E-03   0.10996369E-03   0.10070809E-01   0.11942559E-02   0.11688357E-03
   0.19760000E-08   0.62684169E+00   0.17744772E-03   0.17857720E-03   0.10941179E-03   0.10070809E-01   0.11942559E-02   0.11688357E-03
   0.19810000E-08   0.62833965E+00   0.17743159E-03   0.17857720E-03   0.10885989E-03   0.10070809E-01   0.11942559E-02   0.11688357E-03
   0.19860000E-08   0.62983761E+00   0.17741545E-03   0.17857720E-03   0.10830799E-03   0.10070809E-01   0.11942559E-02   0.11688357E-03
   0.19910000E-08   0.63133557E+00   0.17739932E-03   0.17857720E-03   0.10775608E-03   0.10070809E-01   0.11942559E-02   0.11688357E-03
   0.19960000E-08   0.63283353E+00   0.17738318E-03   0.17857720E-03   0.10720417E-03   0.10070809E-01   0.11942559E-02   0.11688357E-03
   0.20010000E-08   0.63433149E+00   0.17736703E-03   0.17857720E-03   0.10665225E-03   0.10070809E-01   0.11942558E-02   0.11688357E-03
   0.20060000E-08   0.63582946E+00   0.17735089E-03   0.17857720E-03   0.10610033E-03   0.10070809E-01   0.11942558E-02   0.11688357E-03
   0.20110000E-08   0.63732742E+00   0.17733474E-03   0.17857720E-03   0.10554840E-03   0.10070809E-01   0.11942558E-02   0.11688357E-03
   0.20160000E-08   0.63882538E+00   0.17731859E-03   0.17857720E-03   0.10499647E-03   0.10070809E-01   0.11942558E-02   0.11688357E-03
   0.20210000E-08   0.64032334E+00   0.17730244E-03   0.17857720E-03   0.10444454E-03   0.10070809E-01   0.11942558E-02   0.11688357E-03
   0.20260000E-08   0.64182130E+00   0.17728628E-03   0.17857720E-03   0.10389260E-03   0.10070809E-01   0.11942558E-02   0.11688357E-03
   0.20310000E-08   0.64331926E+00   0.17727012E-03   0.17857720E-03   0.10334066E-03   0.10070809E-01   0.11942558E-02   0.11688357E-03
   0.20360000E-08   0.64481722E+00   0.17725396E-03   0.17857720E-03   0.10278872E-03   0.10070809E-01   0.11942558E-02   0.11688357E-03
   0.20410000E-08   0.64631518E+00   0.17723780E-03   0.17857720E-03   0.10223677E-03   0.10070809E-01   0.11942557E-02   0.11688357E-03
   0.20460000E-08   0.64781314E+00   0.17722163E-03   0.17857720E-03   0.10168481E-03   0.10070809E-01   0.11942557E-02   0.11688357E-03
   0.20510000E-08   0.64931110E+00   0.17720546E-03   0.17857720E-03   0.10113285E-03   0.10070809E-01   0.11942557E-02   0.11688357E-03
   0.20560000E-08   0.65080906E+00   0.17718928E-03   0.17857720E-03   0.10058089E-03   0.10070809E-01   0.11942557E-02   0.11688357E-03
   0.20610000E-08   0.65230702E+00   0.17717311E-03   0.17857720E-03   0.10002892E-03   0.10070809E-01   0.11942557E-02   0.11688357E-03
   0.20660000E-08   0.65380498E+00   0.17715693E-03   0.17857720E-03   0.99476946E-04   0.10070809E-01   0.11942557E-02   0.11688357E-03
   0.20710000E-08   0.65530294E+00   0.17714075E-03   0.17857720E-03   0.98924967E-04   0.10070809E-01   0.11942557E-02   0.11688357E-03
   0.20760000E-08   0.65680090E+00   0.17712457E-03   0.17857720E-03   0.98372984E-04   0.10070809E-01   0.11942557E-02   0.11688357E-03
   0.20810000E-08   0.65829886E+00   0.17710838E-03   0.17857720E-03   0.97820995E-04   0.10070809E-01   0.11942557E-02   0.11688357E-03
   0.20860000E-08   0.65979682E+00   0.17709219E-03   0.17857720E-03   0.97269002E-04   0.10070809E-01   0.11942556E-02   0.11688357E-03
   0.20910000E-08   0.66129478E+00   0.17707600E-03   0.17857720E-03   0.96717003E-04   0.10070809E-01   0.11942556E-02   0.11688357E-03
   0.20960000E-08   0.66279274E+00   0.17705980E-03   0.17857720E-03   0.96164999E-04   0.10070809E-01   0.11942556E-02   0.11688357E-03
   0.21010000E-08   0.66429070E+00   0.17704360E-03   0.17857720E-03   0.95612990E-04   0.10070809E-01   0.11942556E-02   0.11688357E-03
   0.21060000E-08   0.66578866E+00   0.17702740E-03   0.17857720E-03   0.95060975E-04   0.10070809E-01   0.11942556E-02   0.11688357E-03
   0.21110000E-08   0.66728662E+00   0.17701120E-03   0.17857720E-03   0.94508955E-04   0.10070809E-01   0.11942556E-02   0.11688357E-03
   0.21160000E-08   0.66878458E+00   0.17699499E-03   0.17857720E-03   0.93956929E-04   0.10070809E-01   0.11942556E-02   0.11688357E-03
   0.21210000E-08   0.67028254E+00   0.17697878E-03   0.17857720E-03   0.93404897E-04   0.10070809E-01   0.11942556E-02   0.11688357E-03
   0.21260000E-08   0.67178050E+00   0.17696257E-03   0.17857720E-03   0.92852860E-04   0.10070809E-01   0.11942556E-02   0.11688357E-03
   0.21310000E-08   0.67327847E+00   0.17694636E-03   0.17857720E-03   0.92300817E-04   0.10070809E-01   0.11942555E-02   0.11688357E-03
   0.21360000E-08   0.67477643E+00   0.17693014E-03   0.17857720E-03   0.91748767E-04   0.10070809E-01   0.11942555E-02   0.11688357E-03
   0.21410000E-08   0.67627439E+00   0.17691392E-03   0.17857720E-03   0.91196712E-04   0.10070809E-01   0.11942555E-02   0.11688357E-03
   0.21460000E-08   0.67777235E+00   0.17689770E-03   0.17857720E-03   0.90644650E-04   0.10070809E-01   0.11942555E-02   0.11688357E-03
   0.21510000E-08   0.67927031E+00   0.17688147E-03   0.17857720E-03   0.90092583E-04   0.10070809E-01   0.11942555E-02   0.11688357E-03
   0.21560000E-08   0.68076827E+00   0.17686524E-03   0.17857720E-03   0.89540508E-04   0.10070809E-01   0.11942555E-02   0.11688357E-03
   0.21610000E-08   0.68226623E+00   0.17684901E-03   0.17857720E-03   0.88988428E-04   0.10070809E-01   0.11942555E-02   0.11688357E-03
   0.21660000E-08   0.68376419E+00   0.17683278E-03   0.17857720E-03   0.88436340E-04   0.10070809E-01   0.11942555E-02   0.11688357E-03
   0.21710000E-08   0.68526215E+00   0.17681654E-03   0.17857720E-03   0.87884246E-04   0.10070809E-01   0.11942555E-02   0.11688357E-03
   0.21760000E-08   0.68676011E+00   0.17680030E-03   0.17857720E-03   0.87332145E-04   0.10070809E-01   0.11942554E-02   0.11688357E-03
   0.21810000E-08   0.68825807E+00   0.17678406E-03   0.17857720E-03   0.86780037E-04   0.10070809E-01   0.11942554E-02   0.11688357E-03
   0.21860000E-08   0.68975603E+00   0.17676781E-03   0.17857720E-03   0.86227922E-04   0.10070809E-01   0.11942554E-02   0.11688357E-03
   0.21910000E-08   0.69125399E+00   0.17675156E-03   0.17857720E-03   0.85675800E-04   0.10070809E-01   0.11942554E-02   0.11688357E-03
   0.21960000E-08   0.69275195E+00   0.17673531E-03   0.17857720E-03   0.85123670E-04   0.10070809E-01   0.11942554E-02   0.11688357E-03
   0.22010000E-08   0.69424991E+00   0.17671906E-03   0.17857720E-03   0.84571533E-04   0.10070809E-01   0.11942554E-02   0.11688357E-03
   0.22060000E-08   0.69574787E+00   0.17670280E-03   0.17857720E-03   0.84019388E-04   0.10070809E-01   0.11942554E-02   0.11688357E-03
   0.22110000E-08   0.69724583E+00   0.17668654E-03   0.17857720E-03   0.83467236E-04   0.10070809E-01   0.11942554E-02   0.11688357E-03
   0.22160000E-08   0.69874379E+00   0.17667028E-03   0.17857720E-03   0.82915075E-04   0.10070809E-01   0.11942553E-02   0.11688357E-03
   0.22210000E-08   0.70024175E+00   0.17665401E-03   0.17857720E-03   0.82362907E-04   0.10070809E-01   0.11942553E-02   0.11688357E-03
   0.22260000E-08   0.70173971E+00   0.17663774E-03   0.17857720E-03   0.81810730E-04   0.10070809E-01   0.11942553E-02   0.11688357E-03
   0.22310000E-08   0.70323767E+00   0.17662147E-03   0.17857720E-03   0.81258545E-04   0.10070809E-01   0.11942553E-02   0.11688357E-03
   0.22360000E-08   0.70473563E+00   0.17660520E-03   0.17857720E-03   0.80706352E-04   0.10070809E-01   0.11942553E-02   0.11688357E-03
   0.22410000E-08   0.70623359E+00   0.17658892E-03   0.17857720E-03   0.80154150E-04   0.10070809E-01   0.11942553E-02   0.11688357E-03
   0.22460000E-08   0.70773155E+00   0.17657264E-03   0.17857720E-03   0.79601939E-04   0.10070809E-01   0.11942553E-02   0.11688357E-03
   0.22510000E-08   0.70922952E+00   0.17655636E-03   0.17857720E-03   0.79049719E-04   0.10070809E-01   0.11942553E-02   0.11688357E-03
   0.22560000E-08   0.71072748E+00   0.17654008E-03   0.17857720E-03   0.78497490E-04   0.10070809E-01   0.11942553E-02   0.11688357E-03
   0.22610000E-08   0.71222544E+00   0.17652379E-03   0.17857720E-03   0.77945251E-04   0.10070809E-01   0.11942552E-02   0.11688357E-03
   0.22660000E-08   0.71372340E+00   0.17650750E-03   0.17857720E-03   0.77393003E-04   0.10070809E-01   0.11942552E-02   0.11688357E-03
   0.22710000E-08   0.71522136E+00   0.17649120E-03   0.17857720E-03   0.76840745E-04   0.10070809E-01   0.11942552E-02   0.11688357E-03
   0.22760000E-08   0.71671932E+00   0.17647491E-03   0.17857720E-03   0.76288478E-04   0.10070809E-01   0.11942552E-02   0.11688357E-03
   0.22810000E-08   0.71821728E+00   0.17645861E-03   0.17857720E-03   0.75736200E-04   0.10070809E-01   0.11942552E-02   0.11688357E-03
   0.22860000E-08   0.71971524E+00   0.17644231E-03   0.17857720E-03   0.75183912E-04   0.10070809E-01   0.11942552E-02   0.11688357E-03
   0.22910000E-08   0.72121320E+00   0.17642600E-03   0.17857720E-03   0.74631614E-04   0.10070809E-01   0.11942552E-02   0.11688357E-03
   0.22960000E-08   0.72271116E+00   0.17640969E-03   0.17857720E-03   0.74079305E-04   0.10070809E-01   0.11942552E-02   0.11688357E-03
   0.23010000E-08   0.72420912E+00   0.17639338E-03   0.17857720E-03   0.73526984E-04   0.10070809E-01   0.11942552E-02   0.11688357E-03
   0.23060000E-08   0.72570708E+00   0.17637707E-03   0.17857720E-03   0.72974653E-04   0.10070809E-01   0.11942551E-02   0.11688357E-03
   0.23110000E-08   0.72720504E+00   0.17636075E-03   0.17857720E-03   0.72422310E-04   0.10070809E-01   0.11942551E-02   0.11688357E-03
   0.23160000E-08   0.72870300E+00   0.17634444E-03   0.17857720E-03   0.71869956E-04   0.10070809E-01   0.11942551E-02   0.11688357E-03
   0.23210000E-08   0.73020096E+00   0.17632811E-03   0.17857720E-03   0.71317590E-04   0.10070809E-01   0.11942551E-02   0.11688357E-03
   0.23260000E-08   0.73169892E+00   0.17631179E-03   0.17857720E-03   0.70765212E-04   0.10070809E-01   0.11942551E-02   0.11688357E-03
   0.23310000E-08   0.73319688E+00   0.17629546E-03   0.17857720E-03   0.70212821E-04   0.10070809E-01   0.11942551E-02   0.11688357E-03
   0.23360000E-08   0.73469484E+00   0.17627913E-03   0.17857720E-03   0.69660418E-04   0.10070809E-01   0.11942551E-02   0.11688357E-03
   0.23410000E-08   0.73619280E+00   0.17626280E-03   0.17857720E-03   0.69108002E-04   0.10070809E-01   0.11942551E-02   0.11688357E-03
   0.23460000E-08   0.73769076E+00   0.17624646E-03   0.17857720E-03   0.68555573E-04   0.10070809E-01   0.11942551E-02   0.11688357E-03
   0.23510000E-08   0.73918872E+00   0.17623012E-03   0.17857720E-03   0.68003130E-04   0.10070809E-01   0.11942550E-02   0.11688357E-03
   0.23560000E-08   0.74068668E+00   0.17621378E-03   0.17857720E-03   0.67450674E-04   0.10070809E-01   0.11942550E-02   0.11688357E-03
   0.23610000E-08   0.74218464E+00   0.17619744E-03   0.17857720E-03   0.66898203E-04   0.10070809E-01   0.11942550E-02   0.11688357E-03
   0.23660000E-08   0.74368260E+00   0.17618109E-03   0.17857720E-03   0.66345718E-04   0.10070809E-01   0.11942550E-02   0.11688357E-03
   0.23710000E-08   0.74518056E+00   0.17616474E-03   0.17857720E-03   0.65793219E-04   0.10070809E-01   0.11942550E-02   0.11688357E-03
   0.23760000E-08   0.74667853E+00   0.17614838E-03   0.17857720E-03   0.65240705E-04   0.10070809E-01   0.11942550E-02   0.11688357E-03
   0.23810000E-08   0.74817649E+00   0.17613203E-03   0.17857720E-03   0.64688175E-04   0.10070809E-01   0.11942550E-02   0.11688357E-03
   0.23860000E-08   0.74967445E+00   0.17611567E-03   0.17857720E-03   0.64135629E-04   0.10070809E-01   0.11942550E-02   0.11688357E-03
   0.23910000E-08   0.75117241E+00   0.17609931E-03   0.17857720E-03   0.63583068E-04   0.10070809E-01   0.11942550E-02   0.11688357E-03
   0.23960000E-08   0.75267037E+00   0.17608294E-03   0.17857720E-03   0.63030490E-04   0.10070809E-01   0.11942549E-02   0.11688357E-03
   0.24010000E-08   0.75416833E+00   0.17606657E-03   0.17857720E-03   0.62477895E-04   0.10070809E-01   0.11942549E-02   0.11688357E-03
   0.24060000E-08   0.75566629E+00   0.17605020E-03   0.17857720E-03   0.61925283E-04   0.10070809E-01   0.11942549E-02   0.11688357E-03
   0.24110000E-08   0.75716425E+00   0.17603383E-03   0.17857720E-03   0.61372653E-04   0.10070809E-01   0.11942549E-02   0.11688357E-03
   0.24160000E-08   0.75866221E+00   0.17601745E-03   0.17857720E-03   0.60820006E-04   0.10070809E-01   0.11942549E-02   0.11688357E-03
   0.24210000E-08   0.76016017E+00   0.17600108E-03   0.17857720E-03   0.60267340E-04   0.10070809E-01   0.11942549E-02   0.11688357E-03
   0.24260000E-08   0.76165813E+00   0.17598469E-03   0.17857720E-03   0.59714655E-04   0.10070809E-01   0.11942549E-02   0.11688357E-03
   0.24310000E-08   0.76315609E+00   0.17596831E-03   0.17857720E-03   0.59161951E-04   0.10070809E-01   0.11942549E-02   0.11688357E-03
   0.24360000E-08   0.76465405E+00   0.17595192E-03   0.17857720E-03   0.58609227E-04   0.10070809E-01   0.11942549E-02   0.11688357E-03
   0.24410000E-08   0.76615201E+00   0.17593553E-03   0.17857720E-03   0.58056483E-04   0.10070809E-01   0.11942548E-02   0.11688357E-03
   0.24460000E-08   0.76764997E+00   0.17591914E-03   0.17857720E-03   0.57503717E-04   0.10070809E-01   0.11942548E-02   0.11688357E-03
   0.24510000E-08   0.76914793E+00   0.17590274E-03   0.17857720E-03   0.56950931E-04   0.10070809E-01   0.11942548E-02   0.11688357E-03
   0.24560000E-08   0.77064589E+00   0.17588634E-03   0.17857720E-03   0.56398123E-04   0.10070809E-01   0.11942548E-02   0.11688357E-03
