   0.00000000E+00   0.35004965E-01   0.12514141E-02   0.62207348E-03   0.12330066E-02   0.62062879E-03   0.12400128E-02   0.12445585E-03
   0.36600000E-09   0.14449844E+00   0.11759401E-02   0.67104639E-03   0.12238719E-02   0.43373857E-01   0.13095996E-02   0.12797730E-03
   0.37100000E-09   0.14599640E+00   0.11759401E-02   0.67104639E-03   0.12214972E-02   0.43373857E-01   0.13095996E-02   0.12797730E-03
   0.37600000E-09   0.14749436E+00   0.11759400E-02   0.67104639E-03   0.12191224E-02   0.43373857E-01   0.13095996E-02   0.12797730E-03
   0.38100000E-09   0.14899232E+00   0.11759399E-02   0.67104639E-03   0.12167477E-02   0.43373857E-01   0.13095996E-02   0.12797730E-03
   0.38600000E-09   0.15049028E+00   0.11759399E-02   0.67104639E-03   0.12143730E-02   0.43373857E-01   0.13095996E-02   0.12797730E-03
   0.39100000E-09   0.15198825E+00   0.11759398E-02   0.67104639E-03   0.12119982E-02   0.43373857E-01   0.13095996E-02   0.12797730E-03
   0.39600000E-09   0.15348621E+00   0.11759397E-02   0.67104639E-03   0.12096235E-02   0.43373857E-01   0.13095996E-02   0.12797730E-03
   0.40100000E-09   0.15498417E+00   0.11759397E-02   0.67104639E-03   0.12072488E-02   0.43373857E-01   0.13095996E-02   0.12797730E-03
   0.40600000E-09   0.15648213E+00   0.11759396E-02   0.67104639E-03   0.12048740E-02   0.43373857E-01   0.13095995E-02   0.12797730E-03
   0.41100000E-09   0.15798009E+00   0.11759395E-02   0.67104639E-03   0.12024993E-02   0.43373857E-01   0.13095995E-02   0.12797730E-03
   0.41600000E-09   0.15947805E+00   0.11759395E-02   0.67104639E-03   0.12001246E-02   0.43373857E-01   0.13095995E-02   0.12797730E-03
   0.42100000E-09   0.16097601E+00   0.11759394E-02   0.67104639E-03   0.11977498E-02   0.43373857E-01   0.13095995E-02   0.12797730E-03
   0.42600000E-09   0.16247397E+00   0.11759394E-02   0.67104639E-03   0.11953751E-02   0.43373857E-01   0.13095995E-02   0.12797730E-03
   0.43100000E-09   0.16397193E+00   0.11759393E-02   0.67104639E-03   0.11930004E-02   0.43373857E-01   0.13095995E-02   0.12797730E-03
   0.43600000E-09   0.16546989E+00   0.11759392E-02   0.67104639E-03   0.11906257E-02   0.43373857E-01   0.13095995E-02   0.12797730E-03
   0.44100000E-09   0.16696785E+00   0.11759392E-02   0.67104639E-03   0.11882510E-02   0.43373857E-01   0.13095995E-02   0.12797730E-03
   0.44600000E-09   0.16846581E+00   0.11759391E-02   0.67104639E-03   0.11858763E-02   0.43373857E-01   0.13095995E-02   0.12797730E-03
   0.45100000E-09   0.16996377E+00   0.11759391E-02   0.67104639E-03   0.11835015E-02   0.43373857E-01   0.13095995E-02   0.12797730E-03
   0.45600000E-09   0.17146173E+00   0.11759390E-02   0.67104639E-03   0.11811268E-02   0.43373857E-01   0.13095995E-02   0.12797730E-03
   0.46100000E-09   0.17295969E+00   0.11759390E-02   0.67104639E-03   0.11787521E-02   0.43373857E-01   0.13095994E-02   0.12797730E-03
   0.46600000E-09   0.17445765E+00   0.11759389E-02   0.67104639E-03   0.11763774E-02   0.43373857E-01   0.13095994E-02   0.12797730E-03
   0.47100000E-09   0.17595561E+00   0.11759389E-02   0.67104639E-03   0.11740027E-02   0.43373857E-01   0.13095994E-02   0.12797730E-03
   0.47600000E-09   0.17745357E+00   0.11759388E-02   0.67104639E-03   0.11716280E-02   0.43373857E-01   0.13095994E-02   0.12797730E-03
   0.48100000E-09   0.17895153E+00   0.11759388E-02   0.67104639E-03   0.11692533E-02   0.43373857E-01   0.13095994E-02   0.12797730E-03
   0.48600000E-09   0.18044949E+00   0.11759387E-02   0.67104639E-03   0.11668786E-02   0.43373857E-01   0.13095994E-02   0.12797730E-03
   0.49100000E-09   0.18194745E+00   0.11759387E-02   0.67104639E-03   0.11645039E-02   0.43373857E-01   0.13095994E-02   0.12797730E-03
   0.49600000E-09   0.18344541E+00   0.11759386E-02   0.67104639E-03   0.11621292E-02   0.43373857E-01   0.13095994E-02   0.12797730E-03
   0.50100000E-09   0.18494337E+00   0.11759386E-02   0.67104639E-03   0.11597546E-02   0.43373857E-01   0.13095994E-02   0.12797730E-03
   0.50600000E-09   0.18644133E+00   0.11759386E-02   0.67104639E-03   0.11573799E-02   0.43373857E-01   0.13095994E-02   0.12797730E-03
   0.51100000E-09   0.18793929E+00   0.11759385E-02   0.67104639E-03   0.11550052E-02   0.43373857E-01   0.13095993E-02   0.12797730E-03
   0.51600000E-09   0.18943726E+00   0.11759385E-02   0.67104639E-03   0.11526305E-02   0.43373857E-01   0.13095993E-02   0.12797730E-03
   0.52100000E-09   0.19093522E+00   0.11759384E-02   0.67104639E-03   0.11502558E-02   0.43373857E-01   0.13095993E-02   0.12797730E-03
   0.52600000E-09   0.19243318E+00   0.11759384E-02   0.67104639E-03   0.11478812E-02   0.43373857E-01   0.13095993E-02   0.12797730E-03
   0.53100000E-09   0.19393114E+00   0.11759384E-02   0.67104639E-03   0.11455065E-02   0.43373857E-01   0.13095993E-02   0.12797730E-03
   0.53600000E-09   0.19542910E+00   0.11759383E-02   0.67104639E-03   0.11431318E-02   0.43373857E-01   0.13095993E-02   0.12797730E-03
   0.54100000E-09   0.19692706E+00   0.11759383E-02   0.67104639E-03   0.11407571E-02   0.43373857E-01   0.13095993E-02   0.12797730E-03
   0.54600000E-09   0.19842502E+00   0.11759383E-02   0.67104639E-03   0.11383825E-02   0.43373857E-01   0.13095993E-02   0.12797730E-03
   0.55100000E-09   0.19992298E+00   0.11759382E-02   0.67104639E-03   0.11360078E-02   0.43373857E-01   0.13095993E-02   0.12797730E-03
   0.55600000E-09   0.20142094E+00   0.11759382E-02   0.67104639E-03   0.11336332E-02   0.43373857E-01   0.13095993E-02   0.12797730E-03
   0.56100000E-09   0.20291890E+00   0.11759382E-02   0.67104639E-03   0.11312585E-02   0.43373857E-01   0.13095992E-02   0.12797730E-03
   0.56600000E-09   0.20441686E+00   0.11759382E-02   0.67104639E-03   0.11288838E-02   0.43373857E-01   0.13095992E-02   0.12797730E-03
   0.57100000E-09   0.20591482E+00   0.11759381E-02   0.67104639E-03   0.11265092E-02   0.43373857E-01   0.13095992E-02   0.12797730E-03
   0.57600000E-09   0.20741278E+00   0.11759381E-02   0.67104639E-03   0.11241345E-02   0.43373857E-01   0.13095992E-02   0.12797730E-03
   0.58100000E-09   0.20891074E+00   0.11759381E-02   0.67104639E-03   0.11217599E-02   0.43373857E-01   0.13095992E-02   0.12797730E-03
   0.58600000E-09   0.21040870E+00   0.11759381E-02   0.67104639E-03   0.11193853E-02   0.43373857E-01   0.13095992E-02   0.12797730E-03
   0.59100000E-09   0.21190666E+00   0.11759380E-02   0.67104639E-03   0.11170106E-02   0.43373857E-01   0.13095992E-02   0.12797730E-03
   0.59600000E-09   0.21340462E+00   0.11759380E-02   0.67104639E-03   0.11146360E-02   0.43373857E-01   0.13095992E-02   0.12797730E-03
   0.60100000E-09   0.21490258E+00   0.11759380E-02   0.67104639E-03   0.11122613E-02   0.43373857E-01   0.13095992E-02   0.12797730E-03
   0.60600000E-09   0.21640054E+00   0.11759380E-02   0.67104639E-03   0.11098867E-02   0.43373857E-01   0.13095992E-02   0.12797730E-03
   0.61100000E-09   0.21789850E+00   0.11759380E-02   0.67104639E-03   0.11075121E-02   0.43373857E-01   0.13095992E-02   0.12797730E-03
   0.61600000E-09   0.21939646E+00   0.11759379E-02   0.67104639E-03   0.11051374E-02   0.43373857E-01   0.13095991E-02   0.12797730E-03
   0.62100000E-09   0.22089442E+00   0.11759379E-02   0.67104639E-03   0.11027628E-02   0.43373857E-01   0.13095991E-02   0.12797730E-03
   0.62600000E-09   0.22239238E+00   0.11759379E-02   0.67104639E-03   0.11003882E-02   0.43373857E-01   0.13095991E-02   0.12797730E-03
   0.63100000E-09   0.22389034E+00   0.11759379E-02   0.67104639E-03   0.10980136E-02   0.43373857E-01   0.13095991E-02   0.12797730E-03
   0.63600000E-09   0.22538830E+00   0.11759379E-02   0.67104639E-03   0.10956390E-02   0.43373857E-01   0.13095991E-02   0.12797730E-03
   0.64100000E-09   0.22688627E+00   0.11759379E-02   0.67104639E-03   0.10932644E-02   0.43373857E-01   0.13095991E-02   0.12797730E-03
   0.64600000E-09   0.22838423E+00   0.11759379E-02   0.67104639E-03   0.10908897E-02   0.43373857E-01   0.13095991E-02   0.12797730E-03
   0.65100000E-09   0.22988219E+00   0.11759379E-02   0.67104639E-03   0.10885151E-02   0.43373857E-01   0.13095991E-02   0.12797730E-03
   0.65600000E-09   0.23138015E+00   0.11759379E-02   0.67104639E-03   0.10861405E-02   0.43373857E-01   0.13095991E-02   0.12797730E-03
   0.66100000E-09   0.23287811E+00   0.11759379E-02   0.67104639E-03   0.10837659E-02   0.43373857E-01   0.13095991E-02   0.12797730E-03
   0.66600000E-09   0.23437607E+00   0.11759379E-02   0.67104639E-03   0.10813913E-02   0.43373857E-01   0.13095990E-02   0.12797730E-03
   0.67100000E-09   0.23587403E+00   0.11759379E-02   0.67104639E-03   0.10790167E-02   0.43373857E-01   0.13095990E-02   0.12797730E-03
   0.67600000E-09   0.23737199E+00   0.11759379E-02   0.67104639E-03   0.10766421E-02   0.43373857E-01   0.13095990E-02   0.12797730E-03
   0.68100000E-09   0.23886995E+00   0.11759379E-02   0.67104639E-03   0.10742676E-02   0.43373857E-01   0.13095990E-02   0.12797730E-03
   0.68600000E-09   0.24036791E+00   0.11759379E-02   0.67104639E-03   0.10718930E-02   0.43373857E-01   0.13095990E-02   0.12797730E-03
   0.69100000E-09   0.24186587E+00   0.11759379E-02   0.67104639E-03   0.10695184E-02   0.43373857E-01   0.13095990E-02   0.12797730E-03
   0.69600000E-09   0.24336383E+00   0.11759379E-02   0.67104639E-03   0.10671438E-02   0.43373857E-01   0.13095990E-02   0.12797730E-03
   0.70100000E-09   0.24486179E+00   0.11759379E-02   0.67104639E-03   0.10647692E-02   0.43373857E-01   0.13095990E-02   0.12797730E-03
   0.70600000E-09   0.24635975E+00   0.11759379E-02   0.67104639E-03   0.10623946E-02   0.43373857E-01   0.13095990E-02   0.12797730E-03
   0.71100000E-09   0.24785771E+00   0.11759379E-02   0.67104639E-03   0.10600201E-02   0.43373857E-01   0.13095990E-02   0.12797730E-03
   0.71600000E-09   0.24935567E+00   0.11759379E-02   0.67104639E-03   0.10576455E-02   0.43373857E-01   0.13095990E-02   0.12797730E-03
   0.72100000E-09   0.25085363E+00   0.11759379E-02   0.67104639E-03   0.10552709E-02   0.43373857E-01   0.13095989E-02   0.12797730E-03
   0.72600000E-09   0.25235159E+00   0.11759379E-02   0.67104639E-03   0.10528964E-02   0.43373857E-01   0.13095989E-02   0.12797730E-03
   0.73100000E-09   0.25384955E+00   0.11759379E-02   0.67104639E-03   0.10505218E-02   0.43373857E-01   0.13095989E-02   0.12797730E-03
   0.73600000E-09   0.25534751E+00   0.11759379E-02   0.67104639E-03   0.10481473E-02   0.43373857E-01   0.13095989E-02   0.12797730E-03
   0.74100000E-09   0.25684547E+00   0.11759379E-02   0.67104639E-03   0.10457727E-02   0.43373857E-01   0.13095989E-02   0.12797730E-03
   0.74600000E-09   0.25834343E+00   0.11759380E-02   0.67104639E-03   0.10433982E-02   0.43373857E-01   0.13095989E-02   0.12797730E-03
   0.75100000E-09   0.25984139E+00   0.11759380E-02   0.67104639E-03   0.10410236E-02   0.43373857E-01   0.13095989E-02   0.12797730E-03
   0.75600000E-09   0.26133935E+00   0.11759380E-02   0.67104639E-03   0.10386491E-02   0.43373857E-01   0.13095989E-02   0.12797730E-03
   0.76100000E-09   0.26283731E+00   0.11759380E-02   0.67104639E-03   0.10362745E-02   0.43373857E-01   0.13095989E-02   0.12797730E-03
   0.76600000E-09   0.26433528E+00   0.11759380E-02   0.67104639E-03   0.10339000E-02   0.43373857E-01   0.13095989E-02   0.12797730E-03
   0.77100000E-09   0.26583324E+00   0.11759381E-02   0.67104639E-03   0.10315255E-02   0.43373857E-01   0.13095989E-02   0.12797730E-03
   0.77600000E-09   0.26733120E+00   0.11759381E-02   0.67104639E-03   0.10291510E-02   0.43373857E-01   0.13095988E-02   0.12797730E-03
   0.78100000E-09   0.26882916E+00   0.11759381E-02   0.67104639E-03   0.10267764E-02   0.43373857E-01   0.13095988E-02   0.12797730E-03
   0.78600000E-09   0.27032712E+00   0.11759381E-02   0.67104639E-03   0.10244019E-02   0.43373857E-01   0.13095988E-02   0.12797730E-03
   0.79100000E-09   0.27182508E+00   0.11759382E-02   0.67104639E-03   0.10220274E-02   0.43373857E-01   0.13095988E-02   0.12797730E-03
   0.79600000E-09   0.27332304E+00   0.11759382E-02   0.67104639E-03   0.10196529E-02   0.43373857E-01   0.13095988E-02   0.12797730E-03
   0.80100000E-09   0.27482100E+00   0.11759382E-02   0.67104639E-03   0.10172784E-02   0.43373857E-01   0.13095988E-02   0.12797730E-03
   0.80600000E-09   0.27631896E+00   0.11759382E-02   0.67104639E-03   0.10149039E-02   0.43373857E-01   0.13095988E-02   0.12797730E-03
   0.81100000E-09   0.27781692E+00   0.11759383E-02   0.67104639E-03   0.10125294E-02   0.43373857E-01   0.13095988E-02   0.12797730E-03
   0.81600000E-09   0.27931488E+00   0.11759383E-02   0.67104639E-03   0.10101549E-02   0.43373857E-01   0.13095988E-02   0.12797730E-03
   0.82100000E-09   0.28081284E+00   0.11759383E-02   0.67104639E-03   0.10077804E-02   0.43373857E-01   0.13095988E-02   0.12797730E-03
   0.82600000E-09   0.28231080E+00   0.11759384E-02   0.67104639E-03   0.10054059E-02   0.43373857E-01   0.13095987E-02   0.12797730E-03
   0.83100000E-09   0.28380876E+00   0.11759384E-02   0.67104639E-03   0.10030314E-02   0.43373857E-01   0.13095987E-02   0.12797730E-03
   0.83600000E-09   0.28530672E+00   0.11759384E-02   0.67104639E-03   0.10006569E-02   0.43373857E-01   0.13095987E-02   0.12797730E-03
   0.84100000E-09   0.28680468E+00   0.11759385E-02   0.67104639E-03   0.99828242E-03   0.43373857E-01   0.13095987E-02   0.12797730E-03
   0.84600000E-09   0.28830264E+00   0.11759385E-02   0.67104639E-03   0.99590794E-03   0.43373857E-01   0.13095987E-02   0.12797730E-03
   0.85100000E-09   0.28980060E+00   0.11759386E-02   0.67104639E-03   0.99353347E-03   0.43373857E-01   0.13095987E-02   0.12797730E-03
   0.85600000E-09   0.29129856E+00   0.11759386E-02   0.67104639E-03   0.99115900E-03   0.43373857E-01   0.13095987E-02   0.12797730E-03
   0.86100000E-09   0.29279652E+00   0.11759386E-02   0.67104639E-03   0.98878453E-03   0.43373857E-01   0.13095987E-02   0.12797730E-03
   0.86600000E-09   0.29429448E+00   0.11759387E-02   0.67104639E-03   0.98641007E-03   0.43373857E-01   0.13095987E-02   0.12797730E-03
   0.87100000E-09   0.29579244E+00   0.11759387E-02   0.67104639E-03   0.98403561E-03   0.43373857E-01   0.13095987E-02   0.12797730E-03
   0.87600000E-09   0.29729040E+00   0.11759388E-02   0.67104639E-03   0.98166116E-03   0.43373857E-01   0.13095987E-02   0.12797730E-03
   0.88100000E-09   0.29878836E+00   0.11759388E-02   0.67104639E-03   0.97928671E-03   0.43373857E-01   0.13095986E-02   0.12797730E-03
   0.88600000E-09   0.30028633E+00   0.11759389E-02   0.67104639E-03   0.97691227E-03   0.43373857E-01   0.13095986E-02   0.12797730E-03
   0.89100000E-09   0.30178429E+00   0.11759389E-02   0.67104639E-03   0.97453783E-03   0.43373857E-01   0.13095986E-02   0.12797730E-03
   0.89600000E-09   0.30328225E+00   0.11759390E-02   0.67104639E-03   0.97216339E-03   0.43373857E-01   0.13095986E-02   0.12797730E-03
   0.90100000E-09   0.30478021E+00   0.11759390E-02   0.67104639E-03   0.96978896E-03   0.43373857E-01   0.13095986E-02   0.12797730E-03
   0.90600000E-09   0.30627817E+00   0.11759391E-02   0.67104639E-03   0.96741453E-03   0.43373857E-01   0.13095986E-02   0.12797730E-03
   0.91100000E-09   0.30777613E+00   0.11759391E-02   0.67104639E-03   0.96504010E-03   0.43373857E-01   0.13095986E-02   0.12797730E-03
   0.91600000E-09   0.30927409E+00   0.11759392E-02   0.67104639E-03   0.96266568E-03   0.43373857E-01   0.13095986E-02   0.12797730E-03
   0.92100000E-09   0.31077205E+00   0.11759392E-02   0.67104639E-03   0.96029127E-03   0.43373857E-01   0.13095986E-02   0.12797730E-03
   0.92600000E-09   0.31227001E+00   0.11759393E-02   0.67104639E-03   0.95791685E-03   0.43373857E-01   0.13095986E-02   0.12797730E-03
   0.93100000E-09   0.31376797E+00   0.11759393E-02   0.67104639E-03   0.95554245E-03   0.43373857E-01   0.13095985E-02   0.12797730E-03
   0.93600000E-09   0.31526593E+00   0.11759394E-02   0.67104639E-03   0.95316804E-03   0.43373857E-01   0.13095985E-02   0.12797730E-03
   0.94100000E-09   0.31676389E+00   0.11759395E-02   0.67104639E-03   0.95079365E-03   0.43373857E-01   0.13095985E-02   0.12797730E-03
   0.94600000E-09   0.31826185E+00   0.11759395E-02   0.67104639E-03   0.94841925E-03   0.43373857E-01   0.13095985E-02   0.12797730E-03
   0.95100000E-09   0.31975981E+00   0.11759396E-02   0.67104639E-03   0.94604486E-03   0.43373857E-01   0.13095985E-02   0.12797730E-03
   0.95600000E-09   0.32125777E+00   0.11759397E-02   0.67104639E-03   0.94367048E-03   0.43373857E-01   0.13095985E-02   0.12797730E-03
   0.96100000E-09   0.32275573E+00   0.11759397E-02   0.67104639E-03   0.94129610E-03   0.43373857E-01   0.13095985E-02   0.12797730E-03
   0.96600000E-09   0.32425369E+00   0.11759398E-02   0.67104639E-03   0.93892172E-03   0.43373857E-01   0.13095985E-02   0.12797730E-03
   0.97100000E-09   0.32575165E+00   0.11759399E-02   0.67104639E-03   0.93654735E-03   0.43373857E-01   0.13095985E-02   0.12797730E-03
   0.97600000E-09   0.32724961E+00   0.11759399E-02   0.67104639E-03   0.93417298E-03   0.43373857E-01   0.13095985E-02   0.12797730E-03
   0.98100000E-09   0.32874757E+00   0.11759400E-02   0.67104639E-03   0.93179862E-03   0.43373857E-01   0.13095985E-02   0.12797730E-03
   0.98600000E-09   0.33024553E+00   0.11759401E-02   0.67104639E-03   0.92942426E-03   0.43373857E-01   0.13095984E-02   0.12797730E-03
   0.99100000E-09   0.33174349E+00   0.11759401E-02   0.67104639E-03   0.92704991E-03   0.43373857E-01   0.13095984E-02   0.12797730E-03
   0.99600000E-09   0.33324145E+00   0.11759402E-02   0.67104639E-03   0.92467556E-03   0.43373857E-01   0.13095984E-02   0.12797730E-03
   0.10010000E-08   0.33473941E+00   0.11759403E-02   0.67104639E-03   0.92230122E-03   0.43373857E-01   0.13095984E-02   0.12797730E-03
   0.10060000E-08   0.33623737E+00   0.11759404E-02   0.67104639E-03   0.91992688E-03   0.43373857E-01   0.13095984E-02   0.12797730E-03
   0.10110000E-08   0.33773534E+00   0.11759404E-02   0.67104639E-03   0.91755255E-03   0.43373857E-01   0.13095984E-02   0.12797730E-03
   0.10160000E-08   0.33923330E+00   0.11759405E-02   0.67104639E-03   0.91517822E-03   0.43373857E-01   0.13095984E-02   0.12797730E-03
   0.10210000E-08   0.34073126E+00   0.11759406E-02   0.67104639E-03   0.91280389E-03   0.43373857E-01   0.13095984E-02   0.12797730E-03
   0.10260000E-08   0.34222922E+00   0.11759407E-02   0.67104639E-03   0.91042958E-03   0.43373857E-01   0.13095984E-02   0.12797730E-03
   0.10310000E-08   0.34372718E+00   0.11759408E-02   0.67104639E-03   0.90805526E-03   0.43373857E-01   0.13095984E-02   0.12797730E-03
   0.10360000E-08   0.34522514E+00   0.11759408E-02   0.67104639E-03   0.90568095E-03   0.43373857E-01   0.13095984E-02   0.12797730E-03
   0.10410000E-08   0.34672310E+00   0.11759409E-02   0.67104639E-03   0.90330665E-03   0.43373857E-01   0.13095983E-02   0.12797730E-03
   0.10460000E-08   0.34822106E+00   0.11759410E-02   0.67104639E-03   0.90093235E-03   0.43373857E-01   0.13095983E-02   0.12797730E-03
   0.10510000E-08   0.34971902E+00   0.11759411E-02   0.67104639E-03   0.89855806E-03   0.43373857E-01   0.13095983E-02   0.12797730E-03
   0.10560000E-08   0.35121698E+00   0.11759412E-02   0.67104639E-03   0.89618377E-03   0.43373857E-01   0.13095983E-02   0.12797730E-03
   0.10610000E-08   0.35271494E+00   0.11759413E-02   0.67104639E-03   0.89380949E-03   0.43373857E-01   0.13095983E-02   0.12797730E-03
   0.10660000E-08   0.35421290E+00   0.11759414E-02   0.67104639E-03   0.89143521E-03   0.43373857E-01   0.13095983E-02   0.12797730E-03
   0.10710000E-08   0.35571086E+00   0.11759415E-02   0.67104639E-03   0.88906094E-03   0.43373857E-01   0.13095983E-02   0.12797730E-03
   0.10760000E-08   0.35720882E+00   0.11759416E-02   0.67104639E-03   0.88668668E-03   0.43373857E-01   0.13095983E-02   0.12797730E-03
   0.10810000E-08   0.35870678E+00   0.11759416E-02   0.67104639E-03   0.88431242E-03   0.43373857E-01   0.13095983E-02   0.12797730E-03
   0.10860000E-08   0.36020474E+00   0.11759417E-02   0.67104639E-03   0.88193816E-03   0.43373857E-01   0.13095983E-02   0.12797730E-03
   0.10910000E-08   0.36170270E+00   0.11759418E-02   0.67104639E-03   0.87956391E-03   0.43373857E-01   0.13095982E-02   0.12797730E-03
   0.10960000E-08   0.36320066E+00   0.11759419E-02   0.67104639E-03   0.87718967E-03   0.43373857E-01   0.13095982E-02   0.12797730E-03
   0.11010000E-08   0.36469862E+00   0.11759420E-02   0.67104639E-03   0.87481543E-03   0.43373857E-01   0.13095982E-02   0.12797730E-03
   0.11060000E-08   0.36619658E+00   0.11759421E-02   0.67104639E-03   0.87244120E-03   0.43373857E-01   0.13095982E-02   0.12797730E-03
   0.11110000E-08   0.36769454E+00   0.11759422E-02   0.67104639E-03   0.87006697E-03   0.43373857E-01   0.13095982E-02   0.12797730E-03
   0.11160000E-08   0.36919250E+00   0.11759423E-02   0.67104639E-03   0.86769275E-03   0.43373857E-01   0.13095982E-02   0.12797730E-03
   0.11210000E-08   0.37069046E+00   0.11759424E-02   0.67104639E-03   0.86531853E-03   0.43373857E-01   0.13095982E-02   0.12797730E-03
   0.11260000E-08   0.37218842E+00   0.11759425E-02   0.67104639E-03   0.86294432E-03   0.43373857E-01   0.13095982E-02   0.12797730E-03
   0.11310000E-08   0.37368638E+00   0.11759426E-02   0.67104639E-03   0.86057012E-03   0.43373857E-01   0.13095982E-02   0.12797730E-03
   0.11360000E-08   0.37518435E+00   0.11759428E-02   0.67104639E-03   0.85819592E-03   0.43373857E-01   0.13095982E-02   0.12797730E-03
   0.11410000E-08   0.37668231E+00   0.11759429E-02   0.67104639E-03   0.85582173E-03   0.43373857E-01   0.13095982E-02   0.12797730E-03
   0.11460000E-08   0.37818027E+00   0.11759430E-02   0.67104639E-03   0.85344755E-03   0.43373857E-01   0.13095981E-02   0.12797730E-03
   0.11510000E-08   0.37967823E+00   0.11759431E-02   0.67104639E-03   0.85107337E-03   0.43373857E-01   0.13095981E-02   0.12797730E-03
   0.11560000E-08   0.38117619E+00   0.11759432E-02   0.67104639E-03   0.84869919E-03   0.43373857E-01   0.13095981E-02   0.12797730E-03
   0.11610000E-08   0.38267415E+00   0.11759433E-02   0.67104639E-03   0.84632503E-03   0.43373857E-01   0.13095981E-02   0.12797730E-03
   0.11660000E-08   0.38417211E+00   0.11759434E-02   0.67104639E-03   0.84395087E-03   0.43373857E-01   0.13095981E-02   0.12797730E-03
   0.11710000E-08   0.38567007E+00   0.11759435E-02   0.67104639E-03   0.84157671E-03   0.43373857E-01   0.13095981E-02   0.12797730E-03
   0.11760000E-08   0.38716803E+00   0.11759436E-02   0.67104639E-03   0.83920256E-03   0.43373857E-01   0.13095981E-02   0.12797730E-03
   0.11810000E-08   0.38866599E+00   0.11759438E-02   0.67104639E-03   0.83682842E-03   0.43373857E-01   0.13095981E-02   0.12797730E-03
   0.11860000E-08   0.39016395E+00   0.11759439E-02   0.67104639E-03   0.83445429E-03   0.43373857E-01   0.13095981E-02   0.12797730E-03
   0.11910000E-08   0.39166191E+00   0.11759440E-02   0.67104639E-03   0.83208016E-03   0.43373857E-01   0.13095981E-02   0.12797730E-03
   0.11960000E-08   0.39315987E+00   0.11759441E-02   0.67104639E-03   0.82970604E-03   0.43373857E-01   0.13095981E-02   0.12797730E-03
   0.12010000E-08   0.39465783E+00   0.11759442E-02   0.67104639E-03   0.82733192E-03   0.43373857E-01   0.13095980E-02   0.12797730E-03
   0.12060000E-08   0.39615579E+00   0.11759444E-02   0.67104639E-03   0.82495782E-03   0.43373857E-01   0.13095980E-02   0.12797730E-03
   0.12110000E-08   0.39765375E+00   0.11759445E-02   0.67104639E-03   0.82258371E-03   0.43373857E-01   0.13095980E-02   0.12797730E-03
   0.12160000E-08   0.39915171E+00   0.11759446E-02   0.67104639E-03   0.82020962E-03   0.43373857E-01   0.13095980E-02   0.12797730E-03
   0.12210000E-08   0.40064967E+00   0.11759447E-02   0.67104639E-03   0.81783553E-03   0.43373857E-01   0.13095980E-02   0.12797730E-03
   0.12260000E-08   0.40214763E+00   0.11759449E-02   0.67104639E-03   0.81546145E-03   0.43373857E-01   0.13095980E-02   0.12797730E-03
   0.12310000E-08   0.40364559E+00   0.11759450E-02   0.67104639E-03   0.81308738E-03   0.43373857E-01   0.13095980E-02   0.12797730E-03
   0.12360000E-08   0.40514355E+00   0.11759451E-02   0.67104639E-03   0.81071331E-03   0.43373857E-01   0.13095980E-02   0.12797730E-03
   0.12410000E-08   0.40664151E+00   0.11759453E-02   0.67104639E-03   0.80833925E-03   0.43373857E-01   0.13095980E-02   0.12797730E-03
   0.12460000E-08   0.40813947E+00   0.11759454E-02   0.67104639E-03   0.80596520E-03   0.43373857E-01   0.13095980E-02   0.12797730E-03
   0.12510000E-08   0.40963743E+00   0.11759455E-02   0.67104639E-03   0.80359116E-03   0.43373857E-01   0.13095980E-02   0.12797730E-03
   0.12560000E-08   0.41113539E+00   0.11759457E-02   0.67104639E-03   0.80121712E-03   0.43373857E-01   0.13095979E-02   0.12797730E-03
   0.12610000E-08   0.41263336E+00   0.11759458E-02   0.67104639E-03   0.79884309E-03   0.43373857E-01   0.13095979E-02   0.12797730E-03
   0.12660000E-08   0.41413132E+00   0.11759459E-02   0.67104639E-03   0.79646907E-03   0.43373857E-01   0.13095979E-02   0.12797730E-03
   0.12710000E-08   0.41562928E+00   0.11759461E-02   0.67104639E-03   0.79409505E-03   0.43373857E-01   0.13095979E-02   0.12797730E-03
   0.12760000E-08   0.41712724E+00   0.11759462E-02   0.67104639E-03   0.79172104E-03   0.43373857E-01   0.13095979E-02   0.12797730E-03
   0.12810000E-08   0.41862520E+00   0.11759463E-02   0.67104639E-03   0.78934705E-03   0.43373857E-01   0.13095979E-02   0.12797730E-03
   0.12860000E-08   0.42012316E+00   0.11759465E-02   0.67104639E-03   0.78697305E-03   0.43373857E-01   0.13095979E-02   0.12797730E-03
   0.12910000E-08   0.42162112E+00   0.11759466E-02   0.67104639E-03   0.78459907E-03   0.43373857E-01   0.13095979E-02   0.12797730E-03
   0.12960000E-08   0.42311908E+00   0.11759468E-02   0.67104639E-03   0.78222509E-03   0.43373857E-01   0.13095979E-02   0.12797730E-03
   0.13010000E-08   0.42461704E+00   0.11759469E-02   0.67104639E-03   0.77985113E-03   0.43373857E-01   0.13095979E-02   0.12797730E-03
   0.13060000E-08   0.42611500E+00   0.11759471E-02   0.67104639E-03   0.77747717E-03   0.43373857E-01   0.13095979E-02   0.12797730E-03
   0.13110000E-08   0.42761296E+00   0.11759472E-02   0.67104639E-03   0.77510321E-03   0.43373857E-01   0.13095978E-02   0.12797730E-03
   0.13160000E-08   0.42911092E+00   0.11759474E-02   0.67104639E-03   0.77272927E-03   0.43373857E-01   0.13095978E-02   0.12797730E-03
   0.13210000E-08   0.43060888E+00   0.11759475E-02   0.67104639E-03   0.77035534E-03   0.43373857E-01   0.13095978E-02   0.12797730E-03
   0.13260000E-08   0.43210684E+00   0.11759477E-02   0.67104639E-03   0.76798141E-03   0.43373857E-01   0.13095978E-02   0.12797730E-03
   0.13310000E-08   0.43360480E+00   0.11759478E-02   0.67104639E-03   0.76560749E-03   0.43373857E-01   0.13095978E-02   0.12797730E-03
   0.13360000E-08   0.43510276E+00   0.11759480E-02   0.67104639E-03   0.76323358E-03   0.43373857E-01   0.13095978E-02   0.12797730E-03
   0.13410000E-08   0.43660072E+00   0.11759481E-02   0.67104639E-03   0.76085968E-03   0.43373857E-01   0.13095978E-02   0.12797730E-03
   0.13460000E-08   0.43809868E+00   0.11759483E-02   0.67104639E-03   0.75848579E-03   0.43373857E-01   0.13095978E-02   0.12797730E-03
   0.13510000E-08   0.43959664E+00   0.11759484E-02   0.67104639E-03   0.75611190E-03   0.43373857E-01   0.13095978E-02   0.12797730E-03
   0.13560000E-08   0.44109460E+00   0.11759486E-02   0.67104639E-03   0.75373803E-03   0.43373857E-01   0.13095978E-02   0.12797730E-03
   0.13610000E-08   0.44259256E+00   0.11759488E-02   0.67104639E-03   0.75136416E-03   0.43373857E-01   0.13095977E-02   0.12797730E-03
   0.13660000E-08   0.44409052E+00   0.11759489E-02   0.67104639E-03   0.74899031E-03   0.43373857E-01   0.13095977E-02   0.12797730E-03
   0.13710000E-08   0.44558848E+00   0.11759491E-02   0.67104639E-03   0.74661646E-03   0.43373857E-01   0.13095977E-02   0.12797730E-03
   0.13760000E-08   0.44708644E+00   0.11759492E-02   0.67104639E-03   0.74424262E-03   0.43373857E-01   0.13095977E-02   0.12797730E-03
   0.13810000E-08   0.44858440E+00   0.11759494E-02   0.67104639E-03   0.74186879E-03   0.43373857E-01   0.13095977E-02   0.12797730E-03
   0.13860000E-08   0.45008237E+00   0.11759496E-02   0.67104639E-03   0.73949497E-03   0.43373857E-01   0.13095977E-02   0.12797730E-03
   0.13910000E-08   0.45158033E+00   0.11759497E-02   0.67104639E-03   0.73712116E-03   0.43373857E-01   0.13095977E-02   0.12797730E-03
   0.13960000E-08   0.45307829E+00   0.11759499E-02   0.67104639E-03   0.73474736E-03   0.43373857E-01   0.13095977E-02   0.12797730E-03
   0.14010000E-08   0.45457625E+00   0.11759501E-02   0.67104639E-03   0.73237357E-03   0.43373857E-01   0.13095977E-02   0.12797730E-03
   0.14060000E-08   0.45607421E+00   0.11759502E-02   0.67104639E-03   0.72999979E-03   0.43373857E-01   0.13095977E-02   0.12797730E-03
   0.14110000E-08   0.45757217E+00   0.11759504E-02   0.67104639E-03   0.72762601E-03   0.43373857E-01   0.13095977E-02   0.12797730E-03
   0.14160000E-08   0.45907013E+00   0.11759506E-02   0.67104639E-03   0.72525225E-03   0.43373857E-01   0.13095976E-02   0.12797730E-03
   0.14210000E-08   0.46056809E+00   0.11759508E-02   0.67104639E-03   0.72287850E-03   0.43373857E-01   0.13095976E-02   0.12797730E-03
   0.14260000E-08   0.46206605E+00   0.11759509E-02   0.67104639E-03   0.72050476E-03   0.43373857E-01   0.13095976E-02   0.12797730E-03
   0.14310000E-08   0.46356401E+00   0.11759511E-02   0.67104639E-03   0.71813103E-03   0.43373857E-01   0.13095976E-02   0.12797730E-03
   0.14360000E-08   0.46506197E+00   0.11759513E-02   0.67104639E-03   0.71575731E-03   0.43373857E-01   0.13095976E-02   0.12797730E-03
   0.14410000E-08   0.46655993E+00   0.11759515E-02   0.67104639E-03   0.71338360E-03   0.43373857E-01   0.13095976E-02   0.12797730E-03
   0.14460000E-08   0.46805789E+00   0.11759516E-02   0.67104639E-03   0.71100990E-03   0.43373857E-01   0.13095976E-02   0.12797730E-03
   0.14510000E-08   0.46955585E+00   0.11759518E-02   0.67104639E-03   0.70863621E-03   0.43373857E-01   0.13095976E-02   0.12797730E-03
   0.14560000E-08   0.47105381E+00   0.11759520E-02   0.67104639E-03   0.70626253E-03   0.43373857E-01   0.13095976E-02   0.12797730E-03
   0.14610000E-08   0.47255177E+00   0.11759522E-02   0.67104639E-03   0.70388886E-03   0.43373857E-01   0.13095976E-02   0.12797730E-03
   0.14660000E-08   0.47404973E+00   0.11759524E-02   0.67104639E-03   0.70151521E-03   0.43373857E-01   0.13095976E-02   0.12797730E-03
   0.14710000E-08   0.47554769E+00   0.11759525E-02   0.67104639E-03   0.69914156E-03   0.43373857E-01   0.13095975E-02   0.12797730E-03
   0.14760000E-08   0.47704565E+00   0.11759527E-02   0.67104639E-03   0.69676793E-03   0.43373857E-01   0.13095975E-02   0.12797730E-03
   0.14810000E-08   0.47854361E+00   0.11759529E-02   0.67104639E-03   0.69439430E-03   0.43373857E-01   0.13095975E-02   0.12797730E-03
   0.14860000E-08   0.48004157E+00   0.11759531E-02   0.67104639E-03   0.69202069E-03   0.43373857E-01   0.13095975E-02   0.12797730E-03
   0.14910000E-08   0.48153953E+00   0.11759533E-02   0.67104639E-03   0.68964709E-03   0.43373857E-01   0.13095975E-02   0.12797730E-03
   0.14960000E-08   0.48303749E+00   0.11759535E-02   0.67104639E-03   0.68727350E-03   0.43373857E-01   0.13095975E-02   0.12797730E-03
   0.15010000E-08   0.48453545E+00   0.11759537E-02   0.67104639E-03   0.68489993E-03   0.43373857E-01   0.13095975E-02   0.12797730E-03
   0.15060000E-08   0.48603342E+00   0.11759539E-02   0.67104639E-03   0.68252636E-03   0.43373857E-01   0.13095975E-02   0.12797730E-03
   0.15110000E-08   0.48753138E+00   0.11759541E-02   0.67104639E-03   0.68015281E-03   0.43373857E-01   0.13095975E-02   0.12797730E-03
   0.15160000E-08   0.48902934E+00   0.11759543E-02   0.67104639E-03   0.67777927E-03   0.43373857E-01   0.13095975E-02   0.12797730E-03
   0.15210000E-08   0.49052730E+00   0.11759545E-02   0.67104639E-03   0.67540574E-03   0.43373857E-01   0.13095975E-02   0.12797730E-03
   0.15260000E-08   0.49202526E+00   0.11759547E-02   0.67104639E-03   0.67303223E-03   0.43373857E-01   0.13095974E-02   0.12797730E-03
   0.15310000E-08   0.49352322E+00   0.11759549E-02   0.67104639E-03   0.67065873E-03   0.43373857E-01   0.13095974E-02   0.12797730E-03
   0.15360000E-08   0.49502118E+00   0.11759551E-02   0.67104639E-03   0.66828524E-03   0.43373857E-01   0.13095974E-02   0.12797730E-03
   0.15410000E-08   0.49651914E+00   0.11759553E-02   0.67104639E-03   0.66591176E-03   0.43373857E-01   0.13095974E-02   0.12797730E-03
   0.15460000E-08   0.49801710E+00   0.11759555E-02   0.67104639E-03   0.66353830E-03   0.43373857E-01   0.13095974E-02   0.12797730E-03
   0.15510000E-08   0.49951506E+00   0.11759557E-02   0.67104639E-03   0.66116485E-03   0.43373857E-01   0.13095974E-02   0.12797730E-03
   0.15560000E-08   0.50101302E+00   0.11759559E-02   0.67104639E-03   0.65879141E-03   0.43373857E-01   0.13095974E-02   0.12797730E-03
   0.15610000E-08   0.50251098E+00   0.11759561E-02   0.67104639E-03   0.65641798E-03   0.43373857E-01   0.13095974E-02   0.12797730E-03
   0.15660000E-08   0.50400894E+00   0.11759563E-02   0.67104639E-03   0.65404457E-03   0.43373857E-01   0.13095974E-02   0.12797730E-03
   0.15710000E-08   0.50550690E+00   0.11759565E-02   0.67104639E-03   0.65167118E-03   0.43373857E-01   0.13095974E-02   0.12797730E-03
   0.15760000E-08   0.50700486E+00   0.11759567E-02   0.67104639E-03   0.64929779E-03   0.43373857E-01   0.13095974E-02   0.12797730E-03
   0.15810000E-08   0.50850282E+00   0.11759569E-02   0.67104639E-03   0.64692443E-03   0.43373857E-01   0.13095973E-02   0.12797730E-03
   0.15860000E-08   0.51000078E+00   0.11759571E-02   0.67104639E-03   0.64455107E-03   0.43373857E-01   0.13095973E-02   0.12797730E-03
   0.15910000E-08   0.51149874E+00   0.11759573E-02   0.67104639E-03   0.64217773E-03   0.43373857E-01   0.13095973E-02   0.12797730E-03
   0.15960000E-08   0.51299670E+00   0.11759575E-02   0.67104639E-03   0.63980441E-03   0.43373857E-01   0.13095973E-02   0.12797730E-03
   0.16010000E-08   0.51449466E+00   0.11759578E-02   0.67104639E-03   0.63743110E-03   0.43373857E-01   0.13095973E-02   0.12797730E-03
   0.16060000E-08   0.51599262E+00   0.11759580E-02   0.67104639E-03   0.63505780E-03   0.43373857E-01   0.13095973E-02   0.12797730E-03
   0.16110000E-08   0.51749058E+00   0.11759582E-02   0.67104639E-03   0.63268452E-03   0.43373857E-01   0.13095973E-02   0.12797730E-03
   0.16160000E-08   0.51898854E+00   0.11759584E-02   0.67104639E-03   0.63031125E-03   0.43373857E-01   0.13095973E-02   0.12797730E-03
   0.16210000E-08   0.52048650E+00   0.11759586E-02   0.67104639E-03   0.62793800E-03   0.43373857E-01   0.13095973E-02   0.12797730E-03
   0.16260000E-08   0.52198446E+00   0.11759589E-02   0.67104639E-03   0.62556477E-03   0.43373857E-01   0.13095973E-02   0.12797730E-03
   0.16310000E-08   0.52348243E+00   0.11759591E-02   0.67104639E-03   0.62319155E-03   0.43373857E-01   0.13095973E-02   0.12797730E-03
   0.16360000E-08   0.52498039E+00   0.11759593E-02   0.67104639E-03   0.62081835E-03   0.43373857E-01   0.13095972E-02   0.12797730E-03
   0.16410000E-08   0.52647835E+00   0.11759595E-02   0.67104639E-03   0.61844516E-03   0.43373857E-01   0.13095972E-02   0.12797730E-03
   0.16460000E-08   0.52797631E+00   0.11759598E-02   0.67104639E-03   0.61607199E-03   0.43373857E-01   0.13095972E-02   0.12797730E-03
   0.16510000E-08   0.52947427E+00   0.11759600E-02   0.67104639E-03   0.61369883E-03   0.43373857E-01   0.13095972E-02   0.12797730E-03
   0.16560000E-08   0.53097223E+00   0.11759602E-02   0.67104639E-03   0.61132570E-03   0.43373857E-01   0.13095972E-02   0.12797730E-03
   0.16610000E-08   0.53247019E+00   0.11759604E-02   0.67104639E-03   0.60895258E-03   0.43373857E-01   0.13095972E-02   0.12797730E-03
   0.16660000E-08   0.53396815E+00   0.11759607E-02   0.67104639E-03   0.60657947E-03   0.43373857E-01   0.13095972E-02   0.12797730E-03
   0.16710000E-08   0.53546611E+00   0.11759609E-02   0.67104639E-03   0.60420639E-03   0.43373857E-01   0.13095972E-02   0.12797730E-03
   0.16760000E-08   0.53696407E+00   0.11759611E-02   0.67104639E-03   0.60183332E-03   0.43373857E-01   0.13095972E-02   0.12797730E-03
   0.16810000E-08   0.53846203E+00   0.11759614E-02   0.67104639E-03   0.59946027E-03   0.43373857E-01   0.13095972E-02   0.12797730E-03
   0.16860000E-08   0.53995999E+00   0.11759616E-02   0.67104639E-03   0.59708723E-03   0.43373857E-01   0.13095972E-02   0.12797730E-03
   0.16910000E-08   0.54145795E+00   0.11759618E-02   0.67104639E-03   0.59471422E-03   0.43373857E-01   0.13095971E-02   0.12797730E-03
   0.16960000E-08   0.54295591E+00   0.11759621E-02   0.67104639E-03   0.59234122E-03   0.43373857E-01   0.13095971E-02   0.12797730E-03
   0.17010000E-08   0.54445387E+00   0.11759623E-02   0.67104639E-03   0.58996824E-03   0.43373857E-01   0.13095971E-02   0.12797730E-03
   0.17060000E-08   0.54595183E+00   0.11759626E-02   0.67104639E-03   0.58759528E-03   0.43373857E-01   0.13095971E-02   0.12797730E-03
   0.17110000E-08   0.54744979E+00   0.11759628E-02   0.67104639E-03   0.58522234E-03   0.43373857E-01   0.13095971E-02   0.12797730E-03
   0.17160000E-08   0.54894775E+00   0.11759630E-02   0.67104639E-03   0.58284942E-03   0.43373857E-01   0.13095971E-02   0.12797730E-03
   0.17210000E-08   0.55044571E+00   0.11759633E-02   0.67104639E-03   0.58047652E-03   0.43373857E-01   0.13095971E-02   0.12797730E-03
   0.17260000E-08   0.55194367E+00   0.11759635E-02   0.67104639E-03   0.57810364E-03   0.43373857E-01   0.13095971E-02   0.12797730E-03
   0.17310000E-08   0.55344163E+00   0.11759638E-02   0.67104639E-03   0.57573078E-03   0.43373857E-01   0.13095971E-02   0.12797730E-03
   0.17360000E-08   0.55493959E+00   0.11759640E-02   0.67104639E-03   0.57335793E-03   0.43373857E-01   0.13095971E-02   0.12797730E-03
   0.17410000E-08   0.55643755E+00   0.11759643E-02   0.67104639E-03   0.57098511E-03   0.43373857E-01   0.13095971E-02   0.12797730E-03
   0.17460000E-08   0.55793551E+00   0.11759645E-02   0.67104639E-03   0.56861231E-03   0.43373857E-01   0.13095970E-02   0.12797730E-03
   0.17510000E-08   0.55943347E+00   0.11759648E-02   0.67104639E-03   0.56623953E-03   0.43373857E-01   0.13095970E-02   0.12797730E-03
   0.17560000E-08   0.56093144E+00   0.11759650E-02   0.67104639E-03   0.56386678E-03   0.43373857E-01   0.13095970E-02   0.12797730E-03
   0.17610000E-08   0.56242940E+00   0.11759653E-02   0.67104639E-03   0.56149404E-03   0.43373857E-01   0.13095970E-02   0.12797730E-03
   0.17660000E-08   0.56392736E+00   0.11759655E-02   0.67104639E-03   0.55912133E-03   0.43373857E-01   0.13095970E-02   0.12797730E-03
   0.17710000E-08   0.56542532E+00   0.11759658E-02   0.67104639E-03   0.55674863E-03   0.43373857E-01   0.13095970E-02   0.12797730E-03
   0.17760000E-08   0.56692328E+00   0.11759660E-02   0.67104639E-03   0.55437596E-03   0.43373857E-01   0.13095970E-02   0.12797730E-03
   0.17810000E-08   0.56842124E+00   0.11759663E-02   0.67104639E-03   0.55200332E-03   0.43373857E-01   0.13095970E-02   0.12797730E-03
   0.17860000E-08   0.56991920E+00   0.11759666E-02   0.67104639E-03   0.54963069E-03   0.43373857E-01   0.13095970E-02   0.12797730E-03
   0.17910000E-08   0.57141716E+00   0.11759668E-02   0.67104639E-03   0.54725809E-03   0.43373857E-01   0.13095970E-02   0.12797730E-03
   0.17960000E-08   0.57291512E+00   0.11759671E-02   0.67104639E-03   0.54488551E-03   0.43373857E-01   0.13095970E-02   0.12797730E-03
   0.18010000E-08   0.57441308E+00   0.11759673E-02   0.67104639E-03   0.54251296E-03   0.43373857E-01   0.13095969E-02   0.12797730E-03
   0.18060000E-08   0.57591104E+00   0.11759676E-02   0.67104639E-03   0.54014043E-03   0.43373857E-01   0.13095969E-02   0.12797730E-03
   0.18110000E-08   0.57740900E+00   0.11759679E-02   0.67104639E-03   0.53776793E-03   0.43373857E-01   0.13095969E-02   0.12797730E-03
   0.18160000E-08   0.57890696E+00   0.11759681E-02   0.67104639E-03   0.53539545E-03   0.43373857E-01   0.13095969E-02   0.12797730E-03
   0.18210000E-08   0.58040492E+00   0.11759684E-02   0.67104639E-03   0.53302299E-03   0.43373857E-01   0.13095969E-02   0.12797730E-03
   0.18260000E-08   0.58190288E+00   0.11759687E-02   0.67104639E-03   0.53065056E-03   0.43373857E-01   0.13095969E-02   0.12797730E-03
   0.18310000E-08   0.58340084E+00   0.11759689E-02   0.67104639E-03   0.52827816E-03   0.43373857E-01   0.13095969E-02   0.12797730E-03
   0.18360000E-08   0.58489880E+00   0.11759692E-02   0.67104639E-03   0.52590578E-03   0.43373857E-01   0.13095969E-02   0.12797730E-03
   0.18410000E-08   0.58639676E+00   0.11759695E-02   0.67104639E-03   0.52353343E-03   0.43373857E-01   0.13095969E-02   0.12797730E-03
   0.18460000E-08   0.58789472E+00   0.11759697E-02   0.67104639E-03   0.52116111E-03   0.43373857E-01   0.13095969E-02   0.12797730E-03
   0.18510000E-08   0.58939268E+00   0.11759700E-02   0.67104639E-03   0.51878882E-03   0.43373857E-01   0.13095969E-02   0.12797730E-03
   0.18560000E-08   0.59089064E+00   0.11759703E-02   0.67104639E-03   0.51641655E-03   0.43373857E-01   0.13095968E-02   0.12797730E-03
   0.18610000E-08   0.59238860E+00   0.11759706E-02   0.67104639E-03   0.51404431E-03   0.43373857E-01   0.13095968E-02   0.12797730E-03
   0.18660000E-08   0.59388656E+00   0.11759708E-02   0.67104639E-03   0.51167210E-03   0.43373857E-01   0.13095968E-02   0.12797730E-03
   0.18710000E-08   0.59538452E+00   0.11759711E-02   0.67104639E-03   0.50929991E-03   0.43373857E-01   0.13095968E-02   0.12797730E-03
   0.18760000E-08   0.59688248E+00   0.11759714E-02   0.67104639E-03   0.50692776E-03   0.43373857E-01   0.13095968E-02   0.12797730E-03
   0.18810000E-08   0.59838045E+00   0.11759717E-02   0.67104639E-03   0.50455564E-03   0.43373857E-01   0.13095968E-02   0.12797730E-03
   0.18860000E-08   0.59987841E+00   0.11759720E-02   0.67104639E-03   0.50218355E-03   0.43373857E-01   0.13095968E-02   0.12797730E-03
   0.18910000E-08   0.60137637E+00   0.11759723E-02   0.67104639E-03   0.49981148E-03   0.43373857E-01   0.13095968E-02   0.12797730E-03
   0.18960000E-08   0.60287433E+00   0.11759725E-02   0.67104639E-03   0.49743945E-03   0.43373857E-01   0.13095968E-02   0.12797730E-03
   0.19010000E-08   0.60437229E+00   0.11759728E-02   0.67104639E-03   0.49506745E-03   0.43373857E-01   0.13095968E-02   0.12797730E-03
   0.19060000E-08   0.60587025E+00   0.11759731E-02   0.67104639E-03   0.49269549E-03   0.43373857E-01   0.13095968E-02   0.12797730E-03
   0.19110000E-08   0.60736821E+00   0.11759734E-02   0.67104639E-03   0.49032355E-03   0.43373857E-01   0.13095968E-02   0.12797730E-03
   0.19160000E-08   0.60886617E+00   0.11759737E-02   0.67104639E-03   0.48795165E-03   0.43373857E-01   0.13095967E-02   0.12797730E-03
   0.19210000E-08   0.61036413E+00   0.11759740E-02   0.67104639E-03   0.48557978E-03   0.43373857E-01   0.13095967E-02   0.12797730E-03
   0.19260000E-08   0.61186209E+00   0.11759743E-02   0.67104639E-03   0.48320795E-03   0.43373857E-01   0.13095967E-02   0.12797730E-03
   0.19310000E-08   0.61336005E+00   0.11759746E-02   0.67104639E-03   0.48083615E-03   0.43373857E-01   0.13095967E-02   0.12797730E-03
   0.19360000E-08   0.61485801E+00   0.11759749E-02   0.67104639E-03   0.47846438E-03   0.43373857E-01   0.13095967E-02   0.12797730E-03
   0.19410000E-08   0.61635597E+00   0.11759751E-02   0.67104639E-03   0.47609266E-03   0.43373857E-01   0.13095967E-02   0.12797730E-03
   0.19460000E-08   0.61785393E+00   0.11759754E-02   0.67104639E-03   0.47372096E-03   0.43373857E-01   0.13095967E-02   0.12797730E-03
   0.19510000E-08   0.61935189E+00   0.11759757E-02   0.67104639E-03   0.47134931E-03   0.43373857E-01   0.13095967E-02   0.12797730E-03
   0.19560000E-08   0.62084985E+00   0.11759760E-02   0.67104639E-03   0.46897769E-03   0.43373857E-01   0.13095967E-02   0.12797730E-03
   0.19610000E-08   0.62234781E+00   0.11759763E-02   0.67104639E-03   0.46660611E-03   0.43373857E-01   0.13095967E-02   0.12797730E-03
   0.19660000E-08   0.62384577E+00   0.11759766E-02   0.67104639E-03   0.46423456E-03   0.43373857E-01   0.13095967E-02   0.12797730E-03
   0.19710000E-08   0.62534373E+00   0.11759769E-02   0.67104639E-03   0.46186306E-03   0.43373857E-01   0.13095966E-02   0.12797730E-03
   0.19760000E-08   0.62684169E+00   0.11759772E-02   0.67104639E-03   0.45949159E-03   0.43373857E-01   0.13095966E-02   0.12797730E-03
   0.19810000E-08   0.62833965E+00   0.11759775E-02   0.67104639E-03   0.45712017E-03   0.43373857E-01   0.13095966E-02   0.12797730E-03
   0.19860000E-08   0.62983761E+00   0.11759779E-02   0.67104639E-03   0.45474879E-03   0.43373857E-01   0.13095966E-02   0.12797730E-03
   0.19910000E-08   0.63133557E+00   0.11759782E-02   0.67104639E-03   0.45237744E-03   0.43373857E-01   0.13095966E-02   0.12797730E-03
   0.19960000E-08   0.63283353E+00   0.11759785E-02   0.67104639E-03   0.45000614E-03   0.43373857E-01   0.13095966E-02   0.12797730E-03
   0.20010000E-08   0.63433149E+00   0.11759788E-02   0.67104639E-03   0.44763489E-03   0.43373857E-01   0.13095966E-02   0.12797730E-03
   0.20060000E-08   0.63582946E+00   0.11759791E-02   0.67104639E-03   0.44526367E-03   0.43373857E-01   0.13095966E-02   0.12797730E-03
   0.20110000E-08   0.63732742E+00   0.11759794E-02   0.67104639E-03   0.44289250E-03   0.43373857E-01   0.13095966E-02   0.12797730E-03
   0.20160000E-08   0.63882538E+00   0.11759797E-02   0.67104639E-03   0.44052138E-03   0.43373857E-01   0.13095966E-02   0.12797730E-03
   0.20210000E-08   0.64032334E+00   0.11759800E-02   0.67104639E-03   0.43815030E-03   0.43373857E-01   0.13095966E-02   0.12797730E-03
   0.20260000E-08   0.64182130E+00   0.11759803E-02   0.67104639E-03   0.43577927E-03   0.43373857E-01   0.13095965E-02   0.12797730E-03
   0.20310000E-08   0.64331926E+00   0.11759807E-02   0.67104639E-03   0.43340828E-03   0.43373857E-01   0.13095965E-02   0.12797730E-03
   0.20360000E-08   0.64481722E+00   0.11759810E-02   0.67104639E-03   0.43103735E-03   0.43373857E-01   0.13095965E-02   0.12797730E-03
   0.20410000E-08   0.64631518E+00   0.11759813E-02   0.67104639E-03   0.42866646E-03   0.43373857E-01   0.13095965E-02   0.12797730E-03
   0.20460000E-08   0.64781314E+00   0.11759816E-02   0.67104639E-03   0.42629562E-03   0.43373857E-01   0.13095965E-02   0.12797730E-03
   0.20510000E-08   0.64931110E+00   0.11759819E-02   0.67104639E-03   0.42392483E-03   0.43373857E-01   0.13095965E-02   0.12797730E-03
   0.20560000E-08   0.65080906E+00   0.11759823E-02   0.67104639E-03   0.42155409E-03   0.43373857E-01   0.13095965E-02   0.12797730E-03
   0.20610000E-08   0.65230702E+00   0.11759826E-02   0.67104639E-03   0.41918341E-03   0.43373857E-01   0.13095965E-02   0.12797730E-03
   0.20660000E-08   0.65380498E+00   0.11759829E-02   0.67104639E-03   0.41681278E-03   0.43373857E-01   0.13095965E-02   0.12797730E-03
   0.20710000E-08   0.65530294E+00   0.11759832E-02   0.67104639E-03   0.41444220E-03   0.43373857E-01   0.13095965E-02   0.12797730E-03
   0.20760000E-08   0.65680090E+00   0.11759835E-02   0.67104639E-03   0.41207168E-03   0.43373857E-01   0.13095965E-02   0.12797730E-03
   0.20810000E-08   0.65829886E+00   0.11759839E-02   0.67104639E-03   0.40970121E-03   0.43373857E-01   0.13095964E-02   0.12797730E-03
   0.20860000E-08   0.65979682E+00   0.11759842E-02   0.67104639E-03   0.40733080E-03   0.43373857E-01   0.13095964E-02   0.12797730E-03
   0.20910000E-08   0.66129478E+00   0.11759845E-02   0.67104639E-03   0.40496045E-03   0.43373857E-01   0.13095964E-02   0.12797730E-03
   0.20960000E-08   0.66279274E+00   0.11759849E-02   0.67104639E-03   0.40259016E-03   0.43373857E-01   0.13095964E-02   0.12797730E-03
   0.21010000E-08   0.66429070E+00   0.11759852E-02   0.67104639E-03   0.40021993E-03   0.43373857E-01   0.13095964E-02   0.12797730E-03
   0.21060000E-08   0.66578866E+00   0.11759855E-02   0.67104639E-03   0.39784976E-03   0.43373857E-01   0.13095964E-02   0.12797730E-03
   0.21110000E-08   0.66728662E+00   0.11759859E-02   0.67104639E-03   0.39547965E-03   0.43373857E-01   0.13095964E-02   0.12797730E-03
   0.21160000E-08   0.66878458E+00   0.11759862E-02   0.67104639E-03   0.39310961E-03   0.43373857E-01   0.13095964E-02   0.12797730E-03
   0.21210000E-08   0.67028254E+00   0.11759865E-02   0.67104639E-03   0.39073963E-03   0.43373857E-01   0.13095964E-02   0.12797730E-03
   0.21260000E-08   0.67178050E+00   0.11759869E-02   0.67104639E-03   0.38836971E-03   0.43373857E-01   0.13095964E-02   0.12797730E-03
   0.21310000E-08   0.67327847E+00   0.11759872E-02   0.67104639E-03   0.38599986E-03   0.43373857E-01   0.13095964E-02   0.12797730E-03
   0.21360000E-08   0.67477643E+00   0.11759876E-02   0.67104639E-03   0.38363008E-03   0.43373857E-01   0.13095963E-02   0.12797730E-03
   0.21410000E-08   0.67627439E+00   0.11759879E-02   0.67104639E-03   0.38126038E-03   0.43373857E-01   0.13095963E-02   0.12797730E-03
   0.21460000E-08   0.67777235E+00   0.11759882E-02   0.67104639E-03   0.37889074E-03   0.43373857E-01   0.13095963E-02   0.12797730E-03
   0.21510000E-08   0.67927031E+00   0.11759886E-02   0.67104639E-03   0.37652117E-03   0.43373857E-01   0.13095963E-02   0.12797730E-03
   0.21560000E-08   0.68076827E+00   0.11759889E-02   0.67104639E-03   0.37415168E-03   0.43373857E-01   0.13095963E-02   0.12797730E-03
   0.21610000E-08   0.68226623E+00   0.11759893E-02   0.67104639E-03   0.37178226E-03   0.43373857E-01   0.13095963E-02   0.12797730E-03
   0.21660000E-08   0.68376419E+00   0.11759896E-02   0.67104639E-03   0.36941292E-03   0.43373857E-01   0.13095963E-02   0.12797730E-03
   0.21710000E-08   0.68526215E+00   0.11759900E-02   0.67104639E-03   0.36704366E-03   0.43373857E-01   0.13095963E-02   0.12797730E-03
   0.21760000E-08   0.68676011E+00   0.11759903E-02   0.67104639E-03   0.36467448E-03   0.43373857E-01   0.13095963E-02   0.12797730E-03
   0.21810000E-08   0.68825807E+00   0.11759907E-02   0.67104639E-03   0.36230538E-03   0.43373857E-01   0.13095963E-02   0.12797730E-03
   0.21860000E-08   0.68975603E+00   0.11759910E-02   0.67104639E-03   0.35993636E-03   0.43373857E-01   0.13095963E-02   0.12797730E-03
   0.21910000E-08   0.69125399E+00   0.11759914E-02   0.67104639E-03   0.35756742E-03   0.43373857E-01   0.13095963E-02   0.12797730E-03
   0.21960000E-08   0.69275195E+00   0.11759917E-02   0.67104639E-03   0.35519858E-03   0.43373857E-01   0.13095962E-02   0.12797730E-03
   0.22010000E-08   0.69424991E+00   0.11759921E-02   0.67104639E-03   0.35282982E-03   0.43373857E-01   0.13095962E-02   0.12797730E-03
   0.22060000E-08   0.69574787E+00   0.11759924E-02   0.67104639E-03   0.35046115E-03   0.43373857E-01   0.13095962E-02   0.12797730E-03
   0.22110000E-08   0.69724583E+00   0.11759928E-02   0.67104639E-03   0.34809257E-03   0.43373857E-01   0.13095962E-02   0.12797730E-03
   0.22160000E-08   0.69874379E+00   0.11759932E-02   0.67104639E-03   0.34572409E-03   0.43373857E-01   0.13095962E-02   0.12797730E-03
   0.22210000E-08   0.70024175E+00   0.11759935E-02   0.67104639E-03   0.34335570E-03   0.43373857E-01   0.13095962E-02   0.12797730E-03
   0.22260000E-08   0.70173971E+00   0.11759939E-02   0.67104639E-03   0.34098741E-03   0.43373857E-01   0.13095962E-02   0.12797730E-03
   0.22310000E-08   0.70323767E+00   0.11759942E-02   0.67104639E-03   0.33861922E-03   0.43373857E-01   0.13095962E-02   0.12797730E-03
   0.22360000E-08   0.70473563E+00   0.11759946E-02   0.67104639E-03   0.33625113E-03   0.43373857E-01   0.13095962E-02   0.12797730E-03
   0.22410000E-08   0.70623359E+00   0.11759950E-02   0.67104639E-03   0.33388314E-03   0.43373857E-01   0.13095962E-02   0.12797730E-03
   0.22460000E-08   0.70773155E+00   0.11759953E-02   0.67104639E-03   0.33151527E-03   0.43373857E-01   0.13095962E-02   0.12797730E-03
   0.22510000E-08   0.70922952E+00   0.11759957E-02   0.67104639E-03   0.32914750E-03   0.43373857E-01   0.13095961E-02   0.12797730E-03
   0.22560000E-08   0.71072748E+00   0.11759961E-02   0.67104639E-03   0.32677984E-03   0.43373857E-01   0.13095961E-02   0.12797730E-03
   0.22610000E-08   0.71222544E+00   0.11759964E-02   0.67104639E-03   0.32441229E-03   0.43373857E-01   0.13095961E-02   0.12797730E-03
   0.22660000E-08   0.71372340E+00   0.11759968E-02   0.67104639E-03   0.32204487E-03   0.43373857E-01   0.13095961E-02   0.12797730E-03
   0.22710000E-08   0.71522136E+00   0.11759972E-02   0.67104639E-03   0.31967756E-03   0.43373857E-01   0.13095961E-02   0.12797730E-03
   0.22760000E-08   0.71671932E+00   0.11759976E-02   0.67104639E-03   0.31731037E-03   0.43373857E-01   0.13095961E-02   0.12797730E-03
   0.22810000E-08   0.71821728E+00   0.11759979E-02   0.67104639E-03   0.31494330E-03   0.43373857E-01   0.13095961E-02   0.12797730E-03
   0.22860000E-08   0.71971524E+00   0.11759983E-02   0.67104639E-03   0.31257637E-03   0.43373857E-01   0.13095961E-02   0.12797730E-03
   0.22910000E-08   0.72121320E+00   0.11759987E-02   0.67104639E-03   0.31020956E-03   0.43373857E-01   0.13095961E-02   0.12797730E-03
   0.22960000E-08   0.72271116E+00   0.11759991E-02   0.67104639E-03   0.30784289E-03   0.43373857E-01   0.13095961E-02   0.12797730E-03
   0.23010000E-08   0.72420912E+00   0.11759994E-02   0.67104639E-03   0.30547635E-03   0.43373857E-01   0.13095961E-02   0.12797730E-03
   0.23060000E-08   0.72570708E+00   0.11759998E-02   0.67104639E-03   0.30310995E-03   0.43373857E-01   0.13095960E-02   0.12797730E-03
   0.23110000E-08   0.72720504E+00   0.11760002E-02   0.67104639E-03   0.30074370E-03   0.43373857E-01   0.13095960E-02   0.12797730E-03
   0.23160000E-08   0.72870300E+00   0.11760006E-02   0.67104639E-03   0.29837759E-03   0.43373857E-01   0.13095960E-02   0.12797730E-03
   0.23210000E-08   0.73020096E+00   0.11760010E-02   0.67104639E-03   0.29601164E-03   0.43373857E-01   0.13095960E-02   0.12797730E-03
   0.23260000E-08   0.73169892E+00   0.11760014E-02   0.67104639E-03   0.29364583E-03   0.43373857E-01   0.13095960E-02   0.12797730E-03
   0.23310000E-08   0.73319688E+00   0.11760017E-02   0.67104639E-03   0.29128019E-03   0.43373857E-01   0.13095960E-02   0.12797730E-03
   0.23360000E-08   0.73469484E+00   0.11760021E-02   0.67104639E-03   0.28891470E-03   0.43373857E-01   0.13095960E-02   0.12797730E-03
   0.23410000E-08   0.73619280E+00   0.11760025E-02   0.67104639E-03   0.28654938E-03   0.43373857E-01   0.13095960E-02   0.12797730E-03
   0.23460000E-08   0.73769076E+00   0.11760029E-02   0.67104639E-03   0.28418423E-03   0.43373857E-01   0.13095960E-02   0.12797730E-03
   0.23510000E-08   0.73918872E+00   0.11760033E-02   0.67104639E-03   0.28181926E-03   0.43373857E-01   0.13095960E-02   0.12797730E-03
   0.23560000E-08   0.74068668E+00   0.11760037E-02   0.67104639E-03   0.27945446E-03   0.43373857E-01   0.13095960E-02   0.12797730E-03
   0.23610000E-08   0.74218464E+00   0.11760041E-02   0.67104639E-03   0.27708985E-03   0.43373857E-01   0.13095960E-02   0.12797730E-03
   0.23660000E-08   0.74368260E+00   0.11760045E-02   0.67104639E-03   0.27472542E-03   0.43373857E-01   0.13095959E-02   0.12797730E-03
   0.23710000E-08   0.74518056E+00   0.11760049E-02   0.67104639E-03   0.27236119E-03   0.43373857E-01   0.13095959E-02   0.12797730E-03
   0.23760000E-08   0.74667853E+00   0.11760053E-02   0.67104639E-03   0.26999716E-03   0.43373857E-01   0.13095959E-02   0.12797730E-03
   0.23810000E-08   0.74817649E+00   0.11760057E-02   0.67104639E-03   0.26763333E-03   0.43373857E-01   0.13095959E-02   0.12797730E-03
   0.23860000E-08   0.74967445E+00   0.11760061E-02   0.67104639E-03   0.26526971E-03   0.43373857E-01   0.13095959E-02   0.12797730E-03
   0.23910000E-08   0.75117241E+00   0.11760065E-02   0.67104639E-03   0.26290630E-03   0.43373857E-01   0.13095959E-02   0.12797730E-03
   0.23960000E-08   0.75267037E+00   0.11760069E-02   0.67104639E-03   0.26054312E-03   0.43373857E-01   0.13095959E-02   0.12797730E-03
   0.24010000E-08   0.75416833E+00   0.11760073E-02   0.67104639E-03   0.25818016E-03   0.43373857E-01   0.13095959E-02   0.12797730E-03
   0.24060000E-08   0.75566629E+00   0.11760077E-02   0.67104639E-03   0.25581744E-03   0.43373857E-01   0.13095959E-02   0.12797730E-03
   0.24110000E-08   0.75716425E+00   0.11760081E-02   0.67104639E-03   0.25345495E-03   0.43373857E-01   0.13095959E-02   0.12797730E-03
   0.24160000E-08   0.75866221E+00   0.11760085E-02   0.67104639E-03   0.25109272E-03   0.43373857E-01   0.13095959E-02   0.12797730E-03
   0.24210000E-08   0.76016017E+00   0.11760089E-02   0.67104639E-03   0.24873074E-03   0.43373857E-01   0.13095958E-02   0.12797730E-03
   0.24260000E-08   0.76165813E+00   0.11760093E-02   0.67104639E-03   0.24636902E-03   0.43373857E-01   0.13095958E-02   0.12797730E-03
   0.24310000E-08   0.76315609E+00   0.11760097E-02   0.67104639E-03   0.24400757E-03   0.43373857E-01   0.13095958E-02   0.12797730E-03
   0.24360000E-08   0.76465405E+00   0.11760101E-02   0.67104639E-03   0.24164639E-03   0.43373857E-01   0.13095958E-02   0.12797730E-03
   0.24410000E-08   0.76615201E+00   0.11760105E-02   0.67104639E-03   0.23928551E-03   0.43373857E-01   0.13095958E-02   0.12797730E-03
   0.24460000E-08   0.76764997E+00   0.11760110E-02   0.67104639E-03   0.23692492E-03   0.43373857E-01   0.13095958E-02   0.12797730E-03
   0.24510000E-08   0.76914793E+00   0.11760114E-02   0.67104639E-03   0.23456463E-03   0.43373857E-01   0.13095958E-02   0.12797730E-03
   0.24560000E-08   0.77064589E+00   0.11760118E-02   0.67104639E-03   0.23220466E-03   0.43373857E-01   0.13095958E-02   0.12797730E-03
