  -0.2681482E-02   0.1696807E+01   0.0000000E+00   0.1631937E-07   0.2764188E-08   0.1398717E+08   0.3326440E+01
  -0.2508483E-02   0.7038306E+01   0.0000000E+00   0.1333348E-06   0.1046663E-06   0.1398718E+08   0.1832707E+02
  -0.2335485E-02   0.2671333E+02   0.0000000E+00   0.1822111E-06   0.1752373E-06   0.1398717E+08   0.3152166E+02
  -0.2162486E-02   0.5728952E+02   0.0000000E+00   0.2680003E-06   0.1970296E-06   0.1398716E+08   0.3095502E+02
  -0.1989487E-02   0.9463640E+02   0.0000000E+00   0.2870044E-06   0.2854151E-06   0.1398716E+08   0.3631132E+02
  -0.1816488E-02   0.1425285E+03   0.0000000E+00   0.3113441E-06   0.3237375E-06   0.1398717E+08   0.3973495E+02
  -0.1643489E-02   0.2061156E+03   0.0000000E+00   0.3517711E-06   0.3327225E-06   0.1398717E+08   0.4541966E+02
  -0.1470490E-02   0.2588544E+03   0.0000000E+00   0.3970471E-06   0.3864292E-06   0.1398717E+08   0.4806509E+02
  -0.1297491E-02   0.3255700E+03   0.0000000E+00   0.4479419E-06   0.4135234E-06   0.1398717E+08   0.4938685E+02
  -0.1124493E-02   0.3996532E+03   0.0000000E+00   0.4958203E-06   0.4568394E-06   0.1398717E+08   0.4971923E+02
  -0.9514937E-03   0.4823106E+03   0.0000000E+00   0.4914498E-06   0.4962279E-06   0.1398717E+08   0.5220911E+02
  -0.7784949E-03   0.4984794E+03   0.0000000E+00   0.5284692E-06   0.5150729E-06   0.1398717E+08   0.5262499E+02
  -0.6054960E-03   0.5205225E+03   0.0000000E+00   0.5281324E-06   0.5474433E-06   0.1398717E+08   0.5326411E+02
  -0.4324971E-03   0.5478969E+03   0.0000000E+00   0.5355059E-06   0.5607146E-06   0.1398717E+08   0.5445259E+02
  -0.2594983E-03   0.5818476E+03   0.0000000E+00   0.5881593E-06   0.5570102E-06   0.1398717E+08   0.5369094E+02
  -0.8649943E-04   0.6104203E+03   0.0000000E+00   0.5692202E-06   0.5545753E-06   0.1398717E+08   0.5460974E+02
   0.8649943E-04   0.6424509E+03   0.0000000E+00   0.5942503E-06   0.5545343E-06   0.1398717E+08   0.5436737E+02
   0.2594983E-03   0.6856119E+03   0.0000000E+00   0.5846941E-06   0.5545784E-06   0.1398717E+08   0.5387066E+02
   0.4324971E-03   0.5737090E+03   0.0000000E+00   0.5662190E-06   0.5597365E-06   0.1398717E+08   0.5402697E+02
   0.6054960E-03   0.5792195E+03   0.0000000E+00   0.5287870E-06   0.5692369E-06   0.1398717E+08   0.5307095E+02
   0.7784949E-03   0.4896531E+03   0.0000000E+00   0.5579308E-06   0.5275130E-06   0.1398717E+08   0.5101521E+02
   0.9514937E-03   0.4577335E+03   0.0000000E+00   0.5233191E-06   0.4952757E-06   0.1398717E+08   0.5301323E+02
   0.1124493E-02   0.4411558E+03   0.0000000E+00   0.4764911E-06   0.4944465E-06   0.1398717E+08   0.4972338E+02
   0.1297491E-02   0.3765911E+03   0.0000000E+00   0.4627022E-06   0.4586602E-06   0.1398717E+08   0.4855013E+02
   0.1470490E-02   0.2990184E+03   0.0000000E+00   0.4360512E-06   0.4186552E-06   0.1398717E+08   0.4736761E+02
   0.1643489E-02   0.2266510E+03   0.0000000E+00   0.4031972E-06   0.3804951E-06   0.1398717E+08   0.4582602E+02
   0.1816488E-02   0.1892978E+03   0.0000000E+00   0.3373696E-06   0.3704268E-06   0.1398717E+08   0.4311340E+02
   0.1989487E-02   0.1242516E+03   0.0000000E+00   0.3088831E-06   0.2947601E-06   0.1398716E+08   0.3926465E+02
   0.2162486E-02   0.8407290E+02   0.0000000E+00   0.2621356E-06   0.2527694E-06   0.1398717E+08   0.3552107E+02
   0.2335485E-02   0.4212495E+02   0.0000000E+00   0.1879891E-06   0.1976191E-06   0.1398717E+08   0.3469745E+02
   0.2508483E-02   0.1949819E+02   0.0000000E+00   0.1364276E-06   0.1251199E-06   0.1398718E+08   0.2973108E+02
   0.2681482E-02   0.7387126E+01   0.0000000E+00   0.9788597E-07   0.7310532E-07   0.1398717E+08   0.2359419E+02
