   0.0000000000000000
   27.371884815217072
   0.0000000000000000
   0.0000000000000000
   0.0000000000000000
  6.00000000000000012E-003
   0.0000000000000000
  9.85720000000000068E-002
   0.0000000000000000
  0.10457200000000001
  6.00000000000000012E-003
  4.00000000000000008E-003
 -0.71465100000000004
   35.000000000000000
  -1.5819399999999999
  0.44722699999999999
   0.0000000000000000
   0.0000000000000000
   0.0000000000000000
   0.0000000000000000
  3.00000000000000012E-003
  0.10360000000000001
