   0.0000000000000000
   27.371884815217072
 -0.36397024013423429
   0.0000000000000000
 -0.36397024013423429
  6.38506664689738376E-003
 -0.36397024013423429
  0.10489813158632814
 -0.36397024013423429
  0.11128319823322552
  6.00000000000000012E-003
  4.00000000000000008E-003
 -0.71465100000000004
   35.000000000000000
  -1.5819399999999999
  0.44722699999999999
   0.0000000000000000
   0.0000000000000000
   0.0000000000000000
   0.0000000000000000
  3.00000000000000012E-003
  0.10360000000000001
