! Impact-T input file
!Npcol Nprow
2 2
!Dt Ntstep Nbunch
5e-13 1000000 1
!Dim Np Flagmap Flagerr Flagdiag Flagimg Zimage
6 10000 1 0 2 1 0.02
!Nx Ny Nz Flagbc Xrad Yrad Perdlen
32 32 32 1 0.015 0.015 45.0
!Flagdist Rstartflg Flagsbstp Nemission Temission
16 0 0 400 6.515803466731775e-12
!sigx(m) sigpx muxpx xscale pxscale xmu1(m) xmu2
0.0006 0.0 0.0 1.0 1.0 0.0 0.0
!sigy(m) sigpy muxpy yscale pyscale ymu1(m) ymu2
0.0006 0.0 0.0 1.0 1.0 0.0 0.0
!sigz(m) sigpz muxpz zscale pzscale zmu1(m) zmu2
1.27e-06 0.0 0.0 1.0 1.0 0.0 0.0
!Bcurr Bkenergy Bmass Bcharge Bfreq Tini
0.7140000000000003 1.0 511005.0 -1.0 2856000000.0 -3.249141278122655e-12
!=================== LATTICE ===================
0 0 0 -4 0.0 0.0 0.25 4e-12 /!name:change_timestep_1
0 0 0 -5 0.0 0.0 -1000.0 /!name:SC_2D_to_3D

!__________________ 1.5 cell gun __________________
! Single particle phased and scaled for 6 MeV energy
0.15 0 0 105 0.0 47537665.059089914 2856000000.0 303.93723122804266 201 0.15 0.0 0.0 0.0 0.0 0.0 0.0 /!name:GUN

!__________________Solenoid and correctors__________________
0.49308 0 0 105 0.0 0.0 0.0 0.0 102 0.15 0.0 0.0 0.0 0.0 0.0 0.2457 /!name:SOL1
! Corrector quads: skew and regular.
! Overlap SOL1. Effective length, radius estimated from measurements.
! Max field should be 0.00714 T/m
0.36 0 0 1 0.01601 0.0 0.21 0.0254 0.0 0.0 0.0 0.0 0.7853981633974483 /!name:SQ01
0.36 0 0 1 0.01601 0.0 0.21 0.0254 0.0 0.0 0.0 0.0 0.0 /!name:CQ01
!________________________________________________________________________

!!! Broken: 0 1 101 -2 0.0 0.0 0.61362 /!name:YAG01
0 1 102 -2 0.0 0.0 1.38841 /!name:YAG02

!__________________ L0A begin __________________
0 -1 0 -6 1 1 1.485 4.527856 0.0116 0.0292 0.035 /!name:wakefield_L0A
! Phased to get to 64 MeV
0.052464 0 0 105 1.485 26013439.060000002 2856000000.0 264.5 4 0.15 0.0 0.0 0.0 0.0 0.0 0.0 /!name:L0A_entrance
2.937928 0 0 105 1.537464 30048347.1 2856000000.0 294.5 5 0.15 0.0 0.0 0.0 0.0 0.0 0.0 /!name:L0A_body_1
2.937928 0 0 105 1.537464 30048347.1 2856000000.0 354.5 6 0.15 0.0 0.0 0.0 0.0 0.0 0.0 /!name:L0A_body_2
0.052464 0 0 105 4.475392 26013439.060000002 2856000000.0 264.5 7 0.15 0.0 0.0 0.0 0.0 0.0 0.0 /!name:L0A_exit
!__________________ L0A exit __________________
! Space charge switches
!!!0 0 0 -8 0 1 4.527856 / name:SC_ON
!!!0 0 0 -8 0 -1 4.527856 / name:SC_OFF
!!!0 0 0 -5 0.0 0.0 4.527856 /!name:SC_2D_to_3D

0 1 103 -2 0.0 0.0 4.614538605 /!name:YAG03
0.204 0 0 1 4.752933605 1.8524000101358 0.108 0.016 0.0 0.0 0.0 0.0 0.0 /!name:QA01
0.204 0 0 1 5.081309605 -1.8524000101358 0.108 0.016 0.0 0.0 0.0 0.0 0.0 /!name:QA02

!__________________ L0B begin __________________
0 -1 0 -6 1 1 5.328756 8.371612 0.0116 0.0292 0.035 /!name:wakefield_L0B
! Phased to get to 135 MeV
0.052464 0 0 105 5.328756 31395529.900000002 2856000000.0 42.27 4 0.15 0.0 0.0 0.0 0.0 0.0 0.0 /!name:L0B_entrance
2.937928 0 0 105 5.38122 36265246.5 2856000000.0 72.27 5 0.15 0.0 0.0 0.0 0.0 0.0 0.0 /!name:L0B_body_1
2.937928 0 0 105 5.38122 36265246.5 2856000000.0 132.27 6 0.15 0.0 0.0 0.0 0.0 0.0 0.0 /!name:L0B_body_2
0.052464 0 0 105 8.319148 31395529.900000002 2856000000.0 42.27 7 0.15 0.0 0.0 0.0 0.0 0.0 0.0 /!name:L0B_exit
!__________________ L0B exit __________________

0.204 0 0 1 8.392048605 0.18720000156206 0.108 0.016 0.0 0.0 0.0 0.0 0.0 /!name:QE01
0.204 0 0 1 8.793561605 0.16609999999321 0.108 0.016 0.0 0.0 0.0 0.0 0.0 /!name:QE02

!!! Unmodeled: Laser Heater from 9.076892 m to 10.690580 m

0.204 0 0 1 11.469244190867 -2.6409000012747 0.108 0.016 0.0 0.0 0.0 0.0 0.0 /!name:QE03
0.204 0 0 1 11.875644190867 2.9799999853198 0.108 0.016 0.0 0.0 0.0 0.0 0.0 /!name:QE04

!!! 0 1 104 -2 0.0 0.0 12.175332190867 /!name:WS01
0 1 105 -2 0.0 0.0 12.327300190867 /!name:OTR1
!!! 0 1 106 -2 0.0 0.0 14.089061190867 /!name:WS02
0 1 107 -2 0.0 0.0 14.241029190867 /!name:OTR2
!!! 0 1 108 -2 0.0 0.0 16.002790190867 /!name:WS03
!!! 0 1 109 -2 0.0 0.0 16.154758190867 /!name:OTR3

0 0 0 -8 0.0 -1 16.5 /!name:SC_OFF

0 0 0 -99 3 0.0 3 /!name:stop_1
