1.000000000000000000e+00
0.000000000000000000e+00
0.000000000000000000e+00
0.000000000000000000e+00
0.000000000000000000e+00
3.900000000000000000e+01
0.000000000000000000e+00
4.799999999999999822e-01
4.799999999999999822e-01
5.373548926448059593e-01
4.055169971526223494e-01
-1.557598357660028922e-16
2.043794674310972781e-01
-1.782042863128882220e-16
8.818833164290837412e-02
-2.412708383419902148e-16
2.990035664995533901e-02
-1.109866074840855935e-16
8.103036020221063632e-03
9.276427426670130177e-18
-3.457107719342293693e-04
1.513016635192792966e-16
-1.506042059246547526e-03
3.144801187145814397e-16
-1.684741337807415520e-03
2.794821691975674936e-16
-7.496351690988176455e-04
9.598587037429809306e-17
-5.231073743537059976e-04
-2.510713493243344311e-16
-3.074520833714463263e-05
-3.456465151325146714e-16
-8.136367978783435413e-05
-3.087583990486686595e-16
1.041748970156065239e-04
-5.615236136487481659e-17
-2.263763170922518587e-05
2.529049629227041360e-16
7.351686613337535400e-05
3.934356459858563692e-16
-3.220999221920422872e-05
2.804460524311115108e-16
4.158432715588658308e-05
3.056399237707961351e-17
-3.417704589119091406e-05
-2.501830781519804162e-16
2.861088103132691603e-05
-3.157814500528342657e-16
5.373548926448059593e-01
4.055169971526223494e-01
-1.557598357660028922e-16
2.043794674310972781e-01
-1.782042863128882220e-16
8.818833164290837412e-02
-2.412708383419902148e-16
2.990035664995533901e-02
-1.109866074840855935e-16
8.103036020221063632e-03
9.276427426670130177e-18
-3.457107719342293693e-04
1.513016635192792966e-16
-1.506042059246547526e-03
3.144801187145814397e-16
-1.684741337807415520e-03
2.794821691975674936e-16
-7.496351690988176455e-04
9.598587037429809306e-17
-5.231073743537059976e-04
-2.510713493243344311e-16
-3.074520833714463263e-05
-3.456465151325146714e-16
-8.136367978783435413e-05
-3.087583990486686595e-16
1.041748970156065239e-04
-5.615236136487481659e-17
-2.263763170922518587e-05
2.529049629227041360e-16
7.351686613337535400e-05
3.934356459858563692e-16
-3.220999221920422872e-05
2.804460524311115108e-16
4.158432715588658308e-05
3.056399237707961351e-17
-3.417704589119091406e-05
-2.501830781519804162e-16
2.861088103132691603e-05
-3.157814500528342657e-16
