1.000000000000000000e+00
0.000000000000000000e+00
0.000000000000000000e+00
0.000000000000000000e+00
0.000000000000000000e+00
6.300000000000000000e+01
0.000000000000000000e+00
4.000000000000000222e-01
4.000000000000000222e-01
3.009880744806633923e-01
2.729609326070548403e-01
-1.294355027471036998e-06
2.146155180298238430e-01
7.251771554968380698e-07
1.523292039731930503e-01
-4.678437202903924151e-07
9.897811818005165796e-02
4.224828562351187627e-07
5.902656642251059849e-02
-2.952175738648600822e-07
3.205063077131384275e-02
2.737133163194691620e-07
1.545595575789862272e-02
-2.207968042317350246e-07
6.182670608037037739e-03
1.976408963261799300e-07
1.565341434154113309e-03
-1.782117879411075791e-07
-3.732250136878184350e-04
1.579576748422614776e-07
-9.360687213160850647e-04
-1.500144476670859222e-07
-8.957877327794038815e-04
1.313085000639975090e-07
-6.611080980606716569e-04
-1.235067625123129548e-07
-4.184797804298991206e-04
1.126392049763283899e-07
-2.330968875996109358e-04
-1.064509706324583012e-07
-1.129656306826812100e-04
1.019187493098195359e-07
-4.456877796051792313e-05
-9.455143956048323817e-08
-1.052919760518652896e-05
8.919664328400702703e-08
3.564603887161704044e-06
-8.313309971348143035e-08
7.477611585189289186e-06
7.941403331926220218e-08
7.027505095440316957e-06
-7.719340492762150631e-08
5.208695979904833331e-06
7.354383315563541167e-08
3.378522219935899147e-06
-6.995829916213127410e-08
1.975013611112190862e-06
6.614834361153964746e-08
1.051342459327654330e-06
-6.318097841806723410e-08
4.974481284826543913e-07
6.198245917001080467e-08
2.060878275411562408e-07
-5.996647975835439415e-08
6.465129938072864438e-08
5.764103510220754923e-08
1.006198407444643635e-08
-5.504287633883332782e-08
-7.928667987465796144e-09
5.257653034316341832e-08
-1.049674438241101265e-08
-5.157352493544369486e-08
