1.000000000000000000e+00
0.000000000000000000e+00
0.000000000000000000e+00
0.000000000000000000e+00
0.000000000000000000e+00
3.900000000000000000e+01
0.000000000000000000e+00
4.799519951999999812e-01
4.799519951999999812e-01
5.374086372137142353e-01
4.055358232322281986e-01
1.274283256367956185e-04
2.043681047847900056e-01
1.284339720716873941e-04
8.817221910117908901e-02
8.311700517576354216e-05
2.988912106926217352e-02
3.756731260851033425e-05
8.097235573081867921e-03
1.272166007024053183e-05
-3.479617699649666606e-04
-6.560213180758995360e-07
-1.506418591132024877e-03
-3.313459211051020258e-06
-1.684464587827220593e-03
-4.234372855099718606e-06
-7.491626567056328470e-04
-2.118641604767421240e-06
-5.228018252710332986e-04
-1.642759085995663185e-06
-3.050963091534458454e-05
-1.054609976704733196e-07
-8.131687952277106581e-05
-3.066138951206772718e-07
1.042332331912058501e-04
4.257765719112699611e-07
-2.268738653149502150e-05
-9.979759727760113720e-08
7.353937937859262967e-05
3.466101816830228837e-07
-3.226538340446626687e-05
-1.622089220887544433e-07
4.161436809255385867e-05
2.222878228465366136e-07
-3.421992544179708025e-05
-1.935404497360991453e-07
2.864938725640278706e-05
1.710352113226535839e-07
