1.000000000000000000e+00
0.000000000000000000e+00
0.000000000000000000e+00
0.000000000000000000e+00
0.000000000000000000e+00
6.300000000000000000e+01
0.000000000000000000e+00
4.000000000000000222e-01
4.000000000000000222e-01
2.424585765063166365e-01
2.302109901865740660e-01
3.718308565613932348e-04
1.993571842154097939e-01
-8.296650109077044466e-05
1.594970709291832212e-01
-8.057298456492160272e-05
1.187761859100798928e-01
2.146398152636987974e-05
8.224764755523789050e-02
6.620633195186070277e-05
5.239817981496345395e-02
-3.576455997727505842e-05
3.003380447950344811e-02
-1.112177701809167462e-05
1.470962818532398943e-02
-1.384486526677422940e-06
5.155432886277471274e-03
1.726933030563708324e-05
-1.448781174962816430e-04
-1.733550313938287153e-05
-2.558093228156478084e-03
1.823888020000830912e-06
-3.195478650206539512e-03
-4.747049470376762502e-06
-2.900314302053261066e-03
8.270420971910793769e-06
-2.235691429055861306e-03
-8.562991074193980313e-06
-1.520028007082217282e-03
4.840669812357971642e-06
-9.077598211182919116e-04
-4.439957203903896519e-06
-4.564124651528710347e-04
5.673085619863844410e-06
-1.640619822348639333e-04
-5.416631849064838428e-06
1.959542029855132208e-06
4.545667325239353198e-06
8.026467608761009341e-05
-4.068960301122034804e-06
1.034023255971476020e-04
4.323940144284843785e-06
9.632079874011593122e-05
-4.168522539543412829e-06
7.665697260982462112e-05
3.828305769340748131e-06
5.476945040051000972e-05
-3.622209752494003625e-06
3.545435506381039442e-05
3.524105882661315693e-06
2.047408074434566209e-05
-3.493990607534778744e-06
1.007263518107673140e-05
3.239042233376683624e-06
3.558701033815660281e-06
-3.182352009742069994e-06
-1.262786451477737366e-07
3.029319705983379165e-06
-1.920156006609100255e-06
-2.981909551119633038e-06
-2.511613534376950821e-06
2.860277486498473621e-06
