      1000   -0.199  0.199 0.398
   0.244946423E-04  -0.687614011E-05   0.256370711E+01   0.196007049E+01
   0.246883556E-04   0.100142346E-02   0.248585486E+01  -0.390672668E+03
   0.252752779E-04   0.195582071E-02   0.225571775E+01  -0.759051208E+03
   0.262117755E-04   0.277864700E-02   0.188777578E+01  -0.108060925E+04
   0.274886697E-04   0.345186214E-02   0.140295017E+01  -0.133684021E+04
   0.289640975E-04   0.389560498E-02   0.833019376E+00  -0.151040857E+04
   0.305492176E-04   0.409520278E-02   0.212361872E+00  -0.159138623E+04
   0.321582193E-04   0.404861895E-02  -0.421394080E+00  -0.157488123E+04
   0.337507154E-04   0.376275345E-02  -0.102899885E+01  -0.146177649E+04
   0.351226954E-04   0.324002118E-02  -0.157586133E+01  -0.125949878E+04
   0.362987739E-04   0.252383435E-02  -0.202363706E+01  -0.979483948E+03
   0.371506576E-04   0.165524776E-02  -0.234648442E+01  -0.639421509E+03
   0.376065873E-04   0.673124508E-03  -0.252793980E+01  -0.260314362E+03
   0.376448515E-04  -0.347127905E-03  -0.255200911E+01   0.134927368E+03
   0.373372932E-04  -0.133905234E-02  -0.242117524E+01   0.521850708E+03
   0.365449159E-04  -0.226775184E-02  -0.214128923E+01   0.876903076E+03
   0.356077035E-04  -0.301839109E-02  -0.172851038E+01   0.117788147E+04
   0.342415879E-04  -0.361540634E-02  -0.121220422E+01   0.140710681E+04
   0.326661320E-04  -0.399025856E-02  -0.619373679E+00   0.154991589E+04
   0.311054682E-04  -0.410519773E-02   0.977736618E-02   0.159777405E+04
   0.293918911E-04  -0.398383383E-02   0.641154051E+00   0.154751038E+04
   0.279614960E-04  -0.359881157E-02   0.123164570E+01   0.140215601E+04
   0.266298812E-04  -0.300847599E-02   0.174486494E+01   0.117082056E+04
   0.256089861E-04  -0.222114660E-02   0.215369868E+01   0.867380737E+03
   0.248947472E-04  -0.130277406E-02   0.243044639E+01   0.511044403E+03
   0.245744995E-04  -0.305784866E-03   0.255707502E+01   0.122860077E+03
   0.245460287E-04   0.706309162E-03   0.252785230E+01  -0.272895416E+03
   0.251063539E-04   0.168472133E-02   0.234214449E+01  -0.651837952E+03
   0.259984918E-04   0.255222735E-02   0.201118183E+01  -0.991359741E+03
   0.270754317E-04   0.326737133E-02   0.155987704E+01  -0.126999963E+04
   0.286284267E-04   0.379432039E-02   0.101088142E+01  -0.147090930E+04
   0.300743159E-04   0.406282907E-02   0.400358319E+00  -0.158142419E+04
   0.316414262E-04   0.410072831E-02  -0.234661564E+00  -0.159529102E+04
   0.333939279E-04   0.387788680E-02  -0.859461844E+00  -0.151093567E+04
   0.347832392E-04   0.341901416E-02  -0.142812121E+01  -0.133383398E+04
   0.359973892E-04   0.275485520E-02  -0.190988410E+01  -0.107497241E+04
   0.369847658E-04   0.192478579E-02  -0.227462864E+01  -0.749917847E+03
   0.374920164E-04   0.964073930E-03  -0.250015616E+01  -0.378423584E+03
   0.378443692E-04  -0.476062123E-04  -0.257458997E+01   0.164892979E+02
   0.375141499E-04  -0.107012887E-02  -0.248822474E+01   0.410870758E+03
   0.367849207E-04  -0.203225017E-02  -0.224936700E+01   0.780430359E+03
   0.360351987E-04  -0.283509633E-02  -0.187364864E+01   0.110177527E+04
   0.345331318E-04  -0.350390351E-02  -0.138013220E+01   0.135636511E+04
   0.330979674E-04  -0.392909488E-02  -0.802849650E+00   0.152757886E+04
   0.316066071E-04  -0.412367797E-02  -0.175411865E+00   0.160540942E+04
   0.298551640E-04  -0.407236256E-02   0.463700533E+00   0.158467566E+04
   0.283960726E-04  -0.376017834E-02   0.107343936E+01   0.146661877E+04
   0.269148004E-04  -0.322459848E-02   0.161925268E+01   0.125833716E+04
   0.257847714E-04  -0.248750253E-02   0.206620193E+01   0.972705566E+03
   0.250761223E-04  -0.158580730E-02   0.238603878E+01   0.626896301E+03
   0.245153351E-04  -0.605185342E-03   0.256082606E+01   0.242705856E+03
   0.246012423E-04   0.425725564E-03   0.257751751E+01  -0.157074585E+03
   0.246662748E-04   0.141901500E-02   0.243833518E+01  -0.547546509E+03
   0.257504962E-04   0.234978739E-02   0.214489293E+01  -0.905172058E+03
   0.266852112E-04   0.312351109E-02   0.172347188E+01  -0.120746912E+04
   0.280286404E-04   0.370671996E-02   0.119377840E+01  -0.143588196E+04
   0.296053022E-04   0.405722810E-02   0.591107547E+00  -0.157624622E+04
   0.313846504E-04   0.417076237E-02  -0.493459292E-01  -0.162026526E+04
   0.329056093E-04   0.402783509E-02  -0.687909186E+00  -0.156542212E+04
   0.345830631E-04   0.363365212E-02  -0.128476608E+01  -0.141365100E+04
   0.357648896E-04   0.301030255E-02  -0.180198264E+01  -0.117508252E+04
   0.369488116E-04   0.220919889E-02  -0.221058726E+01  -0.864193848E+03
   0.376660537E-04   0.126559474E-02  -0.248416066E+01  -0.499848206E+03
   0.377725300E-04   0.249013276E-03  -0.260502124E+01  -0.104384575E+03
   0.378647273E-04  -0.789641519E-03  -0.256765079E+01   0.297942749E+03
   0.371048227E-04  -0.177222502E-02  -0.236911130E+01   0.682445862E+03
   0.362393221E-04  -0.265542348E-02  -0.202659678E+01   0.102558911E+04
   0.353684263E-04  -0.337124127E-02  -0.156218004E+01   0.130637390E+04
   0.336069425E-04  -0.388709293E-02  -0.997207165E+00   0.150717371E+04
   0.321470288E-04  -0.415816763E-02  -0.372103512E+00   0.161573987E+04
   0.303080178E-04  -0.418327888E-02   0.276640415E+00   0.162549536E+04
   0.288693573E-04  -0.394270197E-02   0.909692943E+00   0.153506543E+04
   0.273825699E-04  -0.346172275E-02   0.148676324E+01   0.135039246E+04
   0.257812553E-04  -0.276575331E-02   0.197525084E+01   0.108235242E+04
   0.252132759E-04  -0.191182375E-02   0.234015131E+01   0.747893494E+03
   0.247888856E-04  -0.921453931E-03   0.256368136E+01   0.366652100E+03
   0.242685055E-04   0.118643344E-03   0.263082027E+01  -0.377569580E+02
   0.247698790E-04   0.115643651E-02   0.253421474E+01  -0.440319550E+03
   0.252163118E-04   0.211956026E-02   0.228271174E+01  -0.816538696E+03
   0.263621059E-04   0.294974842E-02   0.188972521E+01  -0.114294519E+04
   0.276200226E-04   0.359869725E-02   0.138082707E+01  -0.139985620E+04
   0.291824035E-04   0.404295884E-02   0.786304116E+00  -0.157163672E+04
   0.308566960E-04   0.422959309E-02   0.142659247E+00  -0.164647351E+04
   0.322837550E-04   0.415514270E-02  -0.511523426E+00  -0.162063196E+04
   0.340852093E-04   0.382477278E-02  -0.113642716E+01  -0.149512085E+04
   0.354968652E-04   0.325590023E-02  -0.169092715E+01  -0.127743030E+04
   0.365600499E-04   0.249510701E-02  -0.214321876E+01  -0.981135925E+03
   0.374793744E-04   0.156989717E-02  -0.246483803E+01  -0.623580627E+03
   0.378639525E-04   0.538918597E-03  -0.263468122E+01  -0.226784409E+03
   0.378146979E-04  -0.506488781E-03  -0.264404297E+01   0.184124329E+03
   0.375492637E-04  -0.153935631E-02  -0.248954558E+01   0.584579163E+03
   0.364728512E-04  -0.246783160E-02  -0.218173528E+01   0.950032410E+03
   0.356002820E-04  -0.325756869E-02  -0.174068642E+01   0.125790869E+04
   0.339724247E-04  -0.385126262E-02  -0.118833923E+01   0.148971033E+04
   0.324899302E-04  -0.419191131E-02  -0.565727353E+00   0.162951770E+04
   0.308315830E-04  -0.429671258E-02   0.951462835E-01   0.166997803E+04
   0.291052747E-04  -0.412707450E-02   0.752343118E+00   0.160785486E+04
   0.275065813E-04  -0.369829917E-02   0.136295521E+01   0.144665930E+04
   0.261311998E-04  -0.304860366E-02   0.189268124E+01   0.119649585E+04
   0.250620724E-04  -0.219915039E-02   0.230556870E+01   0.871742798E+03
   0.245405699E-04  -0.122814195E-02   0.257956171E+01   0.493062775E+03
   0.240550180E-04  -0.174792891E-03   0.269642878E+01   0.834249802E+02
   0.243736758E-04   0.896069512E-03   0.264402962E+01  -0.332753815E+03
   0.249206387E-04   0.191191316E-02   0.243290353E+01  -0.729361023E+03
   0.258242962E-04   0.281283795E-02   0.207012558E+01  -0.108206335E+04
   0.270864839E-04   0.354847498E-02   0.157878709E+01  -0.136914868E+04
   0.286801805E-04   0.405979715E-02   0.990203261E+00  -0.157279626E+04
   0.302800108E-04   0.432698382E-02   0.339145213E+00  -0.168043420E+04
   0.319806459E-04   0.432723993E-02  -0.334280223E+00  -0.168496973E+04
   0.336783996E-04   0.406694412E-02  -0.989803255E+00  -0.158614209E+04
   0.351903545E-04   0.355187780E-02  -0.158519316E+01  -0.138948511E+04
   0.366263776E-04   0.280853035E-02  -0.208694291E+01  -0.110692480E+04
   0.374904594E-04   0.189643202E-02  -0.245953608E+01  -0.755343140E+03
   0.380302372E-04   0.869326934E-03  -0.268186235E+01  -0.356998566E+03
   0.382019498E-04  -0.214381536E-03  -0.273992920E+01   0.644371872E+02
   0.378359255E-04  -0.128974242E-02  -0.263076258E+01   0.483489594E+03
   0.370958405E-04  -0.228591543E-02  -0.235887456E+01   0.873727905E+03
   0.360351733E-04  -0.314585469E-02  -0.194012070E+01   0.121117029E+04
   0.345994849E-04  -0.381425093E-02  -0.140312302E+01   0.147524463E+04
   0.330246403E-04  -0.425004866E-02  -0.777910888E+00   0.164959204E+04
   0.312291195E-04  -0.442756154E-02  -0.102443725E+00   0.172326672E+04
   0.294633192E-04  -0.432792678E-02   0.582675993E+00   0.169089966E+04
   0.278285825E-04  -0.396587700E-02   0.123103058E+01   0.155444470E+04
   0.263325201E-04  -0.335563766E-02   0.180757785E+01   0.132236194E+04
   0.252144782E-04  -0.255235471E-02   0.227448106E+01   0.100877783E+04
   0.244099865E-04  -0.157157087E-02   0.260316563E+01   0.631714233E+03
   0.239952569E-04  -0.493404688E-03   0.277199149E+01   0.214879593E+03
   0.239994006E-04   0.614717253E-03   0.277169323E+01  -0.216241989E+03
   0.244394450E-04   0.169303303E-02   0.260142517E+01  -0.635538269E+03
   0.253309045E-04   0.267184246E-02   0.227080464E+01  -0.101708197E+04
   0.265624440E-04   0.349320425E-02   0.179979813E+01  -0.133741357E+04
   0.280706317E-04   0.409051310E-02   0.121593642E+01  -0.157610925E+04
   0.297874958E-04   0.444646878E-02   0.555707932E+00  -0.171896509E+04
   0.315628640E-04   0.453211041E-02  -0.139623567E+00  -0.175686841E+04
   0.333611497E-04   0.432894798E-02  -0.828430951E+00  -0.168659558E+04
   0.350394621E-04   0.387163903E-02  -0.147015321E+01  -0.151279651E+04
   0.364059051E-04   0.317198457E-02  -0.202192497E+01  -0.124542969E+04
   0.375021555E-04   0.227956288E-02  -0.245164800E+01  -0.900728760E+03
   0.382042599E-04   0.124044984E-02  -0.273160338E+01  -0.499408295E+03
   0.384758787E-04   0.121078359E-03  -0.284514451E+01  -0.662061005E+02
   0.383275983E-04  -0.100037595E-02  -0.278478360E+01   0.372192261E+03
   0.376806529E-04  -0.206878618E-02  -0.255165625E+01   0.789480103E+03
   0.366334461E-04  -0.301347813E-02  -0.216042590E+01   0.115979028E+04
   0.353123614E-04  -0.378145068E-02  -0.163605237E+01   0.145978418E+04
   0.336865996E-04  -0.431276904E-02  -0.100907087E+01   0.167122229E+04
   0.319042520E-04  -0.457366789E-02  -0.318692237E+00   0.178048499E+04
   0.301131095E-04  -0.455936557E-02   0.393898040E+00   0.178075098E+04
   0.283184254E-04  -0.426345365E-02   0.108615422E+01   0.167192090E+04
   0.267388023E-04  -0.369923189E-02   0.171253133E+01   0.145976318E+04
   0.253879334E-04  -0.290810526E-02   0.223743248E+01   0.115720532E+04
   0.244599232E-04  -0.193427887E-02   0.262412071E+01   0.782527527E+03
   0.238796238E-04  -0.838960754E-03   0.285349584E+01   0.358471191E+03
   0.237262993E-04   0.314813573E-03   0.290866995E+01  -0.892722168E+02
   0.240996706E-04   0.144831173E-02   0.278417873E+01  -0.532618652E+03
   0.249369969E-04   0.250719232E-02   0.248712826E+01  -0.944883972E+03
   0.261447240E-04   0.341707258E-02   0.203682542E+01  -0.130063452E+04
   0.276202954E-04   0.411359780E-02   0.146158147E+01  -0.157761780E+04
   0.293428620E-04   0.456987182E-02   0.793732941E+00  -0.175913464E+04
   0.311936201E-04   0.473680114E-02   0.743755698E-01  -0.183233545E+04
   0.331143056E-04   0.462431554E-02  -0.651961386E+00  -0.179346619E+04
   0.348894464E-04   0.422856119E-02  -0.134076655E+01  -0.164400452E+04
   0.364109146E-04   0.356722879E-02  -0.194776082E+01  -0.139269165E+04
   0.376574426E-04   0.269104028E-02  -0.243814874E+01  -0.105518335E+04
   0.385011444E-04   0.164387259E-02  -0.277919745E+01  -0.650872986E+03
   0.390151545E-04   0.500094669E-03  -0.295143986E+01  -0.205010284E+03
   0.389623456E-04  -0.680863042E-03  -0.294160414E+01   0.255308212E+03
   0.384576852E-04  -0.182437827E-02  -0.274988103E+01   0.701905334E+03
   0.374840383E-04  -0.285160309E-02  -0.238759685E+01   0.110701453E+04
   0.361719867E-04  -0.370216393E-02  -0.187624276E+01   0.144587061E+04
   0.345818225E-04  -0.433231657E-02  -0.124748111E+01   0.169732751E+04
   0.327548842E-04  -0.468391692E-02  -0.537612796E+00   0.184530139E+04
   0.309187635E-04  -0.475307694E-02   0.207352534E+00   0.188087158E+04
   0.290414682E-04  -0.452807173E-02   0.945185184E+00   0.180095374E+04
   0.272794696E-04  -0.400635228E-02   0.162927735E+01   0.160955969E+04
   0.259030130E-04  -0.323760300E-02   0.221412754E+01   0.131883862E+04
   0.247574008E-04  -0.226523308E-02   0.266819215E+01   0.945928467E+03
   0.240519403E-04  -0.113083574E-02   0.296065402E+01   0.512922058E+03
   0.238552911E-04   0.723626872E-04   0.307272863E+01   0.469366150E+02
   0.241419839E-04   0.129020389E-02   0.299678230E+01  -0.423940979E+03
   0.249260302E-04   0.244011427E-02   0.273730850E+01  -0.870898376E+03
   0.260879387E-04   0.344645232E-02   0.231014252E+01  -0.126574304E+04
   0.276021547E-04   0.426008878E-02   0.173987865E+01  -0.158453479E+04
   0.294373640E-04   0.482169585E-02   0.106012583E+01  -0.180719617E+04
   0.314608951E-04   0.509569375E-02   0.313950539E+00  -0.191924426E+04
   0.334563010E-04   0.506716501E-02  -0.453275412E+00  -0.191348047E+04
   0.354301119E-04   0.473728729E-02  -0.119478881E+01  -0.178983704E+04
   0.371859242E-04   0.412760442E-02  -0.186441338E+01  -0.155511743E+04
   0.386469510E-04   0.326886796E-02  -0.242053652E+01  -0.122344263E+04
   0.397525728E-04   0.221327529E-02  -0.282855892E+01  -0.814207397E+03
   0.404460188E-04   0.103693269E-02  -0.306293273E+01  -0.352690887E+03
   0.405479077E-04  -0.198551686E-03  -0.310683274E+01   0.133219574E+03
   0.402586738E-04  -0.141688786E-02  -0.295685792E+01   0.613746948E+03
   0.394589188E-04  -0.252975035E-02  -0.262245917E+01   0.105918970E+04
   0.382713479E-04  -0.348038739E-02  -0.212166715E+01   0.144225989E+04
   0.367408029E-04  -0.420368044E-02  -0.148481524E+01   0.173904529E+04
   0.349411712E-04  -0.465357210E-02  -0.749918520E+00   0.193086963E+04
   0.330451367E-04  -0.479277456E-02   0.382125452E-01   0.200503967E+04
   0.311851691E-04  -0.462276209E-02   0.831191897E+00   0.195718933E+04
   0.293481389E-04  -0.413539074E-02   0.158225548E+01   0.178881189E+04
   0.279334799E-04  -0.337547576E-02   0.224176574E+01   0.151043994E+04
   0.267709966E-04  -0.236970326E-02   0.277227283E+01   0.113803589E+04
   0.260655816E-04  -0.118178921E-02   0.313902354E+01   0.694087402E+03
   0.258968848E-04   0.106094732E-03   0.331861091E+01   0.206300598E+03
   0.261015794E-04   0.143665494E-02   0.330170679E+01  -0.296437866E+03
   0.269572374E-04   0.271472312E-02   0.308615541E+01  -0.782550781E+03
   0.283026548E-04   0.386717939E-02   0.268401933E+01  -0.122243799E+04
   0.300529391E-04   0.482871337E-02   0.212136507E+01  -0.158857361E+04
   0.320721738E-04   0.554044405E-02   0.143196821E+01  -0.185786755E+04
   0.344207438E-04   0.595821952E-02   0.656127930E+00  -0.201337524E+04
   0.368595393E-04   0.605734484E-02  -0.157003805E+00  -0.204439172E+04
   0.391971153E-04   0.583803887E-02  -0.956211209E+00  -0.194878955E+04
   0.414474925E-04   0.530519709E-02  -0.169309115E+01  -0.173094092E+04
   0.434109243E-04   0.449788710E-02  -0.232055879E+01  -0.140375085E+04
   0.449422223E-04   0.347397826E-02  -0.280003071E+01  -0.987147644E+03
   0.461437012E-04   0.229211780E-02  -0.309891462E+01  -0.505132416E+03
   0.468465041E-04   0.103271054E-02  -0.319812846E+01   0.125379944E+02
   0.469764709E-04  -0.227015407E-03  -0.308811331E+01   0.534458313E+03
   0.466000129E-04  -0.140083197E-02  -0.277557707E+01   0.102842395E+04
   0.458341201E-04  -0.240980042E-02  -0.227580214E+01   0.146443420E+04
   0.447452658E-04  -0.319652678E-02  -0.161941743E+01   0.181552136E+04
   0.433851092E-04  -0.368369557E-02  -0.842885077E+00   0.205913232E+04
   0.418281015E-04  -0.385267520E-02   0.479413709E-02   0.218022412E+04
   0.403410813E-04  -0.368225179E-02   0.875654638E+00   0.217079370E+04
   0.389520683E-04  -0.316197611E-02   0.171703649E+01   0.203047412E+04
   0.378713485E-04  -0.231774198E-02   0.247856379E+01   0.176725037E+04
   0.371298338E-04  -0.121069164E-02   0.311100960E+01   0.139730945E+04
   0.369066947E-04   0.134492802E-03   0.357877874E+01   0.942053223E+03
   0.372892100E-04   0.162534590E-02   0.385389137E+01   0.429819244E+03
   0.381858263E-04   0.317104510E-02   0.391763377E+01  -0.107986504E+03
   0.398120355E-04   0.471147569E-02   0.376848626E+01  -0.638626038E+03
   0.419702701E-04   0.615362078E-02   0.341475177E+01  -0.112899585E+04
   0.446796912E-04   0.740880240E-02   0.287935805E+01  -0.154791650E+04
   0.478309303E-04   0.842389651E-02   0.219356203E+01  -0.186931104E+04
   0.513860541E-04   0.914843008E-02   0.140480852E+01  -0.207220581E+04
   0.550992627E-04   0.954482611E-02   0.560596943E+00  -0.214320776E+04
   0.589086267E-04   0.959490519E-02  -0.284088045E+00  -0.207585474E+04
   0.626418332E-04   0.931542646E-02  -0.107496297E+01  -0.187358398E+04
   0.662579696E-04   0.874705520E-02  -0.176116872E+01  -0.154738269E+04
   0.696566931E-04   0.794120785E-02  -0.229418302E+01  -0.111611755E+04
   0.725925056E-04   0.694644963E-02  -0.263850474E+01  -0.604471863E+03
   0.751387488E-04   0.586166140E-02  -0.276943684E+01  -0.434805527E+02
   0.772665517E-04   0.477090105E-02  -0.267210889E+01   0.533541565E+03
   0.789355763E-04   0.376142049E-02  -0.234695673E+01   0.109196814E+04
   0.802702561E-04   0.292818085E-02  -0.180881429E+01   0.159764441E+04
   0.813913502E-04   0.235289079E-02  -0.108507788E+01   0.201986304E+04
   0.822157454E-04   0.208754907E-02  -0.213847384E+00   0.233293652E+04
   0.830619101E-04   0.219309307E-02   0.757095277E+00   0.251736377E+04
   0.840182402E-04   0.269566453E-02   0.177357817E+01   0.256183569E+04
   0.853236415E-04   0.360963494E-02   0.277895164E+01   0.246320972E+04
   0.869405994E-04   0.490128202E-02   0.371805644E+01   0.222784277E+04
   0.891642412E-04   0.654722610E-02   0.453822184E+01   0.186986438E+04
   0.922369945E-04   0.849734060E-02   0.519388103E+01   0.141149255E+04
   0.959987083E-04   0.106653199E-01   0.565359259E+01   0.881390991E+03
   0.100717894E-03   0.129708089E-01   0.589163256E+01   0.312967377E+03
   0.106277017E-03   0.153246513E-01   0.590257835E+01  -0.257756104E+03
   0.112911686E-03   0.176476818E-01   0.569132900E+01  -0.794610046E+03
   0.120416735E-03   0.198366269E-01   0.527807283E+01  -0.126221790E+04
   0.128712956E-03   0.218287203E-01   0.469846344E+01  -0.162994141E+04
   0.137770097E-03   0.235630758E-01   0.399581242E+01  -0.187249951E+04
   0.147367493E-03   0.250011683E-01   0.322607183E+01  -0.197224658E+04
   0.157661125E-03   0.261334106E-01   0.244488835E+01  -0.192009216E+04
   0.168143350E-03   0.269541778E-01   0.171616769E+01  -0.171534265E+04
   0.179094131E-03   0.275139231E-01   0.109694636E+01  -0.136771802E+04
   0.190082486E-03   0.278506111E-01   0.642788470E+00  -0.894770203E+03
   0.201240618E-03   0.280476119E-01   0.397049665E+00  -0.322230316E+03
   0.212389117E-03   0.282018706E-01   0.395389318E+00   0.318097778E+03
   0.223690979E-03   0.284018088E-01   0.655093849E+00   0.990352417E+03
   0.235070824E-03   0.287601762E-01   0.118331897E+01   0.165617603E+04
   0.246636802E-03   0.293802489E-01   0.196904218E+01   0.227793872E+04
   0.258522225E-03   0.303599183E-01   0.298777342E+01   0.282025342E+04
   0.270887482E-03   0.317867026E-01   0.420138693E+01   0.325252783E+04
   0.283908739E-03   0.337269232E-01   0.556191444E+01   0.355130688E+04
   0.297931983E-03   0.362308137E-01   0.701072741E+01   0.370077271E+04
   0.312908582E-03   0.393174067E-01   0.848955441E+01   0.369506421E+04
   0.329173869E-03   0.429921746E-01   0.993598557E+01   0.353768384E+04
   0.347223511E-03   0.472214818E-01   0.112899971E+02   0.324209424E+04
   0.366990484E-03   0.519672334E-01   0.125031891E+02   0.283066577E+04
   0.388686458E-03   0.571612231E-01   0.135339584E+02   0.233291699E+04
   0.412459893E-03   0.627242476E-01   0.143561859E+02   0.178552429E+04
   0.438714895E-03   0.685689151E-01   0.149552355E+02   0.122796704E+04
   0.467266742E-03   0.746096447E-01   0.153378382E+02   0.701558411E+03
   0.498210487E-03   0.807617977E-01   0.155237589E+02   0.246523026E+03
   0.531526166E-03   0.869591683E-01   0.155484924E+02  -0.100844696E+03
   0.567386101E-03   0.931410939E-01   0.154626980E+02  -0.309036774E+03
   0.605838839E-03   0.992692038E-01   0.153238516E+02  -0.354971985E+03
   0.646593748E-03   0.105350688E+00   0.152024994E+02  -0.225003525E+03
   0.689685286E-03   0.111394942E+00   0.151692467E+02   0.850655746E+02
   0.735307520E-03   0.117458150E+00   0.152934132E+02   0.568823669E+03
   0.783306605E-03   0.123615608E+00   0.156430359E+02   0.120960718E+04
   0.833853148E-03   0.129958838E+00   0.162748127E+02   0.198204590E+04
   0.886958442E-03   0.136625022E+00   0.172353458E+02   0.285249316E+04
   0.942734012E-03   0.143740028E+00   0.185558109E+02   0.378260889E+04
   0.100154325E-02   0.151461616E+00   0.202508602E+02   0.473009668E+04
   0.106358214E-02   0.159926414E+00   0.223211746E+02   0.565273242E+04
   0.112909707E-02   0.169291928E+00   0.247468777E+02   0.650979053E+04
   0.119855709E-02   0.179691344E+00   0.274947052E+02   0.726577881E+04
   0.127236778E-02   0.191236466E+00   0.305193329E+02   0.789205322E+04
   0.135111634E-02   0.204031527E+00   0.337630844E+02   0.836869629E+04
   0.143516343E-02   0.218160242E+00   0.371658363E+02   0.868613477E+04
   0.152510079E-02   0.233666241E+00   0.406638222E+02   0.884642383E+04
   0.162154203E-02   0.250565737E+00   0.441954727E+02   0.886248438E+04
   0.172492675E-02   0.268873870E+00   0.477087212E+02   0.875785156E+04
   0.183594227E-02   0.288567930E+00   0.511620255E+02   0.856571582E+04
   0.195502420E-02   0.309629858E+00   0.545279121E+02   0.832647949E+04
   0.208280911E-02   0.332006156E+00   0.577971802E+02   0.808652344E+04
   0.221978943E-02   0.355670899E+00   0.609771576E+02   0.789458594E+04
   0.236641662E-02   0.380584031E+00   0.640997696E+02   0.779912061E+04
   0.252315914E-02   0.406744123E+00   0.672110672E+02   0.784567676E+04
   0.269064913E-02   0.434146613E+00   0.703752899E+02   0.807413281E+04
   0.286932988E-02   0.462831855E+00   0.736722870E+02   0.851612402E+04
   0.305959443E-02   0.492875457E+00   0.771926651E+02   0.919298535E+04
   0.326216500E-02   0.524381995E+00   0.810299988E+02   0.101153857E+05
   0.347762625E-02   0.557497501E+00   0.852844315E+02   0.112815977E+05
   0.370664289E-02   0.592404664E+00   0.900500793E+02   0.126781348E+05
   0.394992996E-02   0.629327357E+00   0.954139786E+02   0.142808887E+05
   0.420839479E-02   0.668518960E+00   0.101452393E+03   0.160558008E+05
   0.448292214E-02   0.710264325E+00   0.108224304E+03   0.179624121E+05
   0.477469107E-02   0.754852295E+00   0.115775467E+03   0.199551484E+05
   0.508483453E-02   0.802616656E+00   0.124129730E+03   0.219867031E+05
   0.541468197E-02   0.853872716E+00   0.133293854E+03   0.240120566E+05
   0.576571701E-02   0.908930719E+00   0.143256622E+03   0.259905449E+05
   0.613951404E-02   0.968121052E+00   0.153991898E+03   0.278886914E+05
   0.653766375E-02   0.103172886E+01   0.165465103E+03   0.296839531E+05
   0.696219504E-02   0.110005295E+01   0.177629242E+03   0.313646680E+05
   0.741486205E-02   0.117335045E+01   0.190440979E+03   0.329331523E+05
   0.789780170E-02   0.125187457E+01   0.203857117E+03   0.344047109E+05
   0.841313042E-02   0.133585894E+01   0.217844925E+03   0.358075195E+05
   0.896295626E-02   0.142552674E+01   0.232384369E+03   0.371824609E+05
   0.954970345E-02   0.152109325E+01   0.247474823E+03   0.385792578E+05
   0.101757385E-01   0.162278962E+01   0.263135162E+03   0.400554766E+05
   0.108435890E-01   0.173084092E+01   0.279409668E+03   0.416726641E+05
   0.115558002E-01   0.184551120E+01   0.296366302E+03   0.434929688E+05
   0.123150432E-01   0.196708632E+01   0.314099182E+03   0.455757969E+05
   0.131240916E-01   0.209590220E+01   0.332723206E+03   0.479739766E+05
   0.139860418E-01   0.223234153E+01   0.352372986E+03   0.507311875E+05
   0.149039431E-01   0.237683034E+01   0.373197937E+03   0.538787773E+05
   0.158810560E-01   0.252987981E+01   0.395357849E+03   0.574341406E+05
   0.169209503E-01   0.269204926E+01   0.419015930E+03   0.613994570E+05
   0.180273391E-01   0.286397004E+01   0.444333252E+03   0.657613203E+05
   0.192042906E-01   0.304633236E+01   0.471463348E+03   0.704915078E+05
   0.204561446E-01   0.323988700E+01   0.500543671E+03   0.755484609E+05
   0.217874199E-01   0.344543743E+01   0.531695984E+03   0.808789297E+05
   0.232031513E-01   0.366382980E+01   0.565015808E+03   0.864220781E+05
   0.247085746E-01   0.389593768E+01   0.600576416E+03   0.921115078E+05
   0.263093151E-01   0.414266777E+01   0.638420593E+03   0.978796953E+05
   0.280114636E-01   0.440493393E+01   0.678567749E+03   0.103661414E+06
   0.298213363E-01   0.468365383E+01   0.721011292E+03   0.109396633E+06
   0.317456760E-01   0.497973299E+01   0.765721375E+03   0.115033984E+06
   0.337916426E-01   0.529407167E+01   0.812651550E+03   0.120532234E+06
   0.359665081E-01   0.562753630E+01   0.861738586E+03   0.125861906E+06
   0.382783301E-01   0.598098898E+01   0.912914368E+03   0.131005680E+06
   0.407350324E-01   0.635521984E+01   0.966099487E+03   0.135956344E+06
   0.433450006E-01   0.675102854E+01   0.102121844E+04   0.140716219E+06
   0.461171567E-01   0.716917086E+01   0.107819739E+04   0.145293359E+06
   0.490604900E-01   0.761037302E+01   0.113696509E+04   0.149697672E+06
   0.521842204E-01   0.807532501E+01   0.119745374E+04   0.153936281E+06
   0.554980487E-01   0.856471348E+01   0.125959839E+04   0.158008266E+06
   0.590118319E-01   0.907918167E+01   0.132332959E+04   0.161899672E+06
   0.627357066E-01   0.961933804E+01   0.138857117E+04   0.165578328E+06
   0.666799769E-01   0.101857758E+02   0.145522632E+04   0.168989016E+06
   0.708552301E-01   0.107790270E+02   0.152317419E+04   0.172050188E+06
   0.752723143E-01   0.113995848E+02   0.159225366E+04   0.174650719E+06
   0.799420699E-01   0.120478516E+02   0.166225500E+04   0.176649547E+06
   0.848756880E-01   0.127241440E+02   0.173290466E+04   0.177875359E+06
   0.900843665E-01   0.134286642E+02   0.180385669E+04   0.178129313E+06
   0.955796242E-01   0.141614666E+02   0.187468115E+04   0.177188516E+06
   0.101372071E+00   0.149223366E+02   0.194485095E+04   0.174812406E+06
   0.107473299E+00   0.157109346E+02   0.201374707E+04   0.170749219E+06
   0.113894038E+00   0.165266171E+02   0.208064600E+04   0.164745672E+06
   0.120645024E+00   0.173684120E+02   0.214472510E+04   0.156555766E+06
   0.127736494E+00   0.182350273E+02   0.220506812E+04   0.145952297E+06
   0.135177717E+00   0.191247730E+02   0.226067236E+04   0.132737047E+06
   0.142977700E+00   0.200355453E+02   0.231046460E+04   0.116751555E+06
   0.151144385E+00   0.209648113E+02   0.235331714E+04   0.978872578E+05
   0.159684435E+00   0.219095783E+02   0.238807080E+04   0.760945234E+05
   0.168603510E+00   0.228663960E+02   0.241356226E+04   0.513896719E+05
   0.177905321E+00   0.238313141E+02   0.242864282E+04   0.238613828E+05
   0.187592611E+00   0.247999897E+02   0.243222021E+04  -0.632743848E+04
   0.197665721E+00   0.257676353E+02   0.242327954E+04  -0.389372617E+05
   0.208123267E+00   0.267290573E+02   0.240091577E+04  -0.736544297E+05
   0.218961760E+00   0.276787872E+02   0.236436255E+04  -0.110095484E+06
   0.230175793E+00   0.286110420E+02   0.231301978E+04  -0.147814688E+06
   0.241756201E+00   0.295198040E+02   0.224647998E+04  -0.186307797E+06
   0.253692895E+00   0.303989868E+02   0.216454004E+04  -0.225032031E+06
   0.265973181E+00   0.312424488E+02   0.206722119E+04  -0.263412438E+06
   0.278581262E+00   0.320441246E+02   0.195477832E+04  -0.300857219E+06
   0.291499406E+00   0.327980690E+02   0.182770288E+04  -0.336773188E+06
   0.304707348E+00   0.334985733E+02   0.168671948E+04  -0.370580469E+06
   0.318183064E+00   0.341403160E+02   0.153277930E+04  -0.401726625E+06
   0.331901819E+00   0.347183228E+02   0.136704736E+04  -0.429700781E+06
   0.345837474E+00   0.352281837E+02   0.119087878E+04  -0.454046938E+06
   0.359961867E+00   0.356660385E+02   0.100579895E+04  -0.474373813E+06
   0.374245942E+00   0.360286407E+02   0.813475647E+03  -0.490365031E+06
   0.388658971E+00   0.363134651E+02   0.615686523E+03  -0.501784750E+06
   0.403169811E+00   0.365187263E+02   0.414284119E+03  -0.508483250E+06
   0.417746216E+00   0.366433372E+02   0.211164993E+03  -0.510397844E+06
   0.432356805E+00   0.366870079E+02   0.822609711E+01  -0.507552500E+06
   0.446968108E+00   0.366501694E+02  -0.192639587E+03  -0.500055875E+06
   0.461548984E+00   0.365340424E+02  -0.389622467E+03  -0.488095844E+06
   0.476068020E+00   0.363404655E+02  -0.580993713E+03  -0.471931063E+06
   0.490494877E+00   0.360720634E+02  -0.765139465E+03  -0.451885750E+06
   0.504800618E+00   0.357319679E+02  -0.940587952E+03  -0.428337125E+06
   0.518957019E+00   0.353239365E+02  -0.110602661E+04  -0.401706844E+06
   0.532937944E+00   0.348521729E+02  -0.126031702E+04  -0.372448719E+06
   0.546719134E+00   0.343213310E+02  -0.140250659E+04  -0.341039031E+06
   0.560277820E+00   0.337363739E+02  -0.153183435E+04  -0.307964656E+06
   0.573593736E+00   0.331025620E+02  -0.164773450E+04  -0.273713156E+06
   0.586648047E+00   0.324253120E+02  -0.174983508E+04  -0.238763391E+06
   0.599424839E+00   0.317101574E+02  -0.183794836E+04  -0.203577219E+06
   0.611910224E+00   0.309626961E+02  -0.191207043E+04  -0.168591344E+06
   0.624092460E+00   0.301884632E+02  -0.197236218E+04  -0.134211672E+06
   0.635961413E+00   0.293929195E+02  -0.201913928E+04  -0.100807805E+06
   0.647510946E+00   0.285813351E+02  -0.205286011E+04  -0.687089063E+05
   0.658733845E+00   0.277588387E+02  -0.207409961E+04  -0.382044063E+05
   0.669628084E+00   0.269302616E+02  -0.208354468E+04  -0.953625684E+04
   0.680191696E+00   0.261001453E+02  -0.208196875E+04   0.170972266E+05
   0.690425038E+00   0.252727108E+02  -0.207021338E+04   0.415426328E+05
   0.700329781E+00   0.244518433E+02  -0.204917310E+04   0.636903047E+05
   0.709909439E+00   0.236410484E+02  -0.201977930E+04   0.834729609E+05
   0.719168365E+00   0.228434792E+02  -0.198297998E+04   0.100863367E+06
   0.728112996E+00   0.220618839E+02  -0.193972827E+04   0.115872297E+06
   0.736749589E+00   0.212986450E+02  -0.189096423E+04   0.128545281E+06
   0.745086312E+00   0.205557823E+02  -0.183760388E+04   0.138959719E+06
   0.753131330E+00   0.198349457E+02  -0.178052759E+04   0.147221188E+06
   0.760893703E+00   0.191374493E+02  -0.172056738E+04   0.153459938E+06
   0.768383265E+00   0.184642849E+02  -0.165849988E+04   0.157826594E+06
   0.775609434E+00   0.178161526E+02  -0.159503796E+04   0.160488797E+06
   0.782582641E+00   0.171934414E+02  -0.153082349E+04   0.161625922E+06
   0.789312601E+00   0.165964012E+02  -0.146643127E+04   0.161425359E+06
   0.795809925E+00   0.160249577E+02  -0.140235327E+04   0.160077688E+06
   0.802084804E+00   0.154789114E+02  -0.133900916E+04   0.157772531E+06
   0.808146775E+00   0.149578953E+02  -0.127674329E+04   0.154693500E+06
   0.814006448E+00   0.144614305E+02  -0.121582996E+04   0.151014672E+06
   0.819672883E+00   0.139889231E+02  -0.115647388E+04   0.146896047E+06
   0.825155675E+00   0.135397224E+02  -0.109882263E+04   0.142480578E+06
   0.830464065E+00   0.131131430E+02  -0.104296899E+04   0.137891031E+06
   0.835607111E+00   0.127084513E+02  -0.988961731E+03   0.133227750E+06
   0.840593040E+00   0.123248997E+02  -0.936813477E+03   0.128567227E+06
   0.845430374E+00   0.119617615E+02  -0.886512695E+03   0.123961789E+06
   0.850126684E+00   0.116182880E+02  -0.838030579E+03   0.119439391E+06
   0.854689896E+00   0.112937784E+02  -0.791331848E+03   0.115005953E+06
   0.859128058E+00   0.109875269E+02  -0.746384827E+03   0.110646523E+06
   0.863447130E+00   0.106988382E+02  -0.703163574E+03   0.106329063E+06
   0.867655039E+00   0.104270115E+02  -0.661660828E+03   0.102008109E+06
   0.871757746E+00   0.101713896E+02  -0.621890503E+03   0.976294453E+05
   0.875761688E+00   0.993125629E+01  -0.583885620E+03   0.931345234E+05
   0.879672885E+00   0.970591164E+01  -0.547704346E+03   0.884654766E+05
   0.883497238E+00   0.949459743E+01  -0.513426880E+03   0.835705234E+05
   0.887239993E+00   0.929654789E+01  -0.481151581E+03   0.784079063E+05
   0.890906036E+00   0.911093712E+01  -0.450991058E+03   0.729503594E+05
   0.894500911E+00   0.893690491E+01  -0.423065765E+03   0.671880625E+05
   0.898028493E+00   0.877352905E+01  -0.397495117E+03   0.611310547E+05
   0.901492894E+00   0.861985207E+01  -0.374391754E+03   0.548100352E+05
   0.904897988E+00   0.847487545E+01  -0.353851227E+03   0.482763945E+05
   0.908246815E+00   0.833755779E+01  -0.335944519E+03   0.416008828E+05
   0.911542177E+00   0.820684147E+01  -0.320711121E+03   0.348707383E+05
   0.914786577E+00   0.808165836E+01  -0.308153748E+03   0.281862031E+05
   0.917982340E+00   0.796095467E+01  -0.298232178E+03   0.216556797E+05
   0.921130419E+00   0.784368849E+01  -0.290862885E+03   0.153902715E+05
   0.924232543E+00   0.772887039E+01  -0.285919373E+03   0.949864941E+04
   0.927289069E+00   0.761556911E+01  -0.283231567E+03   0.407990112E+04
   0.930300593E+00   0.750291920E+01  -0.282594238E+03  -0.781354614E+03
   0.933267415E+00   0.739015865E+01  -0.283771362E+03  -0.502055176E+04
   0.936188877E+00   0.727660656E+01  -0.286506592E+03  -0.859725195E+04
   0.939064980E+00   0.716169930E+01  -0.290532013E+03  -0.114987324E+05
   0.941895068E+00   0.704497433E+01  -0.295581085E+03  -0.137417227E+05
   0.944678307E+00   0.692608166E+01  -0.301399902E+03  -0.153728760E+05
   0.947413385E+00   0.680474901E+01  -0.307758850E+03  -0.164673613E+05
   0.950099647E+00   0.668081236E+01  -0.314463135E+03  -0.171263223E+05
   0.952736199E+00   0.655416155E+01  -0.321363342E+03  -0.174723613E+05
   0.955321789E+00   0.642474127E+01  -0.328361816E+03  -0.176439199E+05
   0.957855046E+00   0.629251719E+01  -0.335418182E+03  -0.177884902E+05
   0.960335255E+00   0.615747023E+01  -0.342551849E+03  -0.180549824E+05
   0.962760866E+00   0.601955366E+01  -0.349839478E+03  -0.185857637E+05
   0.965131223E+00   0.587867785E+01  -0.357413269E+03  -0.195087324E+05
   0.967444837E+00   0.573470211E+01  -0.365450562E+03  -0.209294746E+05
   0.969700336E+00   0.558739710E+01  -0.374166260E+03  -0.229246953E+05
   0.971896231E+00   0.543644571E+01  -0.383798828E+03  -0.255364609E+05
   0.974031329E+00   0.528143549E+01  -0.394595978E+03  -0.287683008E+05
   0.976103902E+00   0.512184668E+01  -0.406798920E+03  -0.325827129E+05
   0.978111863E+00   0.495708370E+01  -0.420624908E+03  -0.369009414E+05
   0.980052948E+00   0.478645754E+01  -0.436252594E+03  -0.416048438E+05
   0.981924772E+00   0.460922432E+01  -0.453806213E+03  -0.465404688E+05
   0.983724594E+00   0.442460299E+01  -0.473342346E+03  -0.515238711E+05
   0.985449195E+00   0.423180628E+01  -0.494839233E+03  -0.563484883E+05
   0.987095237E+00   0.403007126E+01  -0.518190063E+03  -0.607939453E+05
   0.988658965E+00   0.381869340E+01  -0.543199585E+03  -0.646356445E+05
   0.990136683E+00   0.359706903E+01  -0.569582214E+03  -0.676552891E+05
   0.991523743E+00   0.336471939E+01  -0.596970764E+03  -0.696510547E+05
   0.992816150E+00   0.312132192E+01  -0.624921570E+03  -0.704474844E+05
   0.994009376E+00   0.286676884E+01  -0.652925964E+03  -0.699045469E+05
   0.995099068E+00   0.260113955E+01  -0.680430115E+03  -0.679252344E+05
   0.996080399E+00   0.232474971E+01  -0.706850952E+03  -0.644613477E+05
   0.996949971E+00   0.203814721E+01  -0.731595703E+03  -0.595171641E+05
   0.997703195E+00   0.174211788E+01  -0.754084839E+03  -0.531510625E+05
   0.998336792E+00   0.143766832E+01  -0.773772034E+03  -0.454744844E+05
   0.998847842E+00   0.112601745E+01  -0.790165833E+03  -0.366486680E+05
   0.999233246E+00   0.808561802E+00  -0.802848145E+03  -0.268791328E+05
   0.999491811E+00   0.486849159E+00  -0.811489685E+03  -0.164080840E+05
   0.999620855E+00   0.162538007E+00  -0.815864380E+03  -0.550520215E+04
   0.999620795E+00  -0.162644982E+00  -0.815856995E+03   0.554284082E+04
   0.999491513E+00  -0.486950129E+00  -0.811467651E+03   0.164436719E+05
   0.999233305E+00  -0.808650970E+00  -0.802812500E+03   0.269107207E+05
   0.998847902E+00  -0.112609005E+01  -0.790118774E+03   0.366745508E+05
   0.998336911E+00  -0.143772054E+01  -0.773716125E+03   0.454931875E+05
   0.997703135E+00  -0.174215710E+01  -0.754022095E+03   0.531618516E+05
   0.996949792E+00  -0.203816199E+01  -0.731530457E+03   0.595190859E+05
   0.996080518E+00  -0.232473779E+01  -0.706786682E+03   0.644542813E+05
   0.995098710E+00  -0.260110378E+01  -0.680370544E+03   0.679095469E+05
   0.994009018E+00  -0.286670947E+01  -0.652874023E+03   0.698810547E+05
   0.992816031E+00  -0.312124419E+01  -0.624880371E+03   0.704173984E+05
   0.991523683E+00  -0.336461878E+01  -0.596943604E+03   0.696160156E+05
   0.990136623E+00  -0.359696102E+01  -0.569569824E+03   0.676172422E+05
   0.988658965E+00  -0.381858397E+01  -0.543202454E+03   0.645965508E+05
   0.987095296E+00  -0.402996492E+01  -0.518208557E+03   0.607559375E+05
   0.985449255E+00  -0.423171139E+01  -0.494872162E+03   0.563136953E+05
   0.983724475E+00  -0.442452288E+01  -0.473388092E+03   0.514941484E+05
   0.981924832E+00  -0.460916281E+01  -0.453862793E+03   0.465175430E+05
   0.980053067E+00  -0.478642130E+01  -0.436316650E+03   0.415900313E+05
   0.978111923E+00  -0.495707512E+01  -0.420693085E+03   0.368951953E+05
   0.976104200E+00  -0.512187386E+01  -0.406866913E+03   0.325862480E+05
   0.974031508E+00  -0.528148651E+01  -0.394660767E+03   0.287812793E+05
   0.971896529E+00  -0.543652201E+01  -0.383856781E+03   0.255583086E+05
   0.969700336E+00  -0.558749676E+01  -0.374213837E+03   0.229543691E+05
   0.967444658E+00  -0.573481512E+01  -0.365484924E+03   0.209655195E+05
   0.965131283E+00  -0.587879992E+01  -0.357432281E+03   0.195493516E+05
   0.962761045E+00  -0.601967621E+01  -0.349842133E+03   0.186288379E+05
   0.960335255E+00  -0.615759039E+01  -0.342537018E+03   0.180982656E+05
   0.957854867E+00  -0.629262829E+01  -0.335386780E+03   0.178296660E+05
   0.955321252E+00  -0.642483711E+01  -0.328314606E+03   0.176807441E+05
   0.952736199E+00  -0.655423689E+01  -0.321302490E+03   0.175028242E+05
   0.950099647E+00  -0.668086147E+01  -0.314391785E+03   0.171486445E+05
   0.947413146E+00  -0.680476904E+01  -0.307680603E+03   0.164801777E+05
   0.944678009E+00  -0.692606640E+01  -0.301318573E+03   0.153752725E+05
   0.941894889E+00  -0.704492950E+01  -0.295500885E+03   0.137333164E+05
   0.939064741E+00  -0.716162252E+01  -0.290457245E+03   0.114796602E+05
   0.936188638E+00  -0.727650499E+01  -0.286441406E+03   0.856804395E+04
   0.933266938E+00  -0.739003229E+01  -0.283719666E+03   0.498247021E+04
   0.930300355E+00  -0.750277996E+01  -0.282559113E+03   0.736139587E+03
   0.927288651E+00  -0.761541319E+01  -0.283215668E+03  -0.413029590E+04
   0.924232423E+00  -0.772871685E+01  -0.285924103E+03  -0.955187891E+04
   0.921130598E+00  -0.784353828E+01  -0.290889160E+03  -0.154438809E+05
   0.917982459E+00  -0.796081829E+01  -0.298279053E+03  -0.217068418E+05
   0.914786696E+00  -0.808154869E+01  -0.308220001E+03  -0.282326660E+05
   0.911542475E+00  -0.820675755E+01  -0.320794495E+03  -0.349101992E+05
   0.908247113E+00  -0.833750725E+01  -0.336041962E+03  -0.416313516E+05
   0.904898286E+00  -0.847486973E+01  -0.353958801E+03  -0.482962813E+05
   0.901493311E+00  -0.861988735E+01  -0.374505188E+03  -0.548181992E+05
   0.898028791E+00  -0.877361202E+01  -0.397609070E+03  -0.611269375E+05
   0.894501209E+00  -0.893702984E+01  -0.423175598E+03  -0.671715938E+05
   0.890906453E+00  -0.911110687E+01  -0.451092316E+03  -0.729220859E+05
   0.887239814E+00  -0.929675961E+01  -0.481240265E+03  -0.783691328E+05
   0.883497000E+00  -0.949484348E+01  -0.513498291E+03  -0.835226328E+05
   0.879672647E+00  -0.970618057E+01  -0.547755371E+03  -0.884105313E+05
   0.875761390E+00  -0.993154335E+01  -0.583913391E+03  -0.930747656E+05
   0.871757269E+00  -0.101716814E+02  -0.621894226E+03  -0.975675625E+05
   0.867654383E+00  -0.104273005E+02  -0.661639771E+03  -0.101946594E+06
   0.863446951E+00  -0.106991034E+02  -0.703117126E+03  -0.106270508E+06
   0.859127223E+00  -0.109877710E+02  -0.746315674E+03  -0.110593469E+06
   0.854689360E+00  -0.112939901E+02  -0.791243591E+03  -0.114960750E+06
   0.850125909E+00  -0.116184597E+02  -0.837925842E+03  -0.119403875E+06
   0.845429242E+00  -0.119618845E+02  -0.886396179E+03  -0.123937281E+06
   0.840592206E+00  -0.123249788E+02  -0.936689819E+03  -0.128554742E+06
   0.835606456E+00  -0.127084799E+02  -0.988835083E+03  -0.133227609E+06
   0.830463171E+00  -0.131131287E+02  -0.104284485E+04  -0.137903000E+06
   0.825154901E+00  -0.135396624E+02  -0.109870569E+04  -0.142503938E+06
   0.819671929E+00  -0.139888029E+02  -0.115636804E+04  -0.146929547E+06
   0.814005375E+00  -0.144612951E+02  -0.121574097E+04  -0.151056781E+06
   0.808145761E+00  -0.149577341E+02  -0.127667310E+04  -0.154742047E+06
   0.802083492E+00  -0.154787235E+02  -0.133895886E+04  -0.157825156E+06
   0.795809209E+00  -0.160247459E+02  -0.140232458E+04  -0.160132094E+06
   0.789312124E+00  -0.165961838E+02  -0.146642383E+04  -0.161478953E+06
   0.782582045E+00  -0.171932373E+02  -0.153083752E+04  -0.161676406E+06
   0.775609195E+00  -0.178159161E+02  -0.159506897E+04  -0.160534125E+06
   0.768383145E+00  -0.184640770E+02  -0.165854749E+04  -0.157864875E+06
   0.760893703E+00  -0.191372509E+02  -0.172062793E+04  -0.153489641E+06
   0.753131449E+00  -0.198347874E+02  -0.178059827E+04  -0.147241391E+06
   0.745086193E+00  -0.205556450E+02  -0.183768066E+04  -0.138969844E+06
   0.736749709E+00  -0.212985420E+02  -0.189104285E+04  -0.128545320E+06
   0.728113115E+00  -0.220618114E+02  -0.193980481E+04  -0.115862633E+06
   0.719168603E+00  -0.228434334E+02  -0.198305103E+04  -0.100845008E+06
   0.709909439E+00  -0.236410370E+02  -0.201984167E+04  -0.834471563E+05
   0.700329423E+00  -0.244518814E+02  -0.204922534E+04  -0.636579297E+05
   0.690424562E+00  -0.252727642E+02  -0.207025122E+04  -0.415062578E+05
   0.680191278E+00  -0.261002045E+02  -0.208199146E+04  -0.170588398E+05
   0.669627786E+00  -0.269303379E+02  -0.208355298E+04   0.957463965E+04
   0.658733487E+00  -0.277589226E+02  -0.207409277E+04   0.382406563E+05
   0.647510409E+00  -0.285813923E+02  -0.205283911E+04   0.687412656E+05
   0.635961533E+00  -0.293929482E+02  -0.201910779E+04   0.100833555E+06
   0.624092281E+00  -0.301884823E+02  -0.197232166E+04   0.134230563E+06
   0.611910343E+00  -0.309626923E+02  -0.191202466E+04   0.168602719E+06
   0.599424779E+00  -0.317101402E+02  -0.183789917E+04   0.203580594E+06
   0.586648166E+00  -0.324252548E+02  -0.174978601E+04   0.238758703E+06
   0.573593616E+00  -0.331024971E+02  -0.164768896E+04   0.273700813E+06
   0.560277998E+00  -0.337362938E+02  -0.153179468E+04   0.307945375E+06
   0.546719074E+00  -0.343212280E+02  -0.140247607E+04   0.341014125E+06
   0.532938302E+00  -0.348520699E+02  -0.126029749E+04   0.372419563E+06
   0.518957138E+00  -0.353238144E+02  -0.110601978E+04   0.401674938E+06
   0.504800141E+00  -0.357318840E+02  -0.940587280E+03   0.428305250E+06
   0.490494668E+00  -0.360719833E+02  -0.765151794E+03   0.451854500E+06
   0.476067781E+00  -0.363403893E+02  -0.581017273E+03   0.471902125E+06
   0.461548775E+00  -0.365339546E+02  -0.389657410E+03   0.488070625E+06
   0.446968019E+00  -0.366501236E+02  -0.192683929E+03   0.500036156E+06
   0.432356775E+00  -0.366869774E+02   0.817560101E+01   0.507538750E+06
   0.417746663E+00  -0.366433258E+02   0.211102829E+03   0.510390750E+06
   0.403170198E+00  -0.365187378E+02   0.414220520E+03   0.508483438E+06
   0.388659477E+00  -0.363135109E+02   0.615624573E+03   0.501792094E+06
   0.374246329E+00  -0.360286903E+02   0.813417725E+03   0.490379094E+06
   0.359962314E+00  -0.356661110E+02   0.100574799E+04   0.474393844E+06
   0.345837682E+00  -0.352282791E+02   0.119083704E+04   0.454071813E+06
   0.331902146E+00  -0.347184410E+02   0.136701587E+04   0.429729250E+06
   0.318183362E+00  -0.341404419E+02   0.153276013E+04   0.401757375E+06
   0.304707676E+00  -0.334987144E+02   0.168671265E+04   0.370611781E+06
   0.291499078E+00  -0.327981644E+02   0.182771289E+04   0.336802438E+06
   0.278580874E+00  -0.320442162E+02   0.195479968E+04   0.300884063E+06
   0.265972733E+00  -0.312425423E+02   0.206725244E+04   0.263435750E+06
   0.253692567E+00  -0.303990555E+02   0.216457959E+04   0.225050750E+06
   0.241755679E+00  -0.295198593E+02   0.224652612E+04   0.186321219E+06
   0.230175197E+00  -0.286110802E+02   0.231307007E+04   0.147822031E+06
   0.218961656E+00  -0.276788330E+02   0.236441333E+04   0.110098133E+06
   0.208123177E+00  -0.267290878E+02   0.240096582E+04   0.736510625E+05
   0.197665691E+00  -0.257676468E+02   0.242332764E+04   0.389283086E+05
   0.187592506E+00  -0.247999783E+02   0.243226367E+04   0.631359912E+04
   0.177905202E+00  -0.238312836E+02   0.242867969E+04  -0.238792285E+05
   0.168603346E+00  -0.228663597E+02   0.241359155E+04  -0.514104141E+05
   0.159684315E+00  -0.219095325E+02   0.238809106E+04  -0.761169531E+05
   0.151144356E+00  -0.209647636E+02   0.235332813E+04  -0.979101875E+05
   0.142977685E+00  -0.200354900E+02   0.231046680E+04  -0.116773719E+06
   0.135177717E+00  -0.191247196E+02   0.226066626E+04  -0.132757313E+06
   0.127736449E+00  -0.182349796E+02   0.220505444E+04  -0.145969734E+06
   0.120645054E+00  -0.173683624E+02   0.214470532E+04  -0.156569500E+06
   0.113894030E+00  -0.165265732E+02   0.208062158E+04  -0.164755203E+06
   0.107473366E+00  -0.157109108E+02   0.201372034E+04  -0.170754266E+06
   0.101372115E+00  -0.149223185E+02   0.194482312E+04  -0.174812922E+06
   0.955796540E-01  -0.141614637E+02   0.187465381E+04  -0.177184625E+06
   0.900846049E-01  -0.134286909E+02   0.180383386E+04  -0.178121563E+06
   0.848759115E-01  -0.127241879E+02   0.173288599E+04  -0.177864375E+06
   0.799419135E-01  -0.120478458E+02   0.166223596E+04  -0.176635953E+06
   0.752721950E-01  -0.113995857E+02   0.159224121E+04  -0.174635609E+06
   0.708551481E-01  -0.107790403E+02   0.152316687E+04  -0.172034422E+06
   0.666798577E-01  -0.101857862E+02   0.145522534E+04  -0.168973672E+06
   0.627355874E-01  -0.961935043E+01   0.138857568E+04  -0.165564313E+06
   0.590116754E-01  -0.907918358E+01   0.132333948E+04  -0.161887906E+06
   0.554979518E-01  -0.856471920E+01   0.125961230E+04  -0.157999203E+06
   0.521840677E-01  -0.807532406E+01   0.119747046E+04  -0.153930500E+06
   0.490602851E-01  -0.761036253E+01   0.113698352E+04  -0.149695453E+06
   0.461170450E-01  -0.716915321E+01   0.107821631E+04  -0.145294719E+06
   0.433448777E-01  -0.675100374E+01   0.102123621E+04  -0.140721031E+06
   0.407348685E-01  -0.635519075E+01   0.966114685E+03  -0.135964156E+06
   0.382782556E-01  -0.598095322E+01   0.912926270E+03  -0.131016070E+06
   0.359665193E-01  -0.562750387E+01   0.861747070E+03  -0.125874313E+06
   0.337916687E-01  -0.529404163E+01   0.812655273E+03  -0.120545656E+06
   0.317457207E-01  -0.497969961E+01   0.765719604E+03  -0.115047625E+06
   0.298213735E-01  -0.468362617E+01   0.721004089E+03  -0.109409641E+06
   0.280115232E-01  -0.440491009E+01   0.678555481E+03  -0.103673023E+06
   0.263093859E-01  -0.414264917E+01   0.638404297E+03  -0.978892031E+05
   0.247086436E-01  -0.389592457E+01   0.600556580E+03  -0.921183203E+05
   0.232031904E-01  -0.366382647E+01   0.564994446E+03  -0.864257344E+05
   0.217874628E-01  -0.344544172E+01   0.531673706E+03  -0.808792969E+05
   0.204561818E-01  -0.323990107E+01   0.500521759E+03  -0.755454766E+05
   0.192043204E-01  -0.304635525E+01   0.471443237E+03  -0.704853281E+05
   0.180273522E-01  -0.286399889E+01   0.444316223E+03  -0.657523359E+05
   0.169209857E-01  -0.269208455E+01   0.419002899E+03  -0.613881172E+05
   0.158810541E-01  -0.252991986E+01   0.395350006E+03  -0.574211445E+05
   0.149039440E-01  -0.237687206E+01   0.373195129E+03  -0.538648398E+05
   0.139860185E-01  -0.223238277E+01   0.352375854E+03  -0.507171016E+05
   0.131240729E-01  -0.209594464E+01   0.332732239E+03  -0.479606914E+05
   0.123149976E-01  -0.196712840E+01   0.314113098E+03  -0.455638398E+05
   0.115556819E-01  -0.184553635E+01   0.296383850E+03  -0.434829336E+05
   0.108434847E-01  -0.173085797E+01   0.279430206E+03  -0.416653516E+05
   0.101756640E-01  -0.162279665E+01   0.263157990E+03  -0.400510938E+05
   0.954962801E-02  -0.152109480E+01   0.247498322E+03  -0.385782383E+05
   0.896282680E-02  -0.142551506E+01   0.232408737E+03  -0.371847383E+05
   0.841298420E-02  -0.133583891E+01   0.217867340E+03  -0.358130820E+05
   0.789771415E-02  -0.125184548E+01   0.203877182E+03  -0.344130273E+05
   0.741478521E-02  -0.117331541E+01   0.190456009E+03  -0.329439492E+05
   0.696212798E-02  -0.110001266E+01   0.177639633E+03  -0.313772813E+05
   0.653761998E-02  -0.103168726E+01   0.165469833E+03  -0.296976738E+05
   0.613945583E-02  -0.968075871E+00   0.153992386E+03  -0.279028535E+05
   0.576575054E-02  -0.908887088E+00   0.143251312E+03  -0.260041504E+05
   0.541470433E-02  -0.853826582E+00   0.133283463E+03  -0.240248145E+05
   0.508488389E-02  -0.802583575E+00   0.124114571E+03  -0.219976250E+05
   0.477473671E-02  -0.754825413E+00   0.115756439E+03  -0.199636914E+05
   0.448299246E-02  -0.710245490E+00   0.108202400E+03  -0.179681602E+05
   0.420845253E-02  -0.668509781E+00   0.101428825E+03  -0.160584902E+05
   0.394999282E-02  -0.629326284E+00   0.953899460E+02  -0.142803916E+05
   0.370670296E-02  -0.592414498E+00   0.900269394E+02  -0.126745264E+05
   0.347768422E-02  -0.557514191E+00   0.852633209E+02  -0.112750742E+05
   0.326220877E-02  -0.524407804E+00   0.810120010E+02  -0.101063457E+05
   0.305963657E-02  -0.492907524E+00   0.771786118E+02  -0.918194824E+04
   0.286935642E-02  -0.462868333E+00   0.736629181E+02  -0.850370020E+04
   0.269062864E-02  -0.434186697E+00   0.703711014E+02  -0.806096826E+04
   0.252316240E-02  -0.406785011E+00   0.672120895E+02  -0.783251123E+04
   0.236635958E-02  -0.380621791E+00   0.641061478E+02  -0.778670557E+04
   0.221976126E-02  -0.355704248E+00   0.609883995E+02  -0.788344824E+04
   0.208279258E-02  -0.332039088E+00   0.578114090E+02  -0.807725879E+04
   0.195501093E-02  -0.309651434E+00   0.545461006E+02  -0.831960059E+04
   0.183584995E-02  -0.288594693E+00   0.511826897E+02  -0.856111035E+04
   0.172484771E-02  -0.268879324E+00   0.477309456E+02  -0.875640137E+04
   0.162144087E-02  -0.250565112E+00   0.442171021E+02  -0.886378223E+04
   0.152496481E-02  -0.233652592E+00   0.406838188E+02  -0.885050781E+04
   0.143504003E-02  -0.218141228E+00   0.371841965E+02  -0.869270508E+04
   0.135105988E-02  -0.204010785E+00   0.337783279E+02  -0.837704004E+04
   0.127237896E-02  -0.191208318E+00   0.305307121E+02  -0.790187207E+04
   0.119856687E-02  -0.179654911E+00   0.275021248E+02  -0.727670703E+04
   0.112901907E-02  -0.169252783E+00   0.247497978E+02  -0.652110107E+04
   0.106345082E-02  -0.159892276E+00   0.223202381E+02  -0.566353564E+04
   0.100156816E-02  -0.151423529E+00   0.202462273E+02  -0.474020459E+04
   0.942807121E-03  -0.143706411E+00   0.185463848E+02  -0.379137915E+04
   0.887020840E-03  -0.136594668E+00   0.172226906E+02  -0.285954907E+04
   0.833835686E-03  -0.129941061E+00   0.162602253E+02  -0.198679163E+04
   0.783348340E-03  -0.123599321E+00   0.156267233E+02  -0.121227429E+04
   0.735455193E-03  -0.117445707E+00   0.152761908E+02  -0.569283508E+03
   0.689849025E-03  -0.111389957E+00   0.151519461E+02  -0.833426208E+02
   0.646679546E-03  -0.105350710E+00   0.151865597E+02   0.228732864E+03
   0.605756184E-03  -0.992834717E-01   0.153111591E+02   0.360717438E+03
   0.567438547E-03  -0.931544229E-01   0.154516592E+02   0.315902466E+03
   0.531572208E-03  -0.869776830E-01   0.155403986E+02   0.108559120E+03
   0.498248264E-03  -0.807822347E-01   0.155187912E+02  -0.238439362E+03
   0.467300997E-03  -0.746319145E-01   0.153361540E+02  -0.693598755E+03
   0.438734482E-03  -0.685905367E-01   0.149565887E+02  -0.122058203E+04
   0.412478985E-03  -0.627453700E-01   0.143602772E+02  -0.177913123E+04
   0.388690358E-03  -0.571801774E-01   0.135403423E+02  -0.232784692E+04
   0.366994587E-03  -0.519835949E-01   0.125112495E+02  -0.282717896E+04
   0.347240188E-03  -0.472332723E-01   0.112989864E+02  -0.324036499E+04
   0.329230126E-03  -0.430002250E-01   0.994476604E+01  -0.353762427E+04
   0.312850694E-03  -0.393221267E-01   0.849910641E+01  -0.369671460E+04
   0.297832652E-03  -0.362311415E-01   0.701942253E+01  -0.370378784E+04
   0.284046750E-03  -0.337300152E-01   0.556721687E+01  -0.355543018E+04
   0.270903722E-03  -0.317799598E-01   0.420643663E+01  -0.325777393E+04
   0.258545158E-03  -0.303557795E-01   0.299062204E+01  -0.282573535E+04
   0.246673182E-03  -0.293724835E-01   0.196892309E+01  -0.228355493E+04
   0.235089945E-03  -0.287540946E-01   0.118146193E+01  -0.166140161E+04
   0.223697600E-03  -0.283997413E-01   0.651752710E+00  -0.994687317E+03
   0.212540821E-03  -0.282031000E-01   0.388868719E+00  -0.321359436E+03
   0.201220508E-03  -0.280500576E-01   0.391381890E+00   0.320108307E+03
   0.190039558E-03  -0.278593488E-01   0.636661649E+00   0.894273926E+03
   0.179139985E-03  -0.275230985E-01   0.108990538E+01   0.136867273E+04
   0.168175829E-03  -0.269631185E-01   0.170966220E+01   0.171761853E+04
   0.157608374E-03  -0.261421744E-01   0.244014692E+01   0.192362207E+04
   0.147472121E-03  -0.250152349E-01   0.322164273E+01   0.197702588E+04
   0.137642404E-03  -0.235741958E-01   0.399587917E+01   0.187790515E+04
   0.128712767E-03  -0.218441766E-01   0.469912815E+01   0.163588904E+04
   0.120423821E-03  -0.198493283E-01   0.528095007E+01   0.126807251E+04
   0.112860536E-03  -0.176515989E-01   0.569622469E+01   0.799893005E+03
   0.106323845E-03  -0.153373424E-01   0.590980768E+01   0.262700897E+03
   0.100678182E-03  -0.129757281E-01   0.590117073E+01  -0.309283203E+03
   0.959675672E-04  -0.106654270E-01   0.566397762E+01  -0.878981445E+03
   0.921985193E-04  -0.849337596E-02   0.520493174E+01  -0.141059619E+04
   0.891367818E-04  -0.653886516E-02   0.454931307E+01  -0.187059692E+04
   0.869076757E-04  -0.488789426E-02   0.372855258E+01  -0.223020337E+04
   0.852989906E-04  -0.359253213E-02   0.278818274E+01  -0.246710278E+04
   0.839983768E-04  -0.267563458E-02   0.178098679E+01  -0.256707886E+04
   0.830521312E-04  -0.217061886E-02   0.762193620E+00  -0.252368701E+04
   0.822245929E-04  -0.206318451E-02  -0.211424798E+00  -0.233998730E+04
   0.812644575E-04  -0.231692707E-02  -0.108567607E+01  -0.202750342E+04
   0.803551520E-04  -0.291103311E-02  -0.181180120E+01  -0.160490955E+04
   0.790279446E-04  -0.374675775E-02  -0.235260534E+01  -0.109869653E+04
   0.773045613E-04  -0.475438451E-02  -0.268061280E+01  -0.539504578E+03
   0.752029955E-04  -0.584839378E-02  -0.278041434E+01   0.386968117E+02
   0.725927530E-04  -0.693211425E-02  -0.265188670E+01   0.601146118E+03
   0.696705320E-04  -0.793342665E-02  -0.230780435E+01   0.111451233E+04
   0.663837054E-04  -0.875615887E-02  -0.177438319E+01   0.154777161E+04
   0.627649206E-04  -0.932990108E-02  -0.108842170E+01   0.187574475E+04
   0.589397459E-04  -0.960409828E-02  -0.296480656E+00   0.207955396E+04
   0.551394551E-04  -0.955538545E-02   0.549760222E+00   0.214808789E+04
   0.513668565E-04  -0.916628633E-02   0.139669728E+01   0.207865967E+04
   0.478619259E-04  -0.844735373E-02   0.218941712E+01   0.187657629E+04
   0.447059792E-04  -0.743671227E-02   0.287607908E+01   0.155567664E+04
   0.419959579E-04  -0.617921958E-02   0.341581416E+01   0.113667395E+04
   0.398013108E-04  -0.473925704E-02   0.377160740E+01   0.646050354E+03
   0.382288781E-04  -0.320005137E-02   0.392495918E+01   0.114652901E+03
   0.372394570E-04  -0.163720758E-02   0.386288524E+01  -0.424592133E+03
   0.369147383E-04  -0.150509746E-03   0.358987784E+01  -0.938158508E+03
   0.371116257E-04   0.119369954E-02   0.312320352E+01  -0.139489172E+04
   0.378215263E-04   0.232273899E-02   0.248977757E+01  -0.176701111E+04
   0.389305605E-04   0.315883406E-02   0.172953248E+01  -0.203156726E+04
   0.402748155E-04   0.368862553E-02   0.886646271E+00  -0.217370898E+04
   0.417965784E-04   0.386081007E-02   0.147104235E-01  -0.218459131E+04
   0.433555942E-04   0.369545911E-02  -0.834977269E+00  -0.206470288E+04
   0.447072016E-04   0.321154040E-02  -0.161393642E+01  -0.182196521E+04
   0.458336290E-04   0.242608227E-02  -0.227295637E+01  -0.147135120E+04
   0.466048805E-04   0.141817762E-02  -0.277553439E+01  -0.103540942E+04
   0.469896404E-04   0.243649003E-03  -0.309079123E+01  -0.541094177E+03
   0.468490034E-04  -0.101825385E-02  -0.320330739E+01  -0.184315262E+02
   0.461513191E-04  -0.227957568E-02  -0.310628128E+01   0.500329010E+03
   0.449727049E-04  -0.346910115E-02  -0.280836606E+01   0.983604065E+03
   0.434306385E-04  -0.449707964E-02  -0.233032608E+01   0.140210828E+04
   0.414626957E-04  -0.530077936E-02  -0.170334542E+01   0.173063550E+04
   0.392124784E-04  -0.584126869E-02  -0.966061413E+00   0.195012292E+04
   0.368326837E-04  -0.606423011E-02  -0.165709585E+00   0.204763672E+04
   0.344508662E-04  -0.596516859E-02   0.648672581E+00   0.201772839E+04
   0.321325970E-04  -0.555097964E-02   0.142562997E+01   0.186342676E+04
   0.300497577E-04  -0.484209321E-02   0.211829209E+01   0.159494885E+04
   0.282829405E-04  -0.388219254E-02   0.268378806E+01   0.122926855E+04
   0.269701541E-04  -0.272704312E-02   0.308800626E+01   0.789356995E+03
   0.260963661E-04  -0.144787808E-02   0.330646348E+01   0.302817963E+03
   0.258394375E-04  -0.119802447E-03   0.332660508E+01  -0.200679855E+03
   0.260633733E-04   0.117603107E-02   0.314786482E+01  -0.689870667E+03
   0.266982388E-04   0.236357562E-02   0.278331852E+01  -0.113501294E+04
   0.279348315E-04   0.337638077E-02   0.225311542E+01  -0.150911548E+04
   0.294029287E-04   0.414530793E-02   0.159275639E+01  -0.178928296E+04
   0.311514159E-04   0.463235797E-02   0.842393100E+00  -0.195922778E+04
   0.330739858E-04   0.480741961E-02   0.474832132E-01  -0.200886951E+04
   0.348851063E-04   0.466888724E-02  -0.741385877E+00  -0.193602991E+04
   0.367754910E-04   0.422363868E-02  -0.147924554E+01  -0.174546509E+04
   0.382770668E-04   0.350568863E-02  -0.211832404E+01  -0.144957190E+04
   0.394795570E-04   0.255583273E-02  -0.262265897E+01  -0.106710095E+04
   0.403107988E-04   0.143587822E-02  -0.296124673E+01  -0.621719116E+03
   0.405755090E-04   0.219420603E-03  -0.311292601E+01  -0.140716354E+03
   0.404797138E-04  -0.101894792E-02  -0.307185531E+01   0.346000610E+03
   0.398047341E-04  -0.219959486E-02  -0.283991623E+01   0.808697571E+03
   0.386930478E-04  -0.326039572E-02  -0.243381643E+01   0.121942346E+04
   0.372466093E-04  -0.412424374E-02  -0.187892997E+01   0.155282324E+04
   0.354760487E-04  -0.474014832E-02  -0.120986176E+01   0.178940747E+04
   0.335014774E-04  -0.507612946E-02  -0.468108535E+00   0.191496436E+04
   0.315029283E-04  -0.511032436E-02   0.300047129E+00   0.192257483E+04
   0.294820602E-04  -0.484109204E-02   0.104789281E+01   0.181221497E+04
   0.276249775E-04  -0.428440329E-02   0.172994792E+01   0.159099268E+04
   0.261017776E-04  -0.347408187E-02   0.230298710E+01   0.127332019E+04
   0.249281511E-04  -0.246997783E-02   0.273336887E+01   0.879216064E+03
   0.241468588E-04  -0.132097013E-02   0.299619389E+01   0.432570831E+03
   0.238327666E-04  -0.102648060E-03   0.307561183E+01  -0.384226265E+02
   0.240799982E-04   0.110317220E-02   0.296618104E+01  -0.504901154E+03
   0.247576281E-04   0.223553204E-02   0.267727256E+01  -0.938787231E+03
   0.258309556E-04   0.321867154E-02   0.222624731E+01  -0.131316113E+04
   0.272380603E-04   0.398865016E-02   0.164189470E+01  -0.160534973E+04
   0.289959753E-04   0.450930092E-02   0.960034788E+00  -0.179830139E+04
   0.308179733E-04   0.474987226E-02   0.224082187E+00  -0.188008923E+04
   0.326846639E-04   0.468801754E-02  -0.521844983E+00  -0.184657776E+04
   0.345180306E-04   0.433612382E-02  -0.123269820E+01  -0.170018506E+04
   0.361378588E-04   0.371623319E-02  -0.186367607E+01  -0.145032288E+04
   0.374911760E-04   0.286406069E-02  -0.237684917E+01  -0.111260083E+04
   0.384144587E-04   0.184737192E-02  -0.274117255E+01  -0.708643860E+03
   0.389279412E-04   0.706093444E-03  -0.293568611E+01  -0.262658844E+03
   0.389964225E-04  -0.472862710E-03  -0.294851255E+01   0.197435791E+03
   0.384909508E-04  -0.161619240E-02  -0.277925563E+01   0.643454651E+03
   0.376508360E-04  -0.266353623E-02  -0.244105124E+01   0.104829419E+04
   0.364234293E-04  -0.354173803E-02  -0.195326567E+01   0.138666016E+04
   0.349073271E-04  -0.420537777E-02  -0.134844780E+01   0.163909155E+04
   0.331375923E-04  -0.460437126E-02  -0.661301792E+00   0.178987781E+04
   0.312279881E-04  -0.472114794E-02   0.638356358E-01   0.183019250E+04
   0.293827925E-04  -0.455880491E-02   0.782668114E+00   0.175848401E+04
   0.276642550E-04  -0.410694582E-02   0.145049584E+01   0.157841003E+04
   0.261915175E-04  -0.341435452E-02   0.202632809E+01   0.130275269E+04
   0.249795230E-04  -0.250835204E-02   0.247769547E+01   0.948130554E+03
   0.241466187E-04  -0.145312701E-02   0.277629185E+01   0.536751648E+03
   0.237715285E-04  -0.322466512E-03   0.290252447E+01   0.940063705E+02
   0.239200199E-04   0.829179422E-03   0.284929919E+01  -0.353447266E+03
   0.244964103E-04   0.192358310E-02   0.262195349E+01  -0.777518738E+03
   0.254172865E-04   0.289672241E-02   0.223719978E+01  -0.115251599E+04
   0.267633586E-04   0.368781225E-02   0.171406782E+01  -0.145565747E+04
   0.283302597E-04   0.425353739E-02   0.108915973E+01  -0.166862439E+04
   0.301310702E-04   0.455076806E-02   0.398023874E+00  -0.177841846E+04
   0.319525971E-04   0.456521567E-02  -0.315158188E+00  -0.177932764E+04
   0.337080419E-04   0.429168204E-02  -0.100538123E+01  -0.167082544E+04
   0.353103169E-04   0.377166946E-02  -0.163183236E+01  -0.146058667E+04
   0.366878958E-04   0.301260548E-02  -0.215748215E+01  -0.116148706E+04
   0.377141732E-04   0.207065418E-02  -0.254856873E+01  -0.792077332E+03
   0.383470615E-04   0.100159808E-02  -0.278213048E+01  -0.375412689E+03
   0.384792766E-04  -0.126896295E-03  -0.284390259E+01   0.629965820E+02
   0.382070066E-04  -0.124199677E-02  -0.273148394E+01   0.496028259E+03
   0.375166201E-04  -0.227342779E-02  -0.245310140E+01   0.897222717E+03
   0.364000880E-04  -0.317039923E-02  -0.202468896E+01   0.124243518E+04
   0.350237424E-04  -0.387544488E-02  -0.147350156E+01   0.151060828E+04
   0.333476892E-04  -0.434261793E-02  -0.833555341E+00   0.168532959E+04
   0.315775178E-04  -0.453603826E-02  -0.144795999E+00   0.175629956E+04
   0.297993374E-04  -0.445246231E-02   0.550514936E+00   0.171936316E+04
   0.280818640E-04  -0.409848429E-02   0.121108949E+01   0.157746851E+04
   0.265614381E-04  -0.350291398E-02   0.179566419E+01   0.133965112E+04
   0.253263188E-04  -0.268304162E-02   0.226774359E+01   0.102008032E+04
   0.244309776E-04  -0.170522940E-02   0.259967470E+01   0.639114563E+03
   0.239833444E-04  -0.627312402E-03   0.277145314E+01   0.220186172E+03
   0.239768979E-04   0.480975170E-03   0.277337480E+01  -0.210806778E+03
   0.243908526E-04   0.156003737E-02   0.260614657E+01  -0.627753723E+03
   0.251861275E-04   0.254211179E-02   0.227896643E+01  -0.100517712E+04
   0.263059119E-04   0.334745785E-02   0.181336892E+01  -0.131933704E+04
   0.277891813E-04   0.396011211E-02   0.123786974E+01  -0.155218335E+04
   0.294246074E-04   0.432522455E-02   0.590232670E+00  -0.168953870E+04
   0.311987642E-04   0.442784047E-02  -0.945047811E-01  -0.172289771E+04
   0.329914255E-04   0.425391458E-02  -0.770047963E+00  -0.165025208E+04
   0.345706467E-04   0.382085028E-02  -0.139572299E+01  -0.147689490E+04
   0.360100494E-04   0.315522705E-02  -0.193357360E+01  -0.121373096E+04
   0.370645575E-04   0.229771482E-02  -0.235349870E+01  -0.877052429E+03
   0.378222103E-04   0.130350282E-02  -0.262681031E+01  -0.487400604E+03
   0.381475220E-04   0.230074293E-03  -0.273860812E+01  -0.689365005E+02
   0.380704187E-04  -0.857343432E-03  -0.268096590E+01   0.352842407E+03
   0.373699113E-04  -0.189017120E-02  -0.245931792E+01   0.751434387E+03
   0.364806911E-04  -0.279848860E-02  -0.208750463E+01   0.110296558E+04
   0.351811323E-04  -0.353867374E-02  -0.158990145E+01   0.138614233E+04
   0.336859448E-04  -0.405483507E-02  -0.995871544E+00   0.158348010E+04
   0.319858555E-04  -0.432234351E-02  -0.339806944E+00   0.168328931E+04
   0.303145989E-04  -0.432151416E-02   0.332132310E+00   0.167959497E+04
   0.286734012E-04  -0.405327184E-02   0.982556880E+00   0.157279333E+04
   0.271514800E-04  -0.354479114E-02   0.157192218E+01   0.137022681E+04
   0.258838591E-04  -0.281823357E-02   0.206317616E+01   0.108413440E+04
   0.249377099E-04  -0.191450655E-02   0.242817640E+01   0.732059814E+03
   0.243999439E-04  -0.902179163E-03   0.264006424E+01   0.336020691E+03
   0.240768786E-04   0.167425751E-03   0.269381833E+01  -0.798161163E+02
   0.245598803E-04   0.122023036E-02   0.257844710E+01  -0.489333313E+03
   0.250779049E-04   0.219111540E-02   0.230589509E+01  -0.868126221E+03
   0.261370915E-04   0.304083549E-02   0.189438272E+01  -0.119320667E+04
   0.275171224E-04   0.369176548E-02   0.136586177E+01  -0.144390271E+04
   0.291093929E-04   0.412208913E-02   0.756236553E+00  -0.160579785E+04
   0.308359849E-04   0.429250486E-02   0.997120887E-01  -0.166873401E+04
   0.324949688E-04   0.419004355E-02  -0.560850084E+00  -0.162916492E+04
   0.339653307E-04   0.385129219E-02  -0.118348587E+01  -0.149026184E+04
   0.356043529E-04   0.325944158E-02  -0.173624873E+01  -0.125932886E+04
   0.364756270E-04   0.247113570E-02  -0.217801332E+01  -0.952228699E+03
   0.375567979E-04   0.154489116E-02  -0.248684859E+01  -0.587416321E+03
   0.378241821E-04   0.512567523E-03  -0.264255118E+01  -0.187425888E+03
   0.378742952E-04  -0.533409358E-03  -0.263457227E+01   0.223218903E+03
   0.374895826E-04  -0.156409026E-02  -0.246618128E+01   0.619978210E+03
   0.365683300E-04  -0.249039358E-02  -0.214595628E+01   0.977712341E+03
   0.355082411E-04  -0.325220404E-02  -0.169495785E+01   0.127440259E+04
   0.341054474E-04  -0.382276555E-02  -0.114155960E+01   0.149268201E+04
   0.324880457E-04  -0.415673014E-02  -0.517789185E+00   0.161908887E+04
   0.307674491E-04  -0.422368804E-02   0.136053786E+00   0.164543701E+04
   0.291895940E-04  -0.405558711E-02   0.779621482E+00   0.157164441E+04
   0.274621689E-04  -0.361596188E-02   0.137558150E+01   0.140107678E+04
   0.264224473E-04  -0.296615600E-02   0.188421941E+01   0.114519238E+04
   0.252385780E-04  -0.212955941E-02   0.227887464E+01   0.819479919E+03
   0.246794552E-04  -0.116238394E-02   0.253041983E+01   0.443784149E+03
   0.243201594E-04  -0.135109629E-03   0.262818050E+01   0.419253006E+02
   0.243867908E-04   0.899588689E-03   0.256487060E+01  -0.362038055E+03
   0.251377842E-04   0.189399871E-02   0.234194875E+01  -0.743251526E+03
   0.260678953E-04   0.275180349E-02   0.197821772E+01  -0.107797437E+04
   0.273059286E-04   0.344327465E-02   0.149245906E+01  -0.134607312E+04
   0.287737894E-04   0.393257011E-02   0.916524708E+00  -0.153161646E+04
   0.302707358E-04   0.417574635E-02   0.284414083E+00  -0.162270496E+04
   0.320868785E-04   0.415342813E-02  -0.363390446E+00  -0.161380786E+04
   0.335617478E-04   0.388632971E-02  -0.987913191E+00  -0.150619739E+04
   0.353266842E-04   0.337430020E-02  -0.155272222E+01  -0.130640015E+04
   0.362020801E-04   0.266216858E-02  -0.201732683E+01  -0.102661218E+04
   0.370697780E-04   0.178285851E-02  -0.236042166E+01  -0.684420898E+03
   0.378349796E-04   0.803295348E-03  -0.255993629E+01  -0.300767761E+03
   0.377496835E-04  -0.232634600E-03  -0.259858322E+01   0.100830116E+03
   0.376498028E-04  -0.124664872E-02  -0.247925949E+01   0.495732269E+03
   0.369410445E-04  -0.218882365E-02  -0.220739889E+01   0.859712891E+03
   0.357632489E-04  -0.298917014E-02  -0.180061769E+01   0.117042346E+04
   0.345902372E-04  -0.361239468E-02  -0.128527236E+01   0.140901599E+04
   0.329213181E-04  -0.400695065E-02  -0.690231383E+00   0.156100110E+04
   0.314021017E-04  -0.415134476E-02  -0.533341393E-01   0.161623865E+04
   0.296369672E-04  -0.403945660E-02   0.585600138E+00   0.157275708E+04
   0.280675122E-04  -0.369149400E-02   0.118702042E+01   0.143304565E+04
   0.267219712E-04  -0.311122811E-02   0.171570194E+01   0.120536816E+04
   0.256165276E-04  -0.234251190E-02   0.213820815E+01   0.904033325E+03
   0.249794593E-04  -0.143058901E-02   0.242699981E+01   0.547409851E+03
   0.246121162E-04  -0.426469982E-03   0.256874824E+01   0.157569305E+03
   0.245938900E-04   0.603151333E-03   0.255253816E+01  -0.241923477E+03
   0.249977893E-04   0.159821974E-02   0.237800288E+01  -0.625873352E+03
   0.258619912E-04   0.247221277E-02   0.205812240E+01  -0.970591125E+03
   0.268934200E-04   0.321224984E-02   0.161319935E+01  -0.125580640E+04
   0.283895461E-04   0.375085976E-02   0.106877315E+01  -0.146395825E+04
   0.298955674E-04   0.406546937E-02   0.458790064E+00  -0.158202673E+04
   0.315200596E-04   0.411714148E-02  -0.178612426E+00  -0.160260449E+04
   0.332699419E-04   0.390984723E-02  -0.805961192E+00  -0.152465405E+04
   0.347143141E-04   0.346463383E-02  -0.138174355E+01  -0.135320691E+04
   0.358243342E-04   0.282374304E-02  -0.187166905E+01  -0.109933459E+04
   0.369322079E-04   0.199057953E-02  -0.224896812E+01  -0.777880310E+03
   0.374979245E-04   0.105264876E-02  -0.248635364E+01  -0.408888611E+03
   0.378314617E-04   0.309388925E-04  -0.257199192E+01  -0.147810392E+02
   0.374651354E-04  -0.979234581E-03  -0.249689841E+01   0.379874268E+03
   0.369519403E-04  -0.193900161E-02  -0.227083850E+01   0.751129089E+03
   0.359668484E-04  -0.276704133E-02  -0.190568578E+01   0.107596851E+04
   0.347397727E-04  -0.342980167E-02  -0.142356801E+01   0.133464819E+04
   0.333501848E-04  -0.388696673E-02  -0.854609251E+00   0.151160010E+04
   0.315914913E-04  -0.410742359E-02  -0.229554743E+00   0.159582129E+04
   0.300322135E-04  -0.406759046E-02   0.405630976E+00   0.158183582E+04
   0.285731203E-04  -0.379703171E-02   0.101631546E+01   0.147119897E+04
   0.270313067E-04  -0.326779112E-02   0.156538165E+01   0.127016187E+04
   0.259389235E-04  -0.255052606E-02   0.201672697E+01   0.991374695E+03
   0.250550220E-04  -0.168086251E-02   0.234766912E+01   0.651671265E+03
   0.244967596E-04  -0.700110104E-03   0.253326321E+01   0.272514038E+03
   0.245349984E-04   0.314114644E-03   0.256227183E+01  -0.123494308E+03
   0.248520264E-04   0.131333817E-02   0.243533540E+01  -0.511963104E+03
   0.255704126E-04   0.223324611E-02   0.215818000E+01  -0.868618164E+03
   0.265494327E-04   0.301856291E-02   0.175102878E+01  -0.117231897E+04
   0.279474498E-04   0.361480983E-02   0.123431766E+01  -0.140414612E+04
   0.294708079E-04   0.399628282E-02   0.640654385E+00  -0.154956250E+04
   0.311155418E-04   0.411623809E-02   0.120487548E-01  -0.160025146E+04
   0.327081325E-04   0.399813242E-02  -0.618730843E+00  -0.155258154E+04
   0.342381136E-04   0.363278459E-02  -0.121176624E+01  -0.141016736E+04
   0.355613811E-04   0.304785254E-02  -0.173196876E+01  -0.118112061E+04
   0.366639542E-04   0.226361491E-02  -0.214430594E+01  -0.879782166E+03
   0.373510411E-04   0.135360856E-02  -0.242531919E+01  -0.524758545E+03
   0.376932621E-04   0.356982346E-03  -0.255701280E+01  -0.137567444E+03
   0.376234966E-04  -0.659623533E-03  -0.253368688E+01   0.258086884E+03
   0.371256974E-04  -0.163477333E-02  -0.235420966E+01   0.637674866E+03
   0.363547297E-04  -0.252176123E-02  -0.203131032E+01   0.978415771E+03
   0.352191237E-04  -0.325103709E-02  -0.158328640E+01   0.125875610E+04
   0.337940328E-04  -0.376591785E-02  -0.103879440E+01   0.146228833E+04
   0.321976440E-04  -0.405364856E-02  -0.429280370E+00   0.157574890E+04
   0.305857247E-04  -0.410318654E-02   0.204970300E+00   0.159294287E+04
   0.289954569E-04  -0.390641531E-02   0.826396763E+00   0.151261707E+04
   0.275153616E-04  -0.346509623E-02   0.139728880E+01   0.133962964E+04
   0.262339399E-04  -0.279385364E-02   0.188333118E+01   0.108388416E+04
   0.252891878E-04  -0.197257660E-02   0.225265527E+01   0.762686584E+03
   0.246967320E-04  -0.101907656E-02   0.248428512E+01   0.394532043E+03
   0.244946441E-04  -0.110986166E-04   0.256370664E+01   0.197540653E+01
      1  0.0 0.0 0.0
      0.0  0.0 0.0 0.0
