1.000000000000000000e+00
0.000000000000000000e+00
0.000000000000000000e+00
0.000000000000000000e+00
0.000000000000000000e+00
3.900000000000000000e+01
0.000000000000000000e+00
4.799519951999999812e-01
4.799519951999999812e-01
5.374086372137141243e-01
4.055358232322281431e-01
1.274283256367984103e-04
2.043681047847899779e-01
1.284339720716834638e-04
8.817221910117908901e-02
8.311700517576262059e-05
2.988912106926217699e-02
3.756731260850538757e-05
8.097235573081869656e-03
1.272166007023553095e-05
-3.479617699649632453e-04
-6.560213180809856512e-07
-1.506418591132024226e-03
-3.313459211049763684e-06
-1.684464587827217558e-03
-4.234372855099613574e-06
-7.491626567056320881e-04
-2.118641604769084389e-06
-5.228018252710342744e-04
-1.642759085996528429e-06
-3.050963091534552644e-05
-1.054609976748923037e-07
-8.131687952276930398e-05
-3.066138951194985196e-07
1.042332331912038579e-04
4.257765719120809951e-07
-2.268738653149159610e-05
-9.979759727414967647e-08
7.353937937859383585e-05
3.466101816920452140e-07
-3.226538340446516234e-05
-1.622089220878823964e-07
4.161436809255476669e-05
2.222878228461341406e-07
-3.421992544179926898e-05
-1.935404497356207835e-07
2.864938725640073724e-05
1.710352113232282164e-07
