! Impact-T input file
!Npcol Nprow
1 1
!Dt Ntstep Nbunch
5e-13 1000000 1
!Dim Np Flagmap Flagerr Flagdiag Flagimg Zimage
6 10000 1 0 2 1 0.02
!Nx Ny Nz Flagbc Xrad Yrad Perdlen
32 32 32 1 0.02 0.02 45.0
!Flagdist Rstartflg Flagsbstp Nemission Temission
16 0 0 400 1.2e-12
!sigx(m) sigpx muxpx xscale pxscale xmu1(m) xmu2
0.0006 0.0 0.0 1.0 1.0 0.0 0.0
!sigy(m) sigpy muxpy yscale pyscale ymu1(m) ymu2
0.0006 0.0 0.0 1.0 1.0 0.0 0.0
!sigz(m) sigpz muxpz zscale pzscale zmu1(m) zmu2
1.27e-06 0.0 0.0 1.0 1.0 0.0 0.0
!Bcurr Bkenergy Bmass Bcharge Bfreq Tini
0.12345 1.0 511005.0 -1.0 1.3e9 0.0
!=================== LATTICE ===================
0 0 0 -5 0 0 -1000.0 /!name:2d_to_3d_spacecharge

!---------------
! Gun

! 1D map (rdfata888)
! 0.150 105 20 105 0.0 30e6 0.187e9 168.9 888 0.1 0.0 0.0 0.0 0.0 0.0 0.0 /!name:SWIFEL_GUN

! 2D map (1Tv8.t7)
0.15 0 0 112 0 30e6 184648929.3352 169.0 8 0 0 0 0 0 0 /!name:SWIFEL_GUN 

! Change timestep. Particles are at-energy at this point. 
0 0 0 -4 0.0 0.0 0.10 1.0e-12 /!name:change_timestep_1  

! Marker
0 1 100 -2 0.0 0.0 0.2 /!name:M0

!---------------
! Solenoid 1
! Center at 0.17321817913611792 m

! 1D (solfRF element)
!0.4 0 0 105 -0.02678 0.0 0.0 0.0 912 0.15 0.0 0.0 0.0 0.0 0.0 0.2019127932695301 /!name:SOL1

! 2D
0.4 0 0 3 -0.02678 0.2045 912 0 0 0 0 0 0 /!name:SOL1

! Marker
0 1 101 -2 0.0 0.0 1.0 /!name:M1


!---------------
! Buncher
! center at 1.9471379962147757 m
1.347 0 0 112 1.273638 13745260.538205162 1300000000.0 423.3633207469966 9 0.0 0.0 0.0 0.0 0.0 0.0 /!name:BUNCHER9
! Max phase
!1.347 0 0 112 1.273638 13745260.538205162 1300000000.0 120.00955841117732 9 0.0 0.0 0.0 0.0 0.0 0.0 /!name:BUNCHER9

! Marker
0 1 103 -2 0.0 0.0 3.0 /!name:M3

!---------------
! Solenoid 2
! Center at 4 m 
! 1D (solfRF element)
!0.4 0 0 105 3.8 0.0 0.0 0.0 940 0.15 0.0 0.0 0.0 0.0 0.0 0.15864417339413103 /!name:SOL2
! 2D
0.4 0 0 3 3.8 0.15864417339413103 940 0 0 0 0 0 0 /!name:SOL2


! Marker
0 1 105 -2 0.0 0.0 5.0 /!name:M5

!---------------
! Cryomodule

1.347 0 0 112 5.3265 11946233.551708557 1300000000.0 242.6933565704317 9 0.0 0.0 0.0 0.0 0.0 0.0 /!name:CAV1
1.347 0 0 112 6.710100000000001 25384865.363246165 1300000000.0 278.7124210961714 9 0.0 0.0 0.0 0.0 0.0 0.0 /!name:CAV2
1.347 0 0 112 8.093699999999998 12152605.998968443 1300000000.0 248.52798504105596 9 0.0 0.0 0.0 0.0 0.0 0.0 /!name:CAV3
1.347 0 0 112 9.4773 8918661.237543773 1300000000.0 251.41553342333017 9 0.0 0.0 0.0 0.0 0.0 0.0 /!name:CAV4
! Marker
0 1 111 -2 0.0 0.0 11.0 /!name:M11
1.347 0 0 112 10.860899999999999 32000000.0 1300000000.0 246.90308697896853 9 0.0 0.0 0.0 0.0 0.0 0.0 /!name:CAV5
1.347 0 0 112 12.244499999999999 32000000.0 1300000000.0 246.890687960242 9 0.0 0.0 0.0 0.0 0.0 0.0 /!name:CAV6
1.347 0 0 112 13.628099999999996 32000000.0 1300000000.0 246.92281392338887 9 0.0 0.0 0.0 0.0 0.0 0.0 /!name:CAV7
1.347 0 0 112 15.0117 32000000.0 1300000000.0 246.97701498741253 9 0.0 0.0 0.0 0.0 0.0 0.0 /!name:CAV8

! Max phase

!1.347 0 0 112 5.3265 11946233.551708557 1300000000.0 263.3866279791442 9 0.0 0.0 0.0 0.0 0.0 0.0 /!name:CAV1
!1.347 0 0 112 6.710100000000001 25384865.363246165 1300000000.0 262.39705334054827 9 0.0 0.0 0.0 0.0 0.0 0.0 /!name:CAV2
!1.347 0 0 112 8.093699999999998 12152605.998968443 1300000000.0 262.13351611685226 9 0.0 0.0 0.0 0.0 0.0 0.0 /!name:CAV3
!1.347 0 0 112 9.4773 8918661.237543773 1300000000.0 262.00860616614057 9 0.0 0.0 0.0 0.0 0.0 0.0 /!name:CAV4
!
!! Marker
!0 1 111 -2 0.0 0.0 11.0 /!name:M11
!
!
!1.347 0 0 112 10.860899999999999 32000000.0 1300000000.0 261.94270804425895 9 0.0 0.0 0.0 0.0 0.0 0.0 /!name:CAV5
!1.347 0 0 112 12.244499999999999 32000000.0 1300000000.0 261.9479948325433 9 0.0 0.0 0.0 0.0 0.0 0.0 /!name:CAV6
!1.347 0 0 112 13.628099999999996 32000000.0 1300000000.0 261.987885856467 9 0.0 0.0 0.0 0.0 0.0 0.0 /!name:CAV7
!1.347 0 0 112 15.0117 32000000.0 1300000000.0 262.0457173868049 9 0.0 0.0 0.0 0.0 0.0 0.0 /!name:CAV8


!! Phased again
!
!1.347 0 0 112 5.3265 11946233.551708557 1300000000.0 602.7098206172234 9 0.0 0.0 0.0 0.0 0.0 0.0 /!name:CAV1
!1.347 0 0 112 6.710100000000001 25384865.363246165 1300000000.0 638.7286892855828 9 0.0 0.0 0.0 0.0 0.0 0.0 /!name:CAV2
!1.347 0 0 112 8.093699999999998 12152605.998968443 1300000000.0 608.5444161586395 9 0.0 0.0 0.0 0.0 0.0 0.0 /!name:CAV3
!1.347 0 0 112 9.4773 8918661.237543773 1300000000.0 611.4320395833125 9 0.0 0.0 0.0 0.0 0.0 0.0 /!name:CAV4
!
!! Marker
!0 1 111 -2 0.0 0.0 11.0 /!name:M11
!
!
!1.347 0 0 112 10.860899999999999 32000000.0 1300000000.0 606.9180107543841 9 0.0 0.0 0.0 0.0 0.0 0.0 /!name:CAV5
!1.347 0 0 112 12.244499999999999 32000000.0 1300000000.0 606.9070062952194 9 0.0 0.0 0.0 0.0 0.0 0.0 /!name:CAV6
!1.347 0 0 112 13.628099999999996 32000000.0 1300000000.0 606.9398002174887 9 0.0 0.0 0.0 0.0 0.0 0.0 /!name:CAV7
!1.347 0 0 112 15.0117 32000000.0 1300000000.0 606.9936923417026 9 0.0 0.0 0.0 0.0 0.0 0.0 /!name:CAV8

0 0 0 -99 0.1 0.0 0.5 /!name:stop_1

